1AVX	-54.80	-3.62	1.63	-4.04	-27.20	-19.74	-17.63	-16.51	11.50	11.37	13.20	9.48	-3.65	2.16	1.44	-0.49	11.90	20.49	20.69	20.35	-60.17	-22.57	-17.38	-16.12	0.00	18.17	18.80	15.54	-20.57	-8.70	-7.15	-6.55	0.00	8.13	7.27	6.66	0.00	-0.51	-0.52	-0.44	-6.28	-5.78	-2.97	-0.02	-6.79	0.31	1.54	2.80	2808.10	2795.51	2805.25	2769.86	9.75	1.75	5.61	6.16	-3453.90	-3236.50	-3120.11	-2975.08
1AY7	3.29	2.77	8.51	7.81	-16.09	-13.99	-13.80	-13.47	6.72	6.20	6.55	6.83	4.63	3.10	2.08	2.49	18.34	19.56	19.79	19.88	-75.92	-41.38	-25.92	-26.08	51.98	26.42	33.56	29.67	-26.04	-15.44	-11.22	-10.06	18.29	11.52	13.37	11.68	-0.72	-0.45	-0.35	-0.34	2.79	1.75	1.92	2.28	2.81	0.80	3.51	5.03	1979.25	1765.42	1929.34	1942.39	17.71	13.88	11.86	10.71	-2194.70	-1955.53	-2093.25	-2040.74
1BUH	-4.78	-2.24	3.19	5.34	-16.95	-16.29	-15.74	-15.52	4.75	8.94	8.03	7.68	-4.69	3.42	4.00	4.30	19.41	18.24	18.35	18.18	-15.02	-52.21	-40.30	-37.57	87.09	42.87	39.73	39.95	-12.25	-21.52	-15.98	-15.05	22.37	17.36	15.57	14.90	-0.26	-0.36	-0.37	-0.32	2.88	5.60	4.80	2.91	8.08	10.91	9.60	6.18	1798.15	2010.52	2095.62	2148.78	29.47	12.45	9.25	6.88	-1980.95	-2205.87	-2201.63	-2246.92
1BVN	-87.77	-11.37	-5.18	2.08	-31.07	-18.62	-17.43	-16.17	8.11	13.67	8.95	8.04	-10.04	-3.32	0.41	0.90	10.39	15.19	18.97	17.93	-149.06	-17.27	-25.72	-43.95	35.46	26.32	24.73	42.32	-25.22	-6.13	-9.98	-16.67	19.22	9.20	9.80	15.64	-0.45	-0.61	-0.53	-0.39	3.72	-4.48	-1.94	2.63	14.91	6.66	4.16	3.85	4997.00	3598.97	2706.74	2381.22	47.67	5.94	21.12	-2.11	-5212.60	-3931.44	-2873.33	-2514.06
1CLV	-10.27	-5.82	2.76	9.95	-17.87	-14.49	-13.88	-13.80	2.16	6.27	7.30	7.56	-2.93	-2.35	0.59	2.11	11.51	13.55	16.97	18.35	0.00	-3.25	-5.34	-15.04	14.96	14.86	13.70	26.81	0.00	-1.76	-2.55	-5.01	15.93	4.87	4.78	9.96	-0.76	-0.31	-0.44	-0.35	1.20	1.37	-0.91	-4.45	-0.42	2.02	-0.76	0.70	2925.73	2408.55	2171.56	2278.77	-17.51	-20.20	-0.87	-9.58	-3155.93	-2590.69	-2293.72	-2499.74
1D6R	-38.30	-10.81	-3.63	-6.04	-27.13	-17.80	-15.31	-14.13	11.29	8.93	10.18	7.65	1.49	-1.83	-1.05	-2.23	9.82	19.37	19.79	19.58	-45.65	-3.36	-8.63	-7.58	0.00	4.17	9.08	6.32	-3.08	-1.67	-3.28	-3.13	0.00	1.65	3.71	2.64	-1.23	-0.42	-0.37	-0.34	-2.47	-0.09	-0.49	-0.57	-7.69	4.05	1.89	-0.12	2932.10	2819.09	2389.54	2188.62	19.04	-0.65	5.84	0.82	-3409.00	-3196.26	-2584.05	-2393.09
1E6E	-18.17	11.94	15.27	15.23	-16.51	-18.24	-17.45	-17.11	5.09	9.17	9.60	9.04	3.42	7.66	4.87	6.90	17.28	18.64	19.36	18.69	-127.85	-68.97	-64.08	-54.06	43.75	51.82	62.25	54.15	-43.54	-28.60	-26.57	-21.74	12.49	22.46	25.29	21.44	-1.19	-0.41	-0.35	-0.39	7.98	7.84	5.09	4.69	13.83	10.81	9.28	8.85	3877.07	3127.25	2930.06	2632.72	8.88	7.65	-3.01	9.08	-4134.80	-3326.63	-3104.05	-2752.61
1EAW	-74.42	-5.39	5.39	7.61	-39.18	-17.88	-16.21	-14.24	13.44	9.19	8.67	6.98	-1.44	3.25	3.44	3.56	10.17	15.78	19.22	18.79	-74.89	-21.38	-39.36	-44.74	10.09	21.64	44.54	43.76	-14.12	-12.71	-16.28	-17.43	4.54	8.23	16.32	17.38	0.00	-0.40	-0.40	-0.32	4.94	1.49	1.58	1.90	-0.17	4.75	5.71	5.63	3185.90	2215.13	2018.86	1713.46	16.88	0.69	1.71	-2.41	-3910.60	-2576.44	-2254.95	-1875.73
1EWY	2.85	16.10	23.11	22.73	-17.74	-17.83	-17.55	-16.91	11.80	11.33	10.09	9.00	2.65	7.63	5.98	7.12	14.47	16.21	18.61	18.83	-113.93	-79.11	-59.24	-48.20	89.35	66.84	70.88	59.79	-51.40	-30.09	-22.22	-19.40	22.75	23.98	28.45	25.11	-0.17	-0.51	-0.41	-0.35	6.63	9.38	6.65	5.63	10.82	12.96	12.33	14.57	3294.30	3043.86	2793.26	2744.16	14.41	12.89	4.05	2.03	-3470.50	-3212.32	-2952.23	-2762.69
1EZU	-71.41	1.01	7.15	5.47	-37.51	-18.93	-18.33	-17.74	5.79	10.04	10.75	10.76	-13.27	3.14	4.73	3.36	10.04	18.41	19.45	19.61	-17.54	-25.80	-31.19	-27.09	36.37	28.62	34.39	31.97	-16.75	-10.28	-12.92	-10.60	18.92	11.68	13.49	12.72	-0.69	-0.42	-0.42	-0.42	-3.57	1.10	3.49	5.12	2.30	12.30	13.22	13.38	4816.30	3567.22	3375.43	3342.76	-48.16	-13.99	-2.99	8.41	-5066.80	-3733.50	-3410.58	-3324.62
1F34	-69.47	-2.44	-1.77	9.69	-30.41	-19.69	-18.74	-18.13	14.80	19.13	11.10	10.07	-15.90	-2.32	-0.11	3.29	12.59	17.92	18.87	20.08	-22.07	-12.93	-18.08	-24.64	0.00	19.69	26.21	38.48	-6.10	-6.21	-7.45	-10.56	0.00	8.30	11.01	15.69	0.00	-0.49	-0.47	-0.46	-24.44	-8.44	-6.35	-4.38	-15.75	-5.87	-1.63	2.97	8404.95	4584.94	3980.58	3406.35	7.49	7.93	7.64	22.54	-8370.60	-4490.32	-4037.52	-3527.27
1F51	-8.05	15.00	21.39	22.22	-22.95	-19.14	-17.28	-16.66	13.53	10.39	8.43	7.95	5.88	9.14	7.94	8.97	16.58	18.04	19.42	19.57	-60.76	-49.42	-54.83	-65.63	31.30	53.06	66.69	68.07	-17.64	-20.22	-21.81	-25.43	22.30	21.98	26.75	25.35	-0.68	-0.47	-0.43	-0.40	6.19	8.99	8.12	8.53	9.78	13.00	12.72	12.47	3857.92	3071.20	2620.94	2230.18	18.06	10.31	14.93	13.34	-3877.70	-3166.94	-2699.16	-2327.17
1FLE	-24.24	8.25	5.07	9.76	-21.48	-13.04	-11.98	-11.55	5.75	12.85	8.55	7.90	-7.65	-1.58	-0.84	2.21	21.35	20.12	21.13	20.48	0.00	0.00	0.00	0.00	0.00	5.24	2.41	3.49	0.00	0.00	0.00	0.00	0.00	1.26	0.79	1.33	-1.04	-0.33	-0.49	-0.57	5.44	6.17	1.96	1.23	-3.00	1.52	-0.73	1.17	3125.45	2374.30	2268.96	2058.41	-10.94	-21.97	-15.88	-14.92	-3422.30	-2561.78	-2414.76	-2166.82
1GL1	-23.29	0.45	8.28	11.91	-18.66	-11.15	-11.10	-11.31	8.25	6.25	5.75	5.68	-6.99	-1.42	1.99	3.25	11.63	16.33	18.90	17.86	0.00	0.00	0.00	0.00	0.00	2.02	5.63	10.94	0.00	0.00	0.00	0.00	0.00	1.02	1.99	4.61	-0.48	-0.46	-0.52	-0.44	0.90	1.15	0.35	4.27	-3.12	-1.48	0.69	6.96	3123.55	2369.18	2222.24	2135.65	-15.00	-11.37	-7.15	-2.91	-3309.62	-2521.27	-2298.19	-2237.54
1GLA	-6.89	34.08	42.87	37.76	-11.63	-12.83	-13.11	-13.07	9.74	7.10	8.37	11.08	-6.44	8.79	7.90	6.68	19.14	21.62	21.04	20.50	0.00	0.00	0.00	0.00	0.00	37.98	60.29	49.63	0.00	0.00	0.00	0.00	0.00	14.03	21.53	17.86	-0.27	-0.53	-0.42	-0.48	8.15	12.02	14.49	12.28	-1.58	11.26	17.54	15.56	2283.50	2934.39	3036.65	3135.38	12.27	29.72	30.36	23.92	-2412.60	-3103.42	-3199.10	-3186.64
1GXD	-27.21	40.10	76.45	78.80	-30.72	-14.21	-14.74	-14.26	7.08	32.53	79.08	72.12	-7.63	6.78	6.89	8.98	21.24	19.90	18.55	19.94	0.00	0.00	0.00	0.00	40.73	17.89	22.59	29.05	0.00	0.00	0.00	0.00	7.14	9.58	9.24	11.53	-2.50	-0.59	-0.62	-0.70	1.59	8.69	5.82	3.61	-1.05	10.45	10.33	12.90	3712.60	3504.46	3907.58	4036.85	1.15	-14.69	-20.22	-11.77	-3927.50	-3822.15	-4315.40	-4512.09
1HIA	-98.45	-14.48	-3.19	10.91	-31.96	-17.65	-15.91	-14.37	2.69	9.35	10.28	7.11	-16.67	-2.70	-0.35	3.46	4.44	18.16	19.47	18.48	-58.82	-25.68	-30.86	-27.28	0.00	16.23	22.60	30.93	-16.86	-11.98	-11.65	-10.25	0.00	7.54	8.98	12.92	-1.24	-0.37	-0.35	-0.34	7.55	5.37	9.03	7.31	3.40	9.17	11.79	13.17	3256.60	2271.19	2229.84	1960.13	0.36	-1.93	4.52	4.03	-3621.00	-2500.41	-2376.20	-2131.37
1JTD	-24.39	7.13	9.76	12.65	-22.48	-19.40	-18.40	-17.50	10.98	10.69	10.08	9.35	-0.04	4.16	5.15	5.73	22.34	20.99	20.61	20.49	-60.77	-38.56	-39.56	-39.37	31.06	41.55	41.01	39.58	-15.24	-16.34	-15.76	-15.94	6.06	16.72	16.56	15.89	-1.25	-0.65	-0.52	-0.46	-3.35	-3.46	-2.45	-1.70	0.47	-3.06	0.04	3.45	3595.60	3263.10	3192.36	3182.04	-8.61	7.15	14.17	22.31	-3961.70	-3651.64	-3496.92	-3430.30
1JTG	-16.99	23.32	21.80	17.79	-32.71	-14.43	-13.91	-13.12	8.94	8.06	7.92	7.45	7.36	5.64	5.91	5.31	17.04	20.44	20.52	20.66	0.00	0.00	0.00	0.00	16.70	27.81	22.33	14.18	0.00	0.00	0.00	0.00	0.00	10.36	8.36	5.57	-1.91	-0.69	-0.63	-0.54	-7.50	-3.30	-1.97	-1.56	-21.64	0.53	2.97	2.69	5514.90	3652.50	3329.74	3017.56	64.47	30.07	23.33	14.17	-5265.80	-3778.21	-3465.73	-3255.53
1JWH	-28.84	31.18	30.53	43.62	-30.42	-15.11	-15.16	-15.31	17.16	23.47	13.39	20.86	-15.59	7.98	8.66	9.96	26.61	19.92	21.14	20.75	0.00	0.00	0.00	0.00	0.00	16.47	27.37	40.06	0.00	0.00	0.00	0.00	13.05	5.78	10.75	15.39	-1.27	-0.55	-0.64	-0.73	14.12	8.90	6.56	4.00	10.84	11.01	10.61	11.06	3711.70	3010.57	3195.53	3170.15	-8.94	-6.99	-10.25	-13.55	-4104.70	-3391.29	-3591.41	-3578.59
1MAH	-75.90	-13.07	0.77	-2.37	-29.66	-18.09	-16.29	-15.77	9.34	10.33	10.44	8.03	-13.35	-0.32	1.57	-0.70	16.73	16.64	18.15	18.43	0.00	-39.40	-38.75	-27.71	0.00	28.58	36.78	28.75	-12.61	-15.41	-15.60	-10.89	6.81	11.93	15.18	11.05	-2.64	-0.50	-0.46	-0.47	-9.17	-1.36	-2.92	-2.40	0.38	6.58	2.64	5.11	3036.90	2613.76	2606.82	2605.62	8.16	19.04	22.05	27.33	-3469.60	-2982.17	-2843.58	-2946.06
1OC0	-5.77	4.98	14.97	20.57	-13.28	-12.92	-11.23	-10.59	9.04	8.17	6.26	5.54	-2.97	0.46	2.22	5.66	15.29	17.87	17.81	19.09	0.00	0.00	0.00	0.00	0.00	6.88	19.85	17.18	0.00	0.00	0.00	0.00	0.00	2.63	7.34	6.65	-0.68	-0.43	-0.47	-0.45	6.43	6.60	4.89	4.35	1.24	2.75	1.53	3.47	1499.95	1720.31	1852.49	1766.72	4.45	2.21	-12.34	-13.35	-1609.40	-1806.08	-1955.44	-1879.85
1OPH	-2.16	15.16	20.12	20.54	-17.93	-14.08	-13.70	-12.84	2.14	9.50	10.95	7.65	-2.41	7.10	7.71	8.00	37.03	20.42	20.62	20.99	0.00	0.00	0.00	0.00	0.00	3.98	7.41	9.44	0.00	0.00	0.00	0.00	0.00	1.49	3.04	3.92	-1.40	-0.71	-0.68	-0.67	-2.91	0.25	-0.37	-0.00	-5.50	7.92	6.11	4.10	2821.40	3460.26	3498.14	3484.94	-13.75	9.30	20.11	25.03	-3053.70	-3653.38	-3720.92	-3633.38
1OYV	-34.10	1.96	9.04	15.99	-22.33	-14.45	-13.52	-12.65	8.43	9.99	8.16	7.10	-10.60	-0.49	2.37	5.42	14.95	19.16	20.56	21.21	0.00	0.00	0.00	0.00	0.00	4.24	7.55	10.13	0.00	0.00	0.00	0.00	0.00	1.51	2.91	4.01	-1.58	-0.82	-0.70	-0.66	-17.59	-13.30	-4.87	0.64	-12.20	-7.00	-1.70	3.51	4791.87	3693.34	3088.28	2553.51	-10.70	-2.86	7.56	13.43	-5872.40	-4502.63	-3659.67	-2940.91
1PPE	-59.02	-12.67	-4.71	1.95	-18.33	-14.59	-13.41	-12.85	1.37	6.05	6.42	6.44	-8.12	-1.91	-0.62	1.57	9.90	16.48	18.35	18.48	-45.56	-6.62	-14.77	-19.36	4.99	5.45	15.75	14.77	-6.67	-3.78	-6.16	-6.54	2.23	3.65	6.23	5.29	-1.73	-0.36	-0.32	-0.29	6.18	7.16	6.17	6.66	-3.14	2.56	3.72	7.74	2273.30	1933.11	1695.98	1619.62	-18.14	-20.41	-11.66	-5.88	-2562.70	-2251.80	-1927.50	-1853.67
1R0R	-15.05	4.88	15.16	8.10	-13.28	-13.24	-11.78	-11.33	3.52	7.53	6.92	5.91	-6.45	1.21	4.00	0.74	15.37	18.50	21.08	19.21	0.00	0.00	0.00	0.00	0.00	3.39	9.23	9.12	0.00	0.00	0.00	0.00	0.00	1.96	3.36	3.08	-0.37	-0.72	-0.58	-0.54	-8.59	-9.16	-2.05	-4.76	-1.86	-1.67	1.21	-4.12	2856.87	2942.16	2345.15	2133.87	-15.32	-4.54	-0.03	1.74	-3257.37	-3382.94	-2555.34	-2327.57
1TMQ	-74.05	-4.38	2.14	5.38	-37.52	-19.25	-18.52	-18.91	21.59	11.26	10.19	10.26	-19.88	1.08	2.49	5.42	23.78	21.25	21.76	19.57	-66.00	-34.29	-41.30	-46.67	69.56	28.03	34.10	36.44	-27.16	-13.99	-15.94	-19.16	13.04	10.64	13.96	15.13	-1.77	-0.48	-0.53	-0.48	-5.62	-2.68	-4.84	-3.08	-9.87	1.36	0.40	4.88	4783.60	3313.23	3119.92	3011.93	-3.64	3.88	18.89	19.72	-5596.80	-3872.57	-3585.14	-3381.73
1UDI	-53.20	-12.74	-2.87	16.16	-22.05	-16.89	-16.28	-15.83	7.52	9.10	8.36	8.01	-2.79	1.08	3.33	7.68	17.93	19.02	19.25	18.67	-46.95	-31.50	-49.30	-72.20	0.00	13.34	30.31	58.59	-26.20	-11.77	-20.39	-28.91	0.00	5.79	12.09	21.88	0.00	-0.36	-0.40	-0.32	-10.70	-4.08	2.37	5.46	-13.39	-0.66	4.98	9.35	4110.15	2760.28	2419.50	2115.33	48.90	22.31	22.69	19.48	-4207.95	-2948.83	-2538.50	-2232.18
1WDW	-32.04	29.93	38.62	44.90	-47.67	-14.40	-14.34	-14.04	10.80	8.69	10.58	8.31	7.85	8.79	12.05	14.20	17.72	20.74	20.67	21.27	0.00	0.00	0.00	0.00	10.82	27.75	32.89	42.76	0.00	0.00	0.00	0.00	5.65	12.73	12.97	15.63	-0.79	-0.60	-0.54	-0.55	1.25	7.80	10.88	12.44	-7.08	10.25	14.93	19.94	5494.70	2961.95	3012.22	2750.69	48.58	18.94	19.83	24.85	-5898.30	-3186.69	-3229.98	-2997.42
1YVB	-12.70	12.68	22.48	32.32	-21.65	-13.06	-12.93	-13.19	10.74	6.84	8.67	9.95	-17.22	3.55	6.26	8.70	9.05	18.77	19.55	19.80	0.00	0.00	0.00	0.00	66.05	15.47	22.17	32.83	0.00	0.00	0.00	0.00	25.08	5.20	7.94	12.07	-0.27	-0.47	-0.50	-0.55	-0.45	6.10	6.75	5.89	-3.69	7.28	7.83	8.24	4076.70	2856.14	2357.59	1938.57	7.71	6.31	4.31	0.10	-4385.90	-3054.26	-2507.64	-2072.75
1Z5Y	-16.85	11.95	18.95	24.19	-16.19	-12.62	-12.44	-12.32	4.33	7.37	7.12	6.67	-7.62	2.39	5.27	7.64	23.69	20.78	21.45	21.54	0.00	0.00	0.00	0.00	0.00	11.46	14.82	19.17	0.00	0.00	0.00	0.00	0.00	5.18	6.24	6.97	-0.31	-0.49	-0.50	-0.44	-8.98	-2.60	1.16	2.35	0.27	1.54	6.46	8.76	2548.90	2472.13	2667.90	2708.41	-4.72	12.23	16.14	17.36	-2416.60	-2286.27	-2400.27	-2419.72
2A9K	-23.47	33.22	35.64	34.82	-29.25	-12.49	-12.33	-12.23	3.54	7.82	9.17	7.64	3.96	11.20	11.42	11.76	17.73	21.34	21.75	21.91	0.00	0.00	0.00	0.00	0.00	24.16	25.11	24.00	0.00	0.00	0.00	0.00	0.00	9.00	9.16	9.11	-0.98	-0.56	-0.58	-0.60	3.99	2.28	4.28	5.74	4.13	7.44	9.24	10.71	3060.40	2763.84	2659.89	2558.29	-5.18	5.98	12.14	15.17	-3416.10	-2903.67	-2730.67	-2556.06
2ABZ	-1.96	1.08	7.19	14.32	-13.57	-11.99	-11.59	-12.00	7.06	6.69	6.20	7.62	-6.00	-2.78	-0.27	2.28	16.80	18.48	19.73	20.35	0.00	0.00	0.00	0.00	33.10	4.87	10.40	16.88	0.00	0.00	0.00	0.00	2.46	3.30	3.96	5.20	-0.24	-0.54	-0.46	-0.45	-4.21	-2.48	-1.81	-2.67	-1.84	-3.17	1.51	5.47	3259.43	2813.70	2399.54	2410.31	22.35	17.10	13.61	6.36	-3137.32	-2738.07	-2312.80	-2327.14
2AYO	25.28	30.84	25.94	31.74	-15.92	-6.49	-8.01	-8.47	6.25	13.42	10.08	7.42	7.01	5.35	5.15	6.96	16.64	15.27	18.08	17.82	0.00	0.00	0.00	0.00	46.22	18.67	17.54	31.17	0.00	0.00	0.00	0.00	15.97	6.45	5.70	10.61	-0.31	-0.27	-0.32	-0.35	14.26	8.25	8.03	3.76	19.13	13.71	12.83	8.80	4689.53	3397.94	2369.18	2243.64	-9.60	2.72	-0.29	14.85	-4508.53	-3363.90	-2525.26	-2528.88
2B42	-1.62	9.89	7.73	9.51	-23.60	-14.98	-14.03	-12.91	8.36	12.42	8.96	8.31	3.76	2.70	2.59	3.35	21.68	19.83	20.60	21.33	0.00	0.00	0.00	0.00	13.53	7.54	4.21	2.24	0.00	0.00	0.00	0.00	4.78	2.49	1.80	0.98	-1.21	-0.74	-0.70	-0.68	-20.60	-17.71	-12.98	-11.75	-10.26	-8.08	-6.41	-6.08	5909.67	4728.73	4069.40	3407.54	20.82	17.30	15.55	12.32	-5018.98	-4252.98	-3765.95	-3276.52
2GAF	-8.20	13.18	14.06	15.26	-43.69	-19.89	-18.83	-17.26	24.39	14.24	11.57	10.59	18.04	8.20	8.25	7.58	18.89	19.62	19.90	20.10	-60.64	-46.23	-47.11	-48.96	66.04	47.19	48.46	49.40	-46.12	-19.91	-20.23	-19.65	31.28	20.10	20.20	19.43	-1.90	-0.53	-0.49	-0.47	15.20	5.17	4.74	4.49	20.65	9.96	9.79	9.10	6985.60	3144.15	2938.40	2733.74	22.26	1.55	1.41	3.18	-7397.70	-3401.39	-3215.65	-3024.10
2J0T	-25.75	3.09	12.29	8.96	-17.75	-13.64	-13.45	-12.75	4.98	8.86	14.48	7.39	-7.99	-0.90	1.14	1.98	14.73	20.51	20.63	19.96	0.00	0.00	0.00	0.00	0.00	6.95	6.97	8.91	0.00	0.00	0.00	0.00	0.00	1.97	2.75	2.89	-0.32	-0.75	-0.61	-0.58	-9.18	-7.63	-2.14	-0.58	-9.75	-2.44	0.97	2.05	2879.00	3019.47	2572.15	2035.03	-7.80	-9.71	-2.00	3.15	-3242.80	-3407.62	-2804.18	-2111.96
2MTA	-22.20	6.56	12.75	20.30	-20.05	-17.10	-16.56	-16.34	11.34	10.27	8.86	9.19	-5.71	2.92	4.90	4.45	14.96	17.91	18.54	18.87	-40.99	-47.09	-50.30	-59.93	48.71	53.74	54.89	70.51	-9.36	-19.09	-20.03	-23.08	17.06	19.49	20.81	27.66	-0.37	-0.35	-0.31	-0.38	-8.57	-1.03	1.51	4.82	5.03	9.83	10.89	12.50	3973.40	3441.74	3268.41	3125.41	32.41	18.50	13.32	10.59	-3974.07	-3373.29	-3181.21	-3157.15
2O8V	-8.42	11.99	20.48	33.93	-15.82	-11.55	-12.39	-12.14	8.80	5.12	6.78	7.02	-8.00	2.17	5.30	8.63	15.41	19.84	20.02	20.35	0.00	0.00	0.00	0.00	17.62	14.06	21.12	37.96	0.00	0.00	0.00	0.00	8.27	5.44	8.37	13.58	0.00	-0.42	-0.36	-0.41	3.77	7.72	5.77	7.64	-0.96	8.56	8.58	13.29	2669.30	2172.42	2385.14	2382.88	-29.71	-20.94	3.00	9.71	-2751.17	-2282.13	-2507.60	-2454.31
2OOB	6.37	10.79	24.27	31.49	-8.83	-10.09	-10.10	-9.78	7.02	4.91	4.92	4.28	-0.95	2.27	5.09	8.18	21.34	20.89	20.89	20.78	0.00	0.00	0.00	0.00	0.00	5.80	24.52	31.68	0.00	0.00	0.00	0.00	0.00	2.72	9.16	10.47	0.00	-0.23	-0.29	-0.41	5.49	5.72	7.08	6.84	16.90	8.86	9.65	9.02	1564.75	1529.88	1481.31	1363.56	28.92	19.65	13.41	8.77	-1479.40	-1519.56	-1524.78	-1426.61
2OOR	-51.19	20.04	26.76	29.71	-33.53	-13.57	-12.66	-12.57	10.52	7.56	10.03	8.25	-15.75	6.67	6.12	7.85	20.76	19.85	20.00	20.51	0.00	0.00	0.00	0.00	0.00	17.45	27.15	29.62	0.00	0.00	0.00	0.00	5.40	6.37	10.13	10.95	-1.97	-0.51	-0.46	-0.47	-13.90	0.93	2.07	3.86	-11.88	6.52	9.58	9.69	4945.40	3183.07	2821.00	2810.22	9.29	7.97	6.11	18.90	-5799.30	-3502.72	-3116.50	-3083.34
2OUL	-29.68	19.61	23.89	26.19	-22.61	-13.36	-13.03	-12.73	10.27	12.56	11.32	9.80	-9.72	2.77	5.44	6.41	13.13	20.90	21.48	20.31	0.00	0.00	0.00	0.00	0.00	17.51	20.64	24.86	0.00	0.00	0.00	0.00	3.27	7.46	7.27	9.39	-1.21	-0.39	-0.51	-0.55	-12.32	-3.73	1.01	3.12	-9.57	0.43	6.17	8.71	3174.80	2778.31	2731.67	2578.79	-9.05	-6.94	0.74	11.81	-3625.60	-3121.49	-2975.71	-2681.01
2SIC	-39.88	-4.82	-0.67	-1.05	-20.79	-17.23	-17.05	-15.07	11.38	9.04	9.14	8.03	-15.02	-0.88	0.77	-0.20	10.48	19.93	20.85	20.11	-5.25	-12.43	-17.61	-10.56	37.10	15.94	18.12	11.44	-7.29	-5.34	-7.30	-4.42	0.00	6.29	7.41	4.40	-0.43	-0.45	-0.45	-0.38	-7.62	-10.08	-7.89	-10.86	-7.27	-4.72	-4.80	-8.20	2777.90	3278.66	3092.43	3103.05	-28.78	3.71	9.02	17.22	-3190.35	-3727.13	-3333.94	-3149.82
2SNI	-32.18	-8.83	-0.23	5.43	-17.93	-15.82	-14.53	-13.31	11.22	8.54	7.78	6.82	-11.62	-1.29	0.98	3.77	10.82	18.51	19.78	19.07	0.00	-21.51	-17.57	-17.15	14.28	15.16	19.60	15.98	0.00	-9.04	-7.59	-6.52	4.48	7.73	7.97	6.66	-0.72	-0.39	-0.32	-0.29	0.56	1.11	1.91	2.58	-5.28	2.14	0.68	5.10	2716.80	2754.18	2319.24	2067.81	-15.98	5.99	9.97	11.88	-2902.63	-3016.96	-2435.45	-2240.57
2UUY	-43.94	5.53	10.44	1.68	-25.65	-12.42	-11.58	-11.79	2.06	7.29	6.57	6.80	-7.15	1.43	3.26	-1.48	8.18	20.66	21.34	20.85	0.00	0.00	0.00	0.00	0.00	0.38	2.82	1.58	0.00	0.00	0.00	0.00	0.00	0.52	0.90	0.57	-1.17	-0.78	-0.64	-0.53	4.49	3.12	1.28	-5.41	-4.48	1.54	0.85	-2.92	2846.50	2696.42	2323.72	2400.68	8.62	-5.78	-2.60	-1.96	-3145.50	-2964.50	-2467.02	-2625.17
2YVJ	-27.71	10.65	11.50	10.81	-18.61	-20.63	-17.81	-16.94	8.76	10.87	9.26	9.02	-1.02	9.86	5.54	4.26	14.11	17.08	18.95	18.46	-77.53	-80.14	-56.20	-60.06	28.06	58.54	54.31	59.15	-12.61	-34.64	-23.21	-24.43	7.18	25.43	21.35	24.28	0.00	-0.51	-0.41	-0.42	-0.03	3.55	2.21	3.11	4.35	11.69	10.17	10.14	2550.20	3663.53	2966.41	2734.54	22.38	31.64	12.60	13.42	-2766.55	-3868.45	-3136.44	-2843.76
3A4S	-23.59	3.42	13.71	12.47	-18.20	-15.39	-14.71	-13.85	5.50	7.39	7.13	6.90	6.54	4.33	6.28	5.69	26.79	19.54	19.43	18.89	-130.04	-51.09	-49.17	-38.06	2.71	40.15	48.48	37.40	-51.47	-19.58	-18.24	-14.03	5.07	12.55	16.50	13.76	0.00	-0.32	-0.34	-0.32	9.88	3.57	4.49	4.01	15.80	10.51	10.17	7.77	2336.40	1950.73	1953.49	1922.85	-0.41	-8.39	-0.34	2.26	-2365.40	-2011.36	-2051.41	-2031.92
3K75	-8.89	12.41	21.90	21.88	-15.67	-17.06	-17.68	-17.33	6.25	9.28	8.98	8.55	-0.65	6.78	9.95	9.89	20.11	18.98	18.63	18.88	-7.58	-62.82	-67.45	-70.22	33.93	58.61	68.88	66.01	-10.62	-23.42	-27.54	-27.81	10.77	21.39	27.66	26.89	-0.45	-0.41	-0.53	-0.51	-1.61	-2.05	0.50	-0.03	-1.02	4.97	7.69	8.41	2909.90	2663.49	2770.38	2614.44	17.98	7.60	22.57	17.43	-2895.85	-2784.03	-2844.03	-2715.03
3PC8	4.52	12.60	4.44	3.43	-11.38	-14.84	-14.08	-13.21	4.73	7.21	6.95	6.73	2.42	4.38	2.73	1.53	19.45	19.55	19.23	19.18	-7.24	-64.75	-44.93	-29.03	42.36	71.58	43.50	29.89	-24.98	-27.46	-17.72	-11.37	15.70	27.04	17.30	11.75	0.00	-0.28	-0.32	-0.27	0.07	7.02	3.73	-0.11	-1.95	7.10	6.59	5.52	1593.65	1898.12	1861.30	1952.28	-10.93	-3.41	-5.67	-9.73	-1509.15	-1945.14	-1937.45	-2090.03
3SGQ	1.55	7.37	14.64	2.97	-14.98	-14.12	-11.88	-11.25	8.98	7.87	10.27	5.58	3.43	2.95	3.64	-1.01	16.46	17.90	19.78	18.77	0.00	0.00	0.00	0.00	0.00	6.54	6.65	4.85	0.00	0.00	0.00	0.00	0.00	3.28	2.73	2.70	-0.61	-0.68	-0.70	-0.52	-13.80	-7.68	-4.60	-5.27	-8.34	-2.57	-1.17	-3.43	3347.72	2808.46	2341.25	2074.12	10.21	8.85	10.17	6.88	-3443.50	-2864.26	-2375.90	-2129.56
3VLB	-112.58	-7.62	-5.76	-0.71	-29.77	-18.25	-17.71	-16.81	12.44	10.53	10.83	10.00	-4.20	-0.47	-0.17	1.38	19.77	18.93	19.33	20.27	-319.81	-17.93	-21.23	-27.35	0.00	9.82	11.78	16.02	-55.58	-8.17	-8.97	-10.65	0.00	5.20	5.09	6.59	-0.80	-0.63	-0.68	-0.68	-32.40	-21.15	-16.70	-11.74	-22.66	-14.06	-11.74	-10.33	6657.55	4567.89	4147.14	3791.26	-12.19	6.75	13.27	29.06	-6565.75	-4577.46	-4075.23	-3600.93
4CPA	-7.49	-1.15	6.72	12.99	-16.09	-12.38	-11.37	-10.03	7.62	7.61	6.13	5.11	-4.09	-2.32	0.77	3.74	12.96	15.84	18.75	18.80	0.00	0.00	0.00	0.00	9.26	3.31	7.17	6.50	0.00	0.00	0.00	0.00	7.97	2.19	2.71	3.30	-0.27	-0.59	-0.40	-0.44	-0.93	0.36	-1.09	-1.77	-0.45	-0.13	-1.29	2.52	2477.68	2140.46	1862.18	1629.09	-4.78	-2.75	1.46	-8.98	-2751.47	-2383.48	-2009.25	-1782.27
4HX3	-17.19	-1.85	-0.47	0.70	-28.46	-17.46	-16.85	-16.09	21.61	9.90	9.59	8.65	-2.45	0.61	0.87	1.13	26.31	19.14	19.34	19.51	0.00	-21.39	-19.75	-17.15	4.26	23.16	22.93	21.43	-3.08	-10.11	-8.45	-6.96	2.21	10.80	9.55	7.85	-0.37	-0.40	-0.44	-0.44	-11.88	-10.13	-9.58	-10.62	-17.07	-7.17	-6.35	-8.22	3660.80	3096.19	2888.32	2698.55	-11.48	8.40	9.73	15.60	-3762.95	-3295.52	-3109.54	-2969.37
7CEI	-1.78	11.68	21.47	25.88	-13.53	-15.78	-14.74	-14.42	5.47	7.58	7.40	6.86	8.17	11.27	9.79	10.61	16.52	19.88	19.93	20.26	-77.79	-89.30	-71.01	-64.53	28.75	37.71	56.22	56.00	-31.31	-34.36	-26.75	-24.59	6.98	16.28	20.96	21.45	-0.25	-0.43	-0.36	-0.35	-0.50	0.29	1.61	1.76	-1.14	3.37	7.46	10.56	2243.70	2087.76	1943.07	1883.45	-5.24	-6.74	-7.42	-9.52	-2392.03	-2250.18	-2162.38	-2129.61
1AKJ	30.17	24.91	22.42	24.10	-20.21	-20.15	-19.18	-18.97	12.34	16.36	12.40	13.40	22.02	9.98	9.56	9.03	23.20	18.74	18.89	19.13	-118.92	-60.27	-62.23	-70.22	51.67	60.81	62.70	70.50	-42.00	-25.76	-25.77	-30.17	18.62	26.67	26.32	28.96	-0.17	-0.59	-0.52	-0.50	-1.53	-0.83	-0.18	0.56	8.33	7.81	9.24	10.00	3866.20	3724.38	3185.39	3009.47	-10.97	11.31	12.14	9.93	-3666.50	-3805.43	-3283.14	-3113.24
1EFN	7.80	17.63	13.55	7.03	-11.71	-10.22	-10.48	-10.19	4.74	5.33	5.57	5.14	-1.86	4.00	0.40	-0.99	22.13	20.41	20.44	20.19	0.00	0.00	0.00	0.00	13.94	13.01	17.15	8.96	0.00	0.00	0.00	0.00	4.34	4.20	6.75	3.48	-0.81	-0.25	-0.44	-0.39	-2.76	3.44	4.99	4.71	2.04	6.63	7.32	8.24	1660.93	1592.10	1768.92	1970.10	-2.72	6.62	12.74	20.11	-1789.93	-1706.70	-1901.84	-2071.48
1FCC	17.52	23.08	26.01	24.06	-15.32	-12.64	-12.43	-11.27	9.80	7.34	7.65	7.31	5.82	6.27	8.83	8.03	17.25	19.17	16.69	18.59	0.00	0.00	0.00	0.00	25.55	28.72	25.95	18.64	0.00	0.00	0.00	0.00	7.64	8.60	9.06	6.50	-0.53	-0.61	-0.61	-0.58	3.13	2.45	2.69	1.44	0.58	3.37	5.50	3.19	2600.65	2484.22	2588.27	2317.93	2.10	2.82	14.23	4.72	-2555.25	-2435.44	-2547.77	-2164.72
1FFW	11.12	18.02	23.78	30.28	-11.24	-10.87	-10.65	-10.70	5.00	5.30	5.75	5.53	1.15	3.93	2.88	4.55	19.36	19.27	19.85	21.09	0.00	0.00	0.00	0.00	3.96	22.46	35.18	41.94	0.00	0.00	0.00	0.00	8.17	6.24	11.45	14.13	-0.30	-0.47	-0.32	-0.46	8.75	7.64	6.66	4.95	8.25	9.19	8.18	6.75	2010.47	2063.21	1935.01	2072.40	2.37	14.29	9.09	18.00	-2061.32	-2143.93	-1993.31	-2047.18
1GCQ	-32.73	-8.28	-2.41	-0.48	-18.57	-13.95	-13.46	-13.41	7.34	7.00	6.65	6.51	-7.18	-1.66	-0.21	1.08	24.39	19.96	19.44	19.78	0.00	-15.74	-16.40	-24.26	0.00	16.08	20.21	19.22	0.00	-7.28	-6.57	-8.16	2.65	5.71	7.41	7.96	-0.15	-0.21	-0.24	-0.37	-2.18	-3.50	-3.05	-2.57	-3.51	-2.70	0.12	2.72	1952.95	1787.99	1710.91	1634.61	3.27	-1.47	-1.47	1.14	-1839.95	-1749.01	-1695.06	-1665.18
1GPW	3.31	24.84	35.27	46.95	-24.16	-13.55	-13.27	-13.08	13.18	7.32	8.40	7.13	5.78	6.79	8.99	10.82	18.34	22.65	21.60	20.73	0.00	0.00	0.00	0.00	0.00	23.89	37.46	60.38	0.00	0.00	0.00	0.00	4.37	8.95	14.10	21.79	-0.60	-0.50	-0.52	-0.52	3.18	5.27	7.56	9.78	6.02	8.13	12.10	15.62	4717.03	2811.12	2592.57	2341.14	35.07	21.66	25.09	24.48	-4933.60	-2924.30	-2683.19	-2389.14
1H9D	-11.25	16.75	28.40	31.55	-22.25	-11.99	-11.97	-11.92	10.18	7.89	13.99	11.50	-0.12	4.45	7.26	8.61	15.81	20.83	20.71	20.53	0.00	0.00	0.00	0.00	10.08	11.74	16.12	23.76	0.00	0.00	0.00	0.00	3.10	4.19	6.42	8.22	-1.43	-0.55	-0.52	-0.53	-8.39	-2.89	1.81	4.89	-3.39	0.79	5.68	8.53	4058.85	2870.84	2475.98	2205.62	19.84	15.68	12.87	6.93	-3976.90	-2787.22	-2463.81	-2233.09
1KLU	-24.18	18.41	19.76	20.41	-18.56	-19.90	-19.17	-18.75	4.72	11.83	11.31	11.68	1.03	8.56	9.09	9.47	19.75	21.76	20.42	19.83	-118.64	-47.43	-54.47	-54.00	16.70	50.14	57.41	55.57	-21.63	-21.74	-23.49	-22.99	20.04	20.91	23.57	23.14	-0.42	-0.49	-0.43	-0.46	5.06	6.87	6.14	3.91	-2.66	11.78	11.84	10.33	2039.80	3281.81	3167.30	3170.83	12.87	16.52	14.33	9.68	-2105.80	-3450.14	-3280.69	-3208.88
1KXP	-29.96	22.10	25.66	29.00	-21.71	-20.03	-19.39	-19.59	4.51	11.75	11.22	11.84	1.88	8.40	9.05	9.48	20.84	20.88	20.78	20.39	-111.82	-58.69	-63.35	-69.55	35.90	66.66	71.69	77.82	-29.25	-24.08	-26.39	-29.04	28.44	27.16	29.01	31.83	-0.12	-0.41	-0.45	-0.46	11.36	8.70	7.27	5.42	12.89	11.89	11.96	11.50	5510.70	4340.35	3808.13	3602.66	42.61	22.81	13.82	16.45	-5889.45	-4595.87	-4042.20	-3836.04
1M27	6.22	5.03	7.04	-0.22	-15.97	-13.72	-13.55	-12.96	9.87	6.01	6.80	6.44	10.59	6.20	3.28	0.39	21.61	18.99	19.63	20.00	-33.07	-57.92	-36.52	-20.16	0.00	26.49	31.10	19.40	-43.46	-25.61	-13.43	-7.59	4.69	10.00	11.54	7.51	-0.90	-0.50	-0.40	-0.30	1.47	1.79	2.24	1.64	-1.54	4.43	5.09	2.97	1697.00	1631.31	1668.92	1768.19	13.54	7.54	1.30	-0.55	-1868.00	-1769.02	-1772.66	-1829.90
1OFU	-41.48	19.68	22.39	27.68	-21.29	-13.55	-13.71	-14.01	5.27	8.49	9.18	9.62	-17.96	3.20	5.82	8.80	16.96	21.78	20.92	20.99	0.00	0.00	0.00	0.00	15.99	23.12	20.86	20.84	0.00	0.00	0.00	0.00	0.00	8.52	7.75	8.31	-0.22	-0.34	-0.46	-0.49	3.06	7.77	5.86	4.33	11.88	10.28	11.36	12.06	2780.20	2719.35	3009.91	3237.36	25.59	25.50	21.37	17.67	-2971.00	-2958.46	-3230.01	-3445.52
1RLB	-45.56	10.94	16.53	23.86	-18.65	-19.44	-18.92	-18.50	13.58	11.22	12.75	11.74	-8.73	5.21	5.49	7.93	23.77	22.99	23.41	19.76	-75.85	-48.43	-50.85	-68.48	0.00	46.53	50.51	66.72	-4.78	-20.54	-22.42	-28.85	5.20	21.05	22.76	29.45	-2.19	-0.44	-0.46	-0.47	-2.03	5.67	5.60	4.07	0.92	10.34	11.31	11.19	2917.00	3621.04	3454.98	3081.45	-21.87	-7.51	-2.46	2.86	-3061.00	-3612.75	-3419.30	-3172.83
1S1Q	9.26	12.99	18.22	25.85	-16.12	-11.53	-10.95	-10.86	13.23	5.97	6.69	6.25	3.13	4.54	6.37	7.85	15.94	19.72	19.49	19.79	0.00	0.00	0.00	0.00	7.74	6.28	9.44	21.46	0.00	0.00	0.00	0.00	1.93	2.47	2.87	7.19	-0.71	-0.52	-0.52	-0.49	-5.36	0.31	2.50	4.10	-0.37	1.52	4.93	6.58	2674.13	2244.71	1915.79	1758.20	-23.96	-5.41	1.25	4.95	-2821.97	-2327.47	-1993.61	-1850.91
1XD3	-60.37	0.29	13.83	27.46	-23.88	-15.21	-15.29	-15.10	7.60	7.76	7.66	7.31	-7.99	2.34	6.20	10.00	12.57	17.58	19.23	19.07	-30.41	-43.43	-51.00	-58.02	0.00	33.94	46.73	58.70	-42.41	-17.53	-19.91	-21.27	0.00	15.42	18.91	24.13	-0.43	-0.26	-0.35	-0.43	7.24	6.83	5.71	1.95	4.88	9.41	10.99	7.62	3297.25	2564.89	2199.37	1963.26	0.64	1.23	9.91	17.97	-3236.40	-2588.44	-2331.12	-2155.53
2A5T	14.62	19.84	23.70	16.57	-20.82	-14.10	-13.75	-13.80	6.07	9.85	16.80	11.47	4.00	4.10	4.18	3.79	23.41	20.13	19.93	19.46	0.00	0.00	0.00	0.00	0.00	24.26	18.41	14.47	0.00	0.00	0.00	0.00	28.98	8.43	7.40	6.20	-2.06	-0.50	-0.53	-0.51	13.11	10.80	10.51	9.91	17.01	15.21	17.00	17.81	5360.80	4110.86	3839.27	3591.58	79.03	46.52	37.47	24.52	-5171.20	-4102.07	-3908.03	-3716.13
2B4J	-16.28	22.81	25.71	24.12	-16.67	-12.23	-11.82	-11.66	8.35	6.91	7.14	6.02	-6.46	9.06	9.27	8.73	14.36	20.68	20.44	20.24	0.00	0.00	0.00	0.00	0.00	10.72	14.48	15.54	0.00	0.00	0.00	0.00	0.00	3.91	5.56	5.65	-0.62	-0.49	-0.51	-0.57	9.52	10.62	8.24	3.84	6.92	14.20	11.10	6.54	2376.80	2310.89	2336.62	2267.74	-4.64	0.48	5.98	10.61	-2455.80	-2295.80	-2337.71	-2251.73
2BTF	2.34	16.53	11.43	5.47	-24.32	-17.72	-18.29	-17.94	12.45	9.08	9.90	9.65	9.11	7.71	6.60	4.32	16.90	19.25	19.12	18.99	-96.94	-42.48	-46.71	-28.80	108.46	52.04	43.80	29.92	-57.18	-19.40	-19.48	-12.40	22.09	20.28	18.94	12.21	-0.81	-0.41	-0.48	-0.41	6.82	5.02	2.02	-0.60	13.07	9.41	8.56	7.93	3048.97	2716.87	2990.02	3080.19	19.99	20.98	14.61	3.41	-3035.23	-2821.13	-3131.82	-3267.75
2HQS	2.38	18.20	19.43	19.03	-27.16	-13.63	-13.11	-13.47	8.41	7.10	7.46	8.48	9.75	6.45	6.01	6.87	11.41	18.89	19.77	20.02	0.00	0.00	0.00	0.00	0.00	15.26	15.88	11.93	0.00	0.00	0.00	0.00	17.46	6.53	6.64	4.77	-0.99	-0.49	-0.53	-0.55	0.85	-2.77	0.62	-2.16	-0.59	7.38	5.10	4.57	5015.60	3378.22	2895.22	2759.57	74.56	19.29	15.57	10.94	-4775.70	-3489.53	-3008.09	-2883.19
2VDB	15.28	38.21	26.70	26.79	-19.00	-10.88	-12.11	-11.83	9.14	5.70	8.86	8.29	0.63	8.00	5.95	7.09	18.78	17.98	16.81	17.86	0.00	0.00	0.00	0.00	0.00	53.27	34.36	28.58	0.00	0.00	0.00	0.00	35.75	17.98	12.01	10.20	-1.96	-0.41	-0.45	-0.40	6.15	10.65	13.01	13.26	15.23	13.73	15.57	15.02	3450.70	2689.09	2715.51	2529.81	-16.78	-2.47	2.78	8.14	-3505.30	-2742.56	-2865.73	-2717.46
3BIW	-14.33	7.17	9.90	9.92	-16.01	-19.71	-18.92	-18.47	5.85	11.03	11.61	10.65	-1.60	7.21	6.65	6.61	24.38	19.68	19.54	19.56	-56.49	-45.14	-41.93	-39.89	12.91	42.34	41.80	39.91	-21.98	-18.36	-18.12	-16.48	13.63	16.59	17.12	16.05	-0.21	-0.54	-0.53	-0.50	-3.76	-6.29	-3.39	1.49	3.66	4.06	4.59	7.43	2190.60	3203.16	3169.99	3310.32	-5.99	15.42	14.32	17.71	-2699.80	-3480.69	-3371.73	-3294.31
3BP8	-8.69	12.78	20.75	30.35	-16.81	-13.08	-12.51	-12.29	6.83	6.86	7.62	7.46	-1.28	3.80	6.98	8.31	16.49	19.16	18.31	19.24	0.00	0.00	0.00	0.00	0.00	14.34	17.81	32.47	0.00	0.00	0.00	0.00	1.35	4.85	6.03	11.30	-0.36	-0.48	-0.59	-0.50	2.52	6.02	4.28	5.78	5.81	7.82	5.21	7.76	2741.42	2497.52	2656.89	2379.28	16.33	13.12	17.16	14.47	-2755.45	-2557.69	-2766.54	-2525.48
3D5S	14.80	31.71	26.35	27.39	-16.60	-11.67	-11.53	-11.35	8.31	6.71	6.26	7.12	6.55	11.07	9.70	9.30	16.87	20.51	20.95	20.64	0.00	0.00	0.00	0.00	26.45	17.96	13.64	17.00	0.00	0.00	0.00	0.00	4.05	8.06	4.99	5.76	-0.23	-0.43	-0.40	-0.41	13.29	9.87	6.78	6.90	11.58	10.43	9.71	10.24	2671.30	2158.85	1988.00	1907.01	2.02	2.90	7.49	11.22	-2803.73	-2274.36	-2159.15	-2097.66
3H2V	6.64	24.90	23.02	16.80	-19.33	-16.23	-15.27	-14.55	0.12	7.73	7.25	6.77	5.84	9.26	9.09	7.61	18.30	19.41	19.81	20.06	-174.38	-68.66	-57.02	-45.48	160.52	77.70	60.38	44.17	-59.30	-27.50	-22.80	-18.35	38.11	28.47	23.95	17.56	0.00	-0.44	-0.36	-0.36	11.89	8.09	5.55	5.35	18.54	12.99	7.33	5.30	2267.80	2190.34	1913.51	1812.56	32.64	31.97	24.76	20.24	-2539.00	-2408.66	-2024.02	-1908.63
1CGI	-73.73	-9.44	3.18	6.24	-26.09	-16.50	-14.91	-15.15	5.04	8.37	7.35	7.74	-21.12	-1.29	3.07	3.84	11.98	17.27	18.87	18.72	-6.55	-13.84	-25.10	-25.87	0.00	15.51	23.78	24.30	-13.77	-5.69	-9.64	-10.00	0.00	6.23	9.54	9.74	-0.83	-0.38	-0.43	-0.45	-0.10	2.14	2.10	2.25	-16.57	-1.12	0.42	2.05	2870.65	2434.14	2166.17	2186.66	-1.05	1.21	2.88	-4.40	-3305.50	-2755.54	-2366.55	-2348.83
1IJK	-27.74	7.21	16.75	19.85	-18.58	-18.05	-17.11	-17.04	11.75	10.00	9.13	8.73	5.07	8.63	8.80	7.40	15.01	19.34	19.82	20.68	-77.92	-72.26	-64.11	-60.76	7.51	47.72	53.97	60.24	-56.55	-29.51	-25.89	-24.59	8.19	18.60	22.03	24.63	-0.60	-0.45	-0.46	-0.48	8.40	7.87	4.43	2.90	-6.16	7.61	9.90	10.68	2239.00	2451.63	2328.80	2380.82	-4.14	4.80	8.91	10.84	-2266.90	-2632.26	-2524.13	-2574.08
1JIW	594.18	24.77	18.27	24.56	-25.00	-13.71	-12.89	-13.19	781.54	21.89	10.04	7.16	-4.95	3.73	3.10	6.47	18.50	17.98	19.53	19.29	0.00	0.00	0.00	0.00	0.00	16.83	20.72	28.79	0.00	0.00	0.00	0.00	4.32	6.71	8.14	11.42	-2.35	-0.76	-0.57	-0.61	-6.77	-6.78	-3.85	-2.29	-1.14	-0.07	1.71	4.94	4651.17	3865.34	3576.80	3073.93	-18.32	-2.20	3.66	13.47	-4704.83	-3928.36	-3579.19	-3147.15
1KKL	-6.13	12.91	7.17	21.08	-20.92	-17.80	-16.86	-16.47	8.24	10.30	8.99	8.54	-1.50	4.67	3.78	9.31	14.43	15.47	17.65	17.39	-28.11	-37.63	-29.01	-48.40	25.00	45.38	32.90	50.54	-18.04	-15.28	-12.26	-18.62	28.81	19.67	12.32	19.57	-0.75	-0.52	-0.54	-0.53	-4.78	3.24	0.48	3.74	-4.25	6.35	5.80	9.13	5500.65	3895.68	3337.97	2810.99	25.28	38.30	27.23	23.72	-5018.55	-3688.20	-3249.75	-2792.43
1M10	-9.65	20.36	16.11	13.35	-35.33	-17.98	-17.78	-17.23	40.55	13.68	10.70	9.06	15.79	9.68	8.22	6.85	21.26	20.77	21.27	21.61	-209.78	-55.60	-40.63	-38.52	86.56	53.15	46.04	41.28	-81.62	-23.77	-17.57	-15.71	32.01	21.37	18.17	17.15	-0.92	-0.43	-0.43	-0.46	5.69	3.52	1.75	0.85	15.23	8.81	7.64	6.66	5941.40	2634.88	2536.03	2552.72	53.66	11.06	5.32	5.82	-6062.80	-2890.03	-2906.05	-3006.86
1NW9	-18.32	6.55	16.29	21.47	-22.87	-13.52	-13.08	-12.53	13.25	8.04	7.52	7.39	-8.84	1.78	5.31	5.32	26.02	20.25	20.57	20.52	0.00	0.00	0.00	0.00	0.00	2.36	11.70	21.33	0.00	0.00	0.00	0.00	0.00	1.80	4.36	8.18	-0.23	-0.41	-0.48	-0.50	-0.33	2.63	2.67	2.43	-6.80	2.87	6.00	6.00	3102.90	2729.22	2333.41	2237.00	-11.70	1.57	4.17	3.84	-3441.87	-3007.16	-2600.99	-2494.97
1R6Q	25.09	21.46	24.14	23.45	-10.25	-11.78	-11.64	-11.49	1.65	6.44	6.28	6.12	1.93	4.41	6.05	5.75	20.06	21.23	20.69	20.73	0.00	0.00	0.00	0.00	45.25	25.12	24.22	23.01	0.00	0.00	0.00	0.00	18.66	8.41	9.13	8.98	-0.31	-0.38	-0.43	-0.44	0.45	4.88	6.03	6.06	0.64	5.35	6.76	4.78	2444.70	2190.81	2140.16	1987.62	15.20	13.39	15.43	18.25	-2505.50	-2281.49	-2233.62	-2081.14
2NZ8	8.62	26.50	29.74	28.92	-24.35	-13.33	-12.95	-12.61	11.27	8.27	12.01	8.85	5.33	8.05	7.36	8.46	14.80	19.92	20.14	20.79	0.00	0.00	0.00	0.00	41.29	27.39	27.99	25.93	0.00	0.00	0.00	0.00	15.11	9.27	9.98	9.28	-2.61	-0.64	-0.56	-0.52	1.41	3.24	6.12	7.59	-8.13	5.52	8.49	12.01	5339.93	3469.06	2943.73	2629.73	54.94	19.48	6.69	6.49	-5456.50	-3583.38	-3046.60	-2703.17
2Z0E	-50.37	21.01	19.08	19.45	-36.37	-13.52	-13.01	-12.73	7.24	17.37	14.67	7.70	-12.29	3.36	4.05	6.10	9.06	19.31	18.97	19.73	0.00	0.00	0.00	0.00	61.70	15.58	14.18	18.90	0.00	0.00	0.00	0.00	0.00	7.22	5.91	7.19	-1.04	-0.51	-0.54	-0.54	-5.50	1.30	4.06	8.13	-8.75	2.73	6.84	13.98	5133.60	3365.00	2993.01	2682.37	-11.10	-1.76	1.50	17.23	-5412.30	-3654.88	-3264.80	-2903.24
4FZA	-19.76	28.32	22.42	20.66	-25.54	-19.71	-19.22	-19.15	7.60	11.87	10.72	10.97	10.92	9.94	9.14	9.44	17.02	19.22	19.83	19.65	-109.21	-76.62	-57.47	-55.70	52.13	80.79	63.49	57.70	-63.13	-32.97	-24.06	-23.34	24.74	34.75	26.25	23.96	0.00	-0.47	-0.43	-0.40	1.78	11.36	9.32	8.76	3.95	14.95	12.79	14.27	3371.50	3229.11	2911.34	2747.30	41.28	19.84	18.21	16.56	-3494.40	-3481.68	-3151.16	-3016.13
4IZ7	-27.90	0.00	11.40	7.88	-18.14	-15.81	-15.89	-15.18	5.48	8.90	9.65	8.16	-0.43	2.73	4.16	2.45	16.24	18.67	19.13	19.20	-24.83	-42.35	-44.95	-26.78	8.06	27.25	45.83	30.47	-5.01	-16.37	-18.34	-10.97	3.10	12.25	18.56	12.39	-0.48	-0.51	-0.37	-0.36	6.25	9.11	6.22	3.66	9.35	12.45	11.38	6.92	2227.53	2527.24	2460.66	2427.04	7.41	18.19	18.50	21.53	-2423.20	-2816.77	-2686.19	-2667.93
1B6C	-73.44	5.00	13.33	19.20	-23.26	-17.86	-18.06	-17.18	3.25	9.80	9.94	8.81	-8.65	2.89	6.55	8.06	21.95	20.58	20.22	20.55	0.00	-41.52	-49.65	-54.46	0.00	46.89	51.89	58.17	-13.79	-17.83	-20.52	-22.82	0.00	18.53	21.03	22.88	-0.98	-0.38	-0.44	-0.46	2.69	2.42	3.26	3.10	-5.46	7.13	9.07	7.54	3615.00	2927.02	2761.73	2600.61	19.51	2.68	8.67	21.01	-3468.40	-3022.23	-2946.33	-2795.92
1FC2	-32.86	2.56	5.03	5.03	-17.50	-15.77	-15.51	-14.30	2.25	7.45	7.48	6.84	-2.37	5.47	6.34	4.39	21.12	20.10	18.98	19.65	-6.59	-20.62	-23.45	-22.18	0.00	20.49	23.87	20.42	-8.11	-8.55	-8.70	-9.17	0.00	8.18	8.05	7.24	-0.43	-0.31	-0.36	-0.32	1.00	2.24	1.79	-0.23	-3.51	3.68	6.37	4.41	1870.80	1846.57	2011.49	1992.53	-5.96	0.71	14.85	10.77	-1946.70	-1926.99	-2035.72	-2049.89
1IB1	2.04	17.10	21.94	24.42	-25.25	-20.03	-19.06	-17.27	16.07	14.88	13.74	10.16	11.15	8.64	9.36	8.43	18.30	17.66	20.36	22.03	-124.00	-61.00	-66.84	-53.81	60.62	56.93	58.91	58.92	-43.07	-27.01	-28.35	-22.57	41.36	25.40	25.36	24.12	-0.84	-0.49	-0.48	-0.41	12.51	7.38	6.77	7.25	20.56	11.98	11.74	11.06	5900.80	3763.21	3201.71	2871.31	43.87	16.31	16.56	19.41	-6104.85	-3845.18	-3319.95	-2960.74
1MQ8	13.44	31.33	27.61	28.51	-15.46	-12.61	-12.46	-12.16	7.01	10.63	7.45	8.77	2.92	8.28	8.37	8.72	21.20	20.34	20.13	20.35	0.00	0.00	0.00	0.00	8.87	28.80	26.48	23.91	0.00	0.00	0.00	0.00	15.69	10.91	9.70	8.63	-0.34	-0.47	-0.56	-0.54	-2.35	1.92	3.08	4.56	-1.48	7.89	9.11	10.14	1982.65	2509.73	2540.57	2462.67	-3.98	-2.45	0.28	2.88	-1997.95	-2680.07	-2645.03	-2521.77
1SYX	21.77	27.31	24.48	23.50	-10.46	-10.83	-11.11	-11.47	4.34	4.75	6.97	6.95	8.14	8.24	5.22	4.00	23.11	21.58	20.55	20.21	0.00	0.00	0.00	0.00	10.91	17.47	24.44	28.67	0.00	0.00	0.00	0.00	5.96	8.67	8.37	10.22	-1.75	-0.38	-0.42	-0.42	4.32	3.18	2.34	1.81	9.20	9.12	7.13	6.69	1873.97	1610.59	1687.23	1748.01	5.33	3.19	0.45	3.50	-2032.23	-1755.32	-1781.47	-1807.76
2CFH	-92.20	33.89	17.15	23.08	-36.68	-15.63	-14.35	-14.29	5.37	41.30	8.06	9.50	-29.01	2.74	6.26	8.23	17.75	19.87	20.09	20.76	-87.90	-14.18	-14.35	-17.64	10.80	15.45	22.57	25.96	-3.72	-5.16	-6.01	-6.99	13.68	6.42	8.12	9.89	-0.62	-0.54	-0.45	-0.46	6.31	11.36	10.42	7.65	10.72	10.46	11.05	10.17	3871.00	2720.56	2552.31	2419.70	-5.08	4.05	17.56	7.35	-4358.00	-2936.56	-2664.91	-2456.98
2HRK	-11.67	6.45	13.60	16.42	-18.82	-14.54	-13.81	-13.19	9.05	8.52	8.50	7.46	-4.09	2.01	4.97	5.56	23.73	22.05	20.84	19.94	0.00	-15.08	-13.54	-6.08	0.00	13.00	15.86	18.11	-4.25	-6.94	-5.78	-2.76	0.00	4.26	6.52	7.05	-0.41	-0.36	-0.44	-0.41	4.25	6.85	6.27	4.25	-0.70	1.69	4.70	5.74	2192.30	2314.68	2428.51	2526.79	0.41	1.31	7.07	14.44	-2318.20	-2487.17	-2636.18	-2782.18
2OZA	-87.59	49.03	31.60	35.34	-71.63	-17.75	-15.58	-15.98	6.90	48.33	16.80	19.39	-4.73	7.34	8.96	9.83	16.04	17.46	19.56	20.01	0.00	0.00	0.00	0.00	17.74	26.31	28.12	29.19	0.00	0.00	0.00	0.00	13.58	10.53	10.88	11.66	-2.30	-0.77	-0.74	-0.64	10.30	10.62	6.66	3.95	-7.66	8.67	8.75	10.20	8243.70	5000.29	4046.65	3641.08	-93.98	-30.67	-16.65	-11.13	-8503.30	-4947.92	-4118.07	-3906.14
3AAA	4.79	25.61	29.87	23.27	-17.82	-18.17	-18.27	-17.30	8.48	8.95	9.26	8.98	9.94	11.32	11.05	9.28	17.50	18.83	18.63	18.19	-147.03	-80.33	-65.50	-50.90	85.78	71.36	78.56	58.19	-45.86	-29.98	-26.04	-20.90	22.35	29.50	30.03	24.14	-0.41	-0.44	-0.42	-0.37	5.53	7.90	7.20	6.69	13.53	14.46	14.17	12.17	2782.03	2934.23	2889.25	2693.56	12.77	25.97	24.41	17.64	-2963.20	-3190.18	-3056.76	-2873.80
3AAD	-43.55	-1.33	10.30	15.93	-34.84	-18.04	-17.97	-17.47	13.26	9.59	10.66	9.28	-4.54	3.61	6.61	7.39	15.88	18.18	19.48	19.87	-98.65	-36.61	-49.75	-55.66	62.71	36.10	49.48	60.08	-12.23	-15.97	-19.40	-21.92	45.35	14.67	20.21	24.23	-0.76	-0.39	-0.45	-0.44	4.21	1.27	4.41	6.47	7.82	4.16	5.55	10.76	4556.40	2985.66	2865.30	2622.82	32.54	17.90	26.07	20.57	-4606.80	-3104.61	-2958.72	-2801.43
3BX7	-65.44	-13.87	5.21	9.24	-25.37	-16.84	-15.27	-15.23	11.92	9.69	18.40	9.86	-8.91	-1.53	0.88	3.41	17.27	17.63	19.76	21.29	-53.12	-26.78	-21.01	-25.65	0.00	22.49	20.49	28.52	-11.95	-8.50	-7.98	-10.19	9.68	9.06	8.28	11.51	-0.85	-0.55	-0.37	-0.40	-3.10	2.99	1.17	2.94	0.34	4.53	5.05	5.39	4013.35	3382.88	2698.57	2692.59	3.79	4.58	7.33	7.78	-3986.30	-3374.34	-2744.34	-2743.66
3DAW	-17.59	14.15	18.57	23.07	-25.25	-17.50	-17.93	-17.79	8.86	9.04	9.40	9.15	14.14	6.14	7.68	9.46	21.12	19.55	19.71	19.33	-205.69	-56.55	-62.82	-65.03	92.73	58.46	65.74	69.05	-60.56	-21.31	-24.48	-25.28	21.62	23.67	25.87	26.04	-0.50	-0.40	-0.42	-0.46	6.66	8.03	6.47	6.01	13.59	10.10	9.44	11.39	3900.75	2912.27	2814.66	2656.86	12.66	10.14	11.55	14.90	-4091.55	-3090.10	-2952.48	-2777.11
4JCV	-53.18	-2.61	4.39	5.83	-24.55	-24.12	-22.17	-21.39	14.86	20.41	15.81	13.42	-9.83	2.00	4.55	4.58	18.90	14.80	18.24	18.09	0.00	-62.55	-66.68	-64.32	0.00	62.76	66.68	67.66	-22.69	-28.42	-29.08	-27.54	0.00	28.45	28.91	28.75	0.00	-0.52	-0.48	-0.41	-11.41	-8.11	-1.92	-0.45	-5.80	5.76	10.73	12.09	5333.60	6152.71	4525.78	3791.18	-0.50	13.89	19.17	7.13	-5454.70	-6442.32	-4761.70	-4222.74
1ACB	-40.62	-16.26	-2.24	2.52	-18.89	-15.22	-15.48	-14.29	9.77	7.97	8.49	7.14	-17.39	-4.49	0.30	2.85	19.98	19.05	20.32	19.20	0.00	-8.48	-18.30	-15.97	0.00	9.51	20.29	16.84	0.00	-3.76	-8.00	-6.30	7.36	4.87	8.51	6.36	-0.62	-0.40	-0.46	-0.39	2.96	-2.66	-0.41	-0.33	-8.91	-2.23	0.36	2.06	2480.50	2460.45	2372.22	2162.36	-17.48	-4.88	1.36	6.47	-2643.55	-2671.70	-2501.05	-2223.31
1F6M	10.09	25.44	20.54	30.66	-20.40	-14.50	-13.33	-12.45	11.75	19.45	8.35	6.46	0.30	3.25	5.48	8.36	14.04	18.02	19.57	19.53	0.00	0.00	0.00	0.00	25.16	23.78	22.47	34.93	0.00	0.00	0.00	0.00	20.14	10.22	8.10	12.51	-0.35	-0.45	-0.47	-0.48	1.61	3.34	3.29	4.63	5.66	6.08	7.00	9.80	3814.63	3438.75	2782.33	2592.39	19.01	14.29	14.84	10.50	-3899.13	-3454.89	-2812.51	-2641.55
1FQ1	-20.45	20.81	14.94	8.72	-19.75	-19.98	-18.97	-19.21	6.37	17.57	11.30	11.32	4.84	7.93	7.88	5.91	18.91	19.20	20.58	20.68	-134.12	-62.85	-52.43	-41.85	36.52	68.82	53.39	41.78	-26.37	-27.86	-21.59	-17.75	34.66	25.16	22.00	17.61	-2.58	-0.58	-0.51	-0.50	7.17	7.10	5.89	5.10	-0.27	7.52	7.53	5.79	4001.40	3005.03	2868.32	2898.95	-38.39	-9.41	0.10	10.58	-4551.20	-3318.46	-3160.66	-3202.96
1JK9	-0.85	15.04	23.14	30.66	-21.50	-15.25	-13.86	-13.03	5.99	10.00	11.12	8.91	1.04	3.95	6.08	9.12	17.91	17.76	19.14	19.93	0.00	0.00	0.00	0.00	49.14	22.05	23.05	28.85	0.00	0.00	0.00	0.00	2.97	7.61	8.78	10.86	-0.17	-0.53	-0.49	-0.53	-2.03	1.69	0.72	1.99	-1.27	4.25	5.51	7.33	5663.30	4107.11	3423.58	3052.85	21.57	3.52	11.08	6.60	-5637.10	-4222.38	-3517.44	-3049.38
1JMO	-60.52	49.58	40.24	40.40	-42.53	-15.77	-14.35	-13.64	8.32	41.06	23.92	19.05	-19.63	7.41	10.23	10.75	31.92	20.05	19.87	20.15	0.00	0.00	0.00	0.00	4.00	30.14	26.14	29.81	0.00	0.00	0.00	0.00	12.48	12.41	10.25	12.11	-3.26	-0.66	-0.64	-0.66	2.82	7.71	4.20	3.17	-0.05	9.09	7.17	6.56	3896.20	2973.59	2512.51	2042.18	-43.84	-21.36	-7.36	-3.36	-3807.10	-2930.99	-2550.87	-2097.35
1JZD	-15.92	18.80	26.24	33.15	-24.58	-17.28	-14.04	-13.51	12.24	18.18	8.58	8.12	1.71	6.33	8.48	11.08	7.84	13.71	19.01	21.02	0.00	0.00	0.00	0.00	0.00	20.33	27.76	30.03	0.00	0.00	0.00	0.00	3.76	8.12	10.72	11.14	-1.17	-0.79	-0.58	-0.57	-6.56	-3.80	1.57	4.18	20.87	13.75	11.73	12.69	5423.23	5005.99	3847.67	3636.07	25.50	35.64	27.88	34.42	-4746.77	-4535.72	-3526.76	-3328.63
1PXV	-23.26	19.33	37.46	25.39	-26.66	-10.41	-8.70	-8.42	10.95	11.72	28.53	11.74	-6.11	3.70	4.21	4.16	12.25	19.78	19.22	19.26	0.00	0.00	0.00	0.00	38.13	9.95	14.23	17.33	0.00	0.00	0.00	0.00	2.79	4.01	5.25	5.80	-1.50	-0.48	-0.40	-0.39	-8.91	-0.82	2.34	3.16	-10.11	3.96	5.94	4.56	4372.30	3082.26	2836.36	2571.33	9.14	-3.96	14.03	15.65	-4509.50	-3065.75	-2781.56	-2508.64
1ZLI	4.18	7.77	18.55	18.47	-15.99	-12.39	-12.12	-11.63	9.87	7.22	10.07	7.16	-5.13	0.06	4.19	5.57	16.26	19.31	20.19	20.58	0.00	0.00	0.00	0.00	41.06	12.90	13.62	11.84	0.00	0.00	0.00	0.00	9.63	4.21	5.22	4.77	-0.52	-0.52	-0.47	-0.52	8.51	5.14	5.02	2.07	15.19	8.48	9.07	6.06	3612.47	2951.16	2712.11	2241.25	6.25	8.94	6.93	5.74	-3822.87	-3237.41	-2921.71	-2480.76
2IDO	-17.73	12.36	17.46	23.21	-20.66	-12.92	-13.07	-12.15	8.41	7.52	7.35	6.80	-11.62	1.38	4.18	6.65	20.07	18.59	19.16	19.90	0.00	0.00	0.00	0.00	19.93	19.09	19.95	21.02	0.00	0.00	0.00	0.00	9.04	6.94	7.46	8.25	0.00	-0.44	-0.44	-0.46	6.93	7.10	6.55	7.27	5.69	9.56	10.11	10.99	2876.20	2787.73	2571.59	2192.49	3.82	-1.25	3.39	4.50	-2806.20	-2825.55	-2715.87	-2384.09
2OT3	-74.55	18.84	23.63	27.37	-43.71	-12.71	-12.33	-11.98	11.66	10.52	8.26	7.40	-24.62	3.75	6.47	8.06	20.58	20.11	20.47	20.85	0.00	0.00	0.00	0.00	20.51	16.79	20.40	23.53	0.00	0.00	0.00	0.00	5.49	6.23	7.31	8.07	-1.17	-0.55	-0.52	-0.47	-2.91	8.50	11.33	13.02	-10.92	10.87	15.65	21.49	5149.40	3628.69	3070.21	2643.33	49.37	22.42	22.41	22.65	-5125.00	-3654.51	-3156.89	-2816.95
3FN1	-77.44	-1.48	5.74	16.27	-24.34	-12.97	-14.20	-14.42	5.73	7.21	7.37	7.19	-13.89	0.78	3.36	7.54	13.32	19.96	19.64	19.61	0.00	-19.39	-25.60	-38.40	0.00	13.80	25.50	40.16	-3.12	-6.59	-10.34	-14.70	0.00	6.76	10.23	14.22	-1.96	-0.22	-0.34	-0.37	-2.25	3.67	3.24	1.78	1.27	7.61	5.90	4.43	4207.60	2671.89	2486.79	2086.64	29.05	0.95	4.53	1.48	-3973.20	-2562.75	-2460.51	-2173.89
3H11	-17.18	7.96	10.39	14.77	-33.96	-20.04	-19.11	-18.88	18.88	10.42	10.87	10.02	1.08	6.86	7.54	9.08	20.02	22.16	21.21	20.53	-5.81	-38.32	-47.22	-56.20	32.83	42.10	45.02	52.28	-4.70	-16.95	-18.95	-21.82	27.48	16.56	18.12	21.00	-1.11	-0.57	-0.52	-0.51	8.73	4.83	3.97	2.98	9.53	4.90	5.66	6.61	4280.25	3267.36	2920.32	2632.03	36.48	28.44	24.31	20.79	-4439.60	-3366.15	-3057.20	-2850.52
1ATN	-61.07	8.61	12.23	13.70	-22.28	-21.93	-20.32	-19.31	13.33	12.35	12.19	11.02	-13.56	5.46	5.86	6.94	18.80	20.49	20.63	20.19	-56.14	-51.54	-47.23	-45.57	8.91	54.30	50.51	46.52	-15.09	-22.84	-20.60	-18.90	10.44	24.76	22.17	18.87	-0.99	-0.57	-0.54	-0.54	-5.78	3.38	1.45	-2.72	-10.31	7.40	4.88	1.87	3537.90	3995.16	3568.39	3307.18	9.70	23.18	24.59	16.02	-3698.90	-4222.78	-3844.79	-3636.67
1H1V	-6.28	8.61	14.70	17.95	-24.61	-21.35	-20.48	-20.24	11.38	12.44	13.48	14.81	0.78	5.72	6.48	6.97	20.43	19.17	19.75	20.21	-4.05	-60.99	-56.85	-55.37	53.11	57.16	59.08	57.39	-29.59	-24.81	-23.66	-23.52	20.18	24.71	24.12	23.84	-1.23	-0.47	-0.47	-0.46	5.96	4.17	0.72	-1.11	7.92	13.31	10.64	9.62	4859.40	4406.10	3980.77	3667.80	18.73	6.04	-1.60	-7.67	-5035.40	-4582.93	-4230.49	-3940.90
1RKE	-47.27	16.85	21.57	23.46	-30.27	-19.60	-18.38	-17.72	7.37	10.79	9.45	11.06	5.73	10.44	10.78	9.57	17.76	19.23	19.64	19.73	-86.41	-65.32	-63.43	-67.45	35.36	63.56	65.26	67.75	-35.03	-26.88	-25.78	-27.50	19.19	26.57	26.57	27.35	0.00	-0.46	-0.45	-0.44	1.85	6.65	7.60	7.69	-9.70	5.23	8.55	10.72	4333.75	3120.66	2862.83	2666.89	20.09	15.15	14.25	16.20	-4763.45	-3390.35	-3107.73	-2948.46
2C0L	5.17	26.09	29.88	30.25	-13.53	-12.88	-12.41	-12.16	2.58	11.36	9.14	7.16	0.59	8.69	9.69	9.36	12.04	18.44	19.60	19.90	0.00	0.00	0.00	0.00	23.09	19.59	24.72	29.25	0.00	0.00	0.00	0.00	12.82	7.02	8.79	9.71	-0.48	-0.70	-0.51	-0.50	-0.80	0.72	2.89	4.53	0.82	6.48	10.71	12.59	3043.65	3116.15	2736.73	2598.36	-22.17	3.75	4.10	25.20	-3169.55	-3370.57	-2991.45	-2740.30
3F1P	-46.91	-13.20	2.34	11.62	-22.66	-16.34	-15.87	-15.27	12.66	9.06	8.83	7.36	-5.14	0.32	4.02	6.26	14.57	19.77	20.05	20.63	-75.15	-30.61	-32.41	-35.91	58.58	22.52	31.76	35.69	-22.48	-11.82	-12.60	-14.01	17.51	8.54	12.19	14.62	-0.32	-0.37	-0.38	-0.37	2.17	4.69	6.13	6.56	4.87	4.81	6.81	7.01	3474.35	2668.99	2315.61	1990.79	23.67	19.51	17.26	4.30	-3264.30	-2611.61	-2329.89	-2076.27
