1 1.669040 0.814780 1.379110 16.621370 38.631370 11.967900
2 1.879930 -1.491180 -1.531080 27.671710 19.081280 -9.937660
3 0.112720 -0.555320 -3.071180 3.386600 11.150790 3.463320
4 0.329090 0.049210 0.170880 18.116850 -6.186350 -20.511460
5 -1.120530 -0.736270 2.922050 26.198280 39.466270 14.702840
6 -2.379980 0.758130 3.010620 9.075460 9.264760 38.641380
7 2.184210 1.479950 0.948400 -14.098950 24.044060 11.889860
8 0.727070 -1.058600 1.961750 6.610450 1.265510 4.321560
9 2.381990 0.337260 -2.515250 10.572670 -26.220040 8.924710
10 0.059110 0.447940 2.094390 10.216090 10.470660 -0.955710
11 2.591100 0.268420 2.139940 2.348380 11.550590 33.054740
12 -1.891630 -1.166010 1.576650 13.256980 40.878520 4.637710
13 0.676720 0.258500 -0.705140 32.224870 5.652500 9.484280
14 0.751570 0.627750 -0.973320 32.952700 9.409150 6.170470
15 -1.744580 0.022270 -2.246170 2.041740 9.687820 15.132550
16 0.980740 0.271600 -1.233310 3.348840 1.882070 -9.554780
17 2.408020 0.985840 1.161970 10.007140 26.922090 31.206560
18 -2.905900 0.381240 -1.829540 13.002320 -5.788560 36.776500
19 2.805070 0.659060 1.661490 -10.303330 0.318620 5.417770
20 -0.846080 0.899890 2.070750 19.619960 36.115760 18.815650
21 2.589330 -0.856210 2.904350 -6.438220 8.535700 13.056880
22 -0.124190 0.193130 0.608150 36.998300 9.752130 19.542690
23 -2.653000 -0.546520 -1.367050 42.781750 6.008060 25.256040
24 -1.964390 -0.499010 -1.673170 -0.972290 8.144190 16.947010
25 0.090440 0.284940 -2.197690 -0.711200 -13.214200 11.505170
26 2.676650 -0.310380 1.600180 -5.031420 2.998770 -0.610860
27 1.229950 -0.525540 1.568710 23.082400 9.432830 -15.761080
28 -1.944460 0.932650 1.367920 34.675990 2.540770 21.428530
29 1.858300 -0.302510 -2.961160 2.322250 8.137130 0.180580
30 2.814870 -0.140860 -1.443320 41.551670 -9.016300 3.856410
31 -1.017840 0.308550 1.481290 23.333890 28.697550 24.555530
32 -2.104880 -0.632170 2.029340 -4.436560 34.308140 19.703070
33 3.114270 0.430160 -2.799740 3.741180 -12.879220 30.570740
34 -1.056400 -0.547410 1.351190 29.397850 24.290570 4.269790
35 -1.750640 0.006240 -0.674420 0.182960 -18.645930 29.347580
36 0.127540 0.109290 -0.133680 0.271330 2.056990 -3.305920
37 -1.689440 -0.953190 -0.907230 2.278950 -0.951670 12.840060
38 -0.803380 -1.158230 -2.462540 12.725640 32.569580 0.942670
39 2.277470 0.010200 0.691400 -9.730780 19.772850 5.751720
40 1.443560 1.267760 1.403910 15.968580 26.399620 33.635820
41 1.853550 -0.218820 -1.882750 23.707780 -8.894470 -12.960160
42 0.070530 -0.424520 2.208660 10.144590 10.000200 1.665480
43 0.002310 -0.305680 -0.795970 21.196080 -20.276540 2.682460
44 -0.649950 0.108800 -1.487020 -3.354810 2.410940 -6.556010
45 -2.468260 1.185610 -0.131470 -20.467310 5.925920 30.549680
46 2.731420 0.101850 2.671750 -5.485620 5.548620 6.669090
47 -0.617680 -0.181590 -2.975430 13.543940 13.310030 -4.359200
48 -0.794450 0.203900 1.629620 30.227340 26.687420 2.923350
49 -0.059020 0.306720 1.985530 44.417940 14.589740 13.009510
50 -2.205390 -0.167050 -0.295860 34.989040 16.226740 24.969420
51 -2.052410 -1.001260 -0.383140 28.920970 -16.851650 2.865070
52 2.700510 -1.323710 0.238930 31.905110 21.929540 21.294950
53 -2.467160 0.203670 2.328690 2.209490 -15.772860 38.365680
54 -0.298780 0.569770 0.405560 30.605550 -10.998710 30.523800
55 -0.682130 -0.076190 -0.660320 4.880230 -3.205600 -6.896530
56 2.609330 0.355110 1.404910 -24.102820 26.172620 14.429140
57 0.658630 1.110490 2.102960 -1.189300 30.074490 -6.939570
58 0.575650 -0.356550 -2.070640 21.094420 -9.833960 -4.088470
59 0.409170 -0.117970 1.729410 9.427200 0.813450 -4.118430
60 0.443940 -0.346950 -0.941070 14.907570 22.937180 -11.293970
61 2.391360 0.133940 -2.481450 42.135180 -19.920040 20.852020
62 -0.385080 -1.524170 2.863240 18.662330 32.886460 -8.314450
63 1.891270 0.346480 -2.097400 16.634240 -20.572820 -5.726470
64 -2.784960 -1.303250 1.602680 -6.903100 9.078970 8.104640
65 0.987200 -0.022870 1.703800 28.011080 21.434350 -9.756720
66 3.060990 0.382430 0.478710 23.794850 4.534350 30.074800
67 1.113340 0.347910 -2.812820 -7.652070 -1.112370 12.777590
68 0.895830 -0.117890 -0.563610 -2.376460 -1.848870 -3.429110
69 0.919840 0.807040 1.234210 33.454590 25.503890 19.403220
70 1.254950 0.365180 -1.759080 29.839440 -4.503060 18.028610
71 2.342390 0.084800 -2.395620 7.686140 -19.082750 8.979150
72 1.339480 0.683330 -1.754370 11.692160 -3.951800 -14.208570
73 2.804860 0.464080 -2.949560 18.907270 4.318330 37.040990
74 -1.515750 0.554590 -0.246600 4.091440 15.545650 42.155330
75 2.300970 -0.244680 -2.927050 20.564330 -12.296780 -10.590720
76 2.746750 -0.476470 -0.026370 21.952180 30.476500 -2.928030
77 -0.879800 0.956290 -2.873750 3.886480 20.295270 5.079860
78 -0.332830 0.812760 -0.980620 -11.898390 -14.814090 8.116800
79 -1.935080 -0.039870 -1.922500 0.852220 9.592240 15.743100
80 0.950790 -0.040210 -0.474550 12.926330 -14.372180 -12.556150
81 0.814500 1.354430 2.095100 19.192830 34.496740 -4.445330
82 0.519040 0.106280 -2.134250 19.724420 -14.253960 -3.096730
83 0.710420 -0.462770 2.953870 5.242300 14.585230 1.390380
84 1.094300 -1.273430 -2.839790 24.908660 32.980770 -0.750770
85 1.819040 1.148240 -2.049650 38.417760 0.633800 12.768220
86 0.151330 -0.036290 1.938720 28.211450 33.356610 13.226330
87 0.502060 -0.031490 0.086890 40.396900 -12.110050 0.144410
88 2.879810 -0.083020 -1.993300 16.434770 -22.759300 20.447930
89 2.015140 0.065110 1.241140 3.806520 21.252650 27.636620
90 -0.908640 0.306560 2.036690 38.071450 19.780670 -0.819320
91 -1.752780 1.064880 2.912860 40.732640 28.137660 15.354200
92 -0.081700 0.181500 0.764680 24.112210 18.372200 -7.595270
93 1.026100 -0.251760 -0.239760 -5.103220 16.173160 -4.190790
94 1.654880 0.632420 -1.730510 41.016310 7.999420 6.801820
95 1.335040 -1.189730 -2.378680 24.212810 5.295750 -16.351540
96 -1.357960 -0.157850 -0.868600 25.289530 -16.209190 32.516430
97 -0.412260 1.034040 -2.976890 14.984780 45.505560 14.738790
98 -1.903050 0.211680 -2.501970 3.761900 7.435900 14.524020
99 -2.086650 -0.279820 -1.478350 28.488140 -4.678700 42.156450
100 -1.296780 -0.693970 2.194130 12.891480 28.238710 39.621790
101 -2.563980 -1.488760 2.133080 3.340440 2.915200 -4.000090
102 -1.950540 -0.103210 -0.307520 24.839280 -17.599200 19.562180
103 -2.907510 -0.290710 -3.093530 -1.235450 16.719440 38.249580
104 -1.339950 -0.891720 1.050620 36.445600 10.256670 -2.086330
105 -0.268810 0.768180 -0.389710 17.521870 -25.764000 -7.036810
106 -3.042730 1.078890 2.490350 0.416190 -21.656430 25.240950
107 -0.745750 0.555040 -0.758690 -7.444880 -18.306630 3.664060
108 1.558320 -0.816110 1.097520 -8.695650 27.067200 9.825970
109 0.024800 0.554260 2.693710 16.265380 33.808050 -18.888930
110 -0.515720 0.027010 2.964750 2.685310 9.419750 8.367520
111 0.087610 -1.018760 -3.021850 11.768490 27.035030 -21.020370
112 -2.146680 0.552290 2.984330 27.249560 29.273980 28.443400
113 -2.568250 1.345050 0.134180 -7.564910 -10.895660 15.701220
114 -0.673030 1.341880 -2.682150 15.249160 38.426690 29.878730
115 -0.416670 1.533140 3.079720 -12.850630 40.064660 23.373760
116 0.688710 -0.939720 2.154330 23.750250 24.408670 -5.359810
117 1.585580 -0.093080 -2.085350 23.072590 21.677230 -13.090640
118 2.416330 -0.040200 1.795980 -5.240110 4.799430 34.289110
119 2.099480 0.414900 -1.912050 35.036800 3.691030 -13.098630
120 -2.615670 0.328780 0.310870 12.541560 36.669520 27.441210
121 2.112220 1.322950 0.094170 2.098730 26.822330 27.958330
122 -0.270240 -0.491110 2.225850 16.378910 7.721420 -3.598000
123 1.323690 0.138790 -1.371860 38.017850 11.595340 -23.049790
124 1.320060 -0.158220 -1.564500 -2.206880 14.982570 -0.585440
125 -2.286100 0.598320 2.139980 37.246070 3.840630 23.833180
126 -2.391070 1.174800 0.280110 -21.811370 11.606230 30.251140
127 2.003570 -0.357430 0.695500 -9.623000 35.171180 -10.680410
128 2.478980 -0.671790 -2.727700 28.211950 -28.891680 25.615180
129 -1.946380 -0.519590 -1.155080 2.909170 1.310020 13.918090
130 -0.980690 -1.153830 0.062930 5.672490 -2.908360 10.412880
131 0.157250 0.215160 -0.307310 5.084250 -24.132090 5.628900
132 1.407780 -0.744500 2.695170 30.816210 6.892800 -13.753340
133 2.684110 0.301040 1.395290 -1.046350 5.414960 -5.883450
134 -0.124920 -0.051080 -0.203700 15.492830 -19.782710 -23.332250
135 -1.506090 -0.028010 -0.662980 -6.827780 -8.464080 45.088960
136 3.104860 -0.146570 -0.244850 28.818440 -0.517070 33.825700
137 2.530680 -0.763490 -1.773780 25.063370 -16.222330 1.178110
138 -1.468300 0.339460 -2.941500 4.147740 9.063040 14.120120
139 -1.078230 0.622350 1.741000 7.093260 1.870470 8.176480
140 -1.890420 -0.247400 1.476520 30.557850 23.820240 13.062960
141 0.297080 -0.655710 2.074750 9.540410 10.335130 1.220090
142 -3.046280 1.261000 0.650570 9.976150 11.667440 40.494970
143 -1.832820 -0.738510 2.678940 17.591080 37.916820 29.073540
144 -2.155860 -0.654490 -2.818220 2.541040 -19.216930 21.456440
145 1.039970 -0.980320 2.519850 32.935860 15.520210 -9.416750
146 -2.435570 0.229210 2.956080 8.133300 27.917340 30.739510
147 -2.376030 0.906220 2.869920 27.625540 25.293460 27.915360
148 -0.581620 -1.132730 -1.418780 -5.931810 26.884920 2.497540
149 -2.065280 1.073920 0.125910 3.650810 22.001640 36.636260
150 -3.036350 -1.359090 -2.715920 13.164370 -5.173890 -6.554610
151 -0.552180 0.697210 2.477520 5.115170 20.344540 7.749640
152 -1.000440 -0.731200 -0.559990 31.413610 -22.620980 14.997120
153 0.975310 0.285530 -0.571360 34.731230 -0.223910 13.487020
154 -2.852310 -0.187650 1.490460 26.777870 10.611520 24.580880
155 1.450250 0.436740 2.864020 -0.463990 -13.000130 17.998790
156 -0.591860 -0.214450 -1.358330 0.578120 -20.195400 23.169490
157 1.307970 0.395540 -0.493720 0.895450 5.475330 -1.467540
158 0.521760 -0.206090 -0.849620 27.801490 8.080200 12.597530
159 -2.562250 0.067230 2.208940 -9.884100 10.263080 33.954420
160 -2.006570 -0.331940 1.984020 16.024990 31.786110 11.536120
161 -0.592620 -0.402090 2.728470 37.711360 43.464360 -1.926370
162 2.296330 -0.456120 2.820060 -21.973590 -16.650620 -1.454440
163 1.933180 -0.493160 0.310230 -5.258410 15.525680 -3.439990
164 -0.728840 0.623230 -0.547770 -6.611340 1.549350 4.792700
165 -0.795000 -0.011920 -0.613460 30.169320 -17.310890 12.804000
166 -0.669640 1.096230 2.988630 13.262470 51.405780 5.834860
167 2.706340 0.413620 2.288140 -13.006740 15.225700 12.235510
168 1.048740 1.135090 2.795430 -34.293470 10.706940 8.817940
169 3.043790 -0.769530 -1.037800 32.257410 -13.045740 7.610160
170 -1.307500 -0.597830 -0.037520 2.939830 2.990080 13.871900
171 -2.333510 0.864540 -2.137350 4.388580 14.974360 36.012980
172 2.639240 -0.233480 -0.163780 26.471210 7.408630 30.123180
173 1.000380 0.203550 -1.122840 33.641550 18.546600 -8.505580
174 -0.640970 -0.440620 1.702920 24.168780 34.586650 21.490420
175 1.413620 1.165680 -1.858210 12.484120 -12.003700 -11.252650
176 1.165700 1.401280 2.340980 3.518830 14.218730 34.036260
177 1.820230 0.236260 1.203280 3.443570 10.815610 -15.702380
178 -0.703450 -0.210230 0.128110 26.719600 -18.112680 33.322250
179 -1.904490 -0.537680 0.687240 22.030620 34.594960 29.346930
180 0.592250 0.316670 -2.949400 -9.988830 22.210780 11.460350
181 -2.518610 -0.773020 2.284070 -22.938190 29.883860 17.812080
182 -1.942890 -0.135600 -0.310380 28.345010 18.275550 41.629850
183 -0.036050 -0.945340 -1.518560 13.614660 20.873310 -9.119440
184 -2.195160 -0.179100 -1.425590 2.369240 11.548050 16.098320
185 -2.738760 0.270110 3.010440 -6.512750 -0.160890 35.307350
186 0.299280 -0.658790 -1.535970 22.394720 13.904420 -12.228350
187 0.150190 0.218410 3.114670 16.247040 6.752650 -16.258260
188 2.463370 -0.316150 -2.210000 47.840130 -25.077090 24.071760
189 1.257460 0.302090 -2.085880 23.670100 3.196310 -21.787450
190 -1.523190 -1.170260 0.728630 36.608560 -15.365680 10.637770
191 2.425630 1.027020 -1.043600 20.749420 26.214450 29.868060
192 0.200820 1.216600 2.122380 24.205260 41.104030 -3.684620
193 -3.042720 0.732520 0.222710 25.844380 25.659460 46.795210
194 -0.835580 -0.618940 -2.043430 8.837900 -1.002830 -3.933610
195 -1.274750 -0.546590 -0.612920 -0.262780 8.730960 39.420480
196 -2.861120 0.053970 -2.491340 5.647700 -15.773290 22.713040
197 -0.195030 0.883460 2.306510 8.754120 16.120320 0.980210
198 0.481930 0.619830 -0.721390 33.933120 -4.020210 19.264560
199 -0.936480 -0.462690 -2.110830 -2.250740 -12.072390 20.634480
200 -2.301690 0.215040 -1.901580 5.843320 9.582130 12.606750
201 -1.287800 -0.375160 2.200630 14.275050 36.256220 7.904600
202 1.958770 1.313660 -0.325200 35.690310 -0.264450 26.159780
203 1.269920 -0.753740 3.015020 5.842870 12.554800 0.795770
204 -0.469070 0.675870 -1.142890 7.645490 -13.755100 -7.297280
205 2.413350 0.198870 2.278350 -1.168640 -10.392120 34.554890
206 2.684160 -1.159460 -1.155380 32.192580 19.897920 -7.081670
207 -0.771070 0.362730 2.676960 40.375940 11.569990 26.372730
208 -1.403440 0.556460 0.507290 -0.137700 1.773640 5.255420
209 -0.474060 0.607610 -0.000880 2.397150 -24.009610 18.239390
210 1.660430 -0.787100 1.118430 -19.419900 16.687680 -24.679350
211 -2.559100 -0.174560 -3.114460 -6.285270 -6.183470 20.051920
212 -0.902350 -0.611970 0.452710 27.981070 -34.291550 11.005340
213 0.705980 0.500810 -1.970940 23.743400 -19.918010 4.008970
214 -1.384460 0.504810 2.586020 32.449170 -3.382700 38.227390
215 -2.543940 1.003760 2.081210 -1.403290 -5.162370 36.886420
216 -0.277660 1.478210 1.611270 18.671270 17.962440 32.488590
217 2.459260 -0.559400 -2.621720 12.510430 -18.753450 32.436170
218 -2.422340 -0.763810 -1.743470 6.092890 -10.566910 45.460490
219 -0.072260 -0.710320 0.984310 7.455770 -5.258800 2.369700
220 0.996230 0.415620 0.964680 43.784270 36.696810 -5.690640
221 1.995650 -0.011100 1.146250 5.873360 2.741340 -13.583380
222 2.732270 0.677050 2.257600 9.563940 2.445990 38.830770
223 -2.366880 -0.902450 1.605150 14.280820 46.324630 43.079640
224 -0.044700 -0.105680 -0.284230 1.817110 -8.141650 -12.609970
225 -0.686010 -0.219290 1.904900 36.546520 1.747100 34.317250
226 2.012820 -0.122460 -0.995370 34.611990 4.150450 23.846150
227 2.664010 1.109150 2.008200 18.072280 -8.198670 28.736150
228 -2.511400 0.122510 0.743870 29.435960 15.825980 20.577050
229 -1.563070 -0.249320 2.566950 32.782700 29.979370 36.014900
230 -2.057930 -0.179360 2.163170 24.226140 14.418510 53.253760
231 -2.126740 0.270180 2.939070 -3.880200 20.094490 33.505720
232 -0.076850 -0.225930 1.367290 36.584980 23.354190 13.783430
233 -0.428100 -0.238890 2.349760 10.442760 39.440350 19.521480
234 1.206870 -0.144680 -2.543160 0.809480 -10.627350 -27.233710
235 -1.804250 0.767080 2.798520 10.357670 27.382780 34.865850
236 1.003810 0.203690 -2.676930 13.414410 -20.459880 5.915370
237 -2.408150 0.279100 -0.840660 36.083600 12.513610 27.473600
238 -2.469160 -0.673210 -2.584280 3.522330 -2.146640 7.029290
239 0.965680 0.987770 1.073860 8.381870 43.523960 3.389960
240 2.441400 -0.295580 3.116500 3.246250 1.869940 -2.222050
241 0.496910 0.157120 0.097080 33.401730 17.077600 6.715840
242 -1.133580 -0.815990 -1.427060 -28.115470 -9.877140 24.786360
243 1.108330 -1.240210 3.016690 47.587520 11.195980 11.408100
244 1.539530 -0.212160 0.951700 -12.930740 37.374060 -16.944370
245 2.743700 0.368110 1.908740 3.816060 -17.379840 -0.007630
246 0.277080 -0.259660 1.100760 22.458440 -19.821110 -11.781090
247 2.646980 1.323090 0.502770 15.643960 41.322370 13.844480
248 -2.053670 1.111080 -1.488750 31.154410 25.265620 33.127540
249 -0.319430 0.289960 1.445760 24.234850 29.554570 -0.656080
250 -2.644060 0.927720 -1.420570 38.483970 3.709320 29.443790
251 2.917090 0.821240 1.404460 17.080970 -5.364990 28.977250
252 -3.033340 -0.190070 -1.929930 43.374560 10.601030 14.059540
253 -2.991300 0.221340 2.409280 -16.757930 -4.717940 30.940660
254 1.537010 -0.740770 0.304130 1.899930 39.282740 8.827720
255 -1.515890 -0.637110 -1.232830 12.210850 10.277310 43.757850
256 0.492270 0.579780 1.518350 25.533610 19.533940 -21.506530
257 1.745240 -0.578740 -1.987320 18.616500 2.698260 -14.395240
258 0.115400 0.797240 -0.354530 35.467740 2.625870 -6.984410
259 2.737530 0.058400 0.718850 -2.716570 12.670120 -1.111010
260 1.683940 -0.521960 -2.508730 31.854060 17.807900 -13.268750
261 -0.417980 -0.501600 1.669100 8.041600 9.799040 8.658270
262 3.133400 -0.599390 1.944010 -7.826600 -13.553580 19.880780
263 -0.459090 0.755520 0.090820 31.706210 10.261660 21.320850
264 -1.492140 1.296590 -2.721830 9.609590 14.422910 1.669710
265 -1.076530 1.037160 2.079280 18.791060 32.292390 29.269540
266 3.054260 -0.914860 0.941800 -10.853400 22.585210 31.099110
267 -2.008860 -1.019670 -2.596120 -13.424490 25.389120 20.929950
268 0.046370 0.016800 0.355830 32.665830 -24.651960 -23.442190
269 0.707120 -1.050750 1.519980 18.352650 6.885670 -30.072410
270 0.882540 1.112230 0.307800 35.456450 -3.533990 25.864300
271 2.181980 0.618760 1.308910 -19.014950 5.800160 19.801800
272 -0.775520 -0.291200 -1.390750 -12.610290 10.617230 -6.463740
273 -0.652910 0.756240 1.156890 30.033500 24.326070 15.935270
274 -2.582400 -0.542770 -2.634060 36.099820 -10.465910 28.819710
275 -0.598400 0.987780 -1.312910 -26.181380 0.276740 15.446890
276 0.097670 -0.120120 2.132940 44.020390 17.596540 5.375390
277 1.788740 0.076350 -1.349020 39.108000 26.745970 1.169260
278 -2.731560 -0.672010 1.315480 -1.027130 46.830060 45.376340
279 -1.156330 1.543650 -2.779160 11.616570 55.045500 11.588550
280 -0.486560 -0.178400 -2.708110 -22.025550 27.483230 -13.093880
281 -0.024240 -0.513300 0.189840 1.860520 -23.263670 -7.317510
282 -1.005100 0.997430 -0.026100 -7.999810 11.837190 8.941120
283 2.066810 1.011000 0.137910 38.058350 11.150310 17.260670
284 1.563890 1.143430 -2.608240 31.346920 4.192660 11.137200
285 -1.049400 -0.723620 1.142910 27.369590 32.817010 21.652280
286 2.853810 0.803360 1.814260 4.826400 20.510470 31.833390
287 0.662240 -0.823090 -2.683320 41.861760 24.864220 -9.520380
288 2.834940 -0.293620 -0.907580 46.924560 33.194520 33.835070
289 2.162450 -0.851700 2.489980 -11.869740 -1.474480 21.526590
290 2.853330 0.741100 0.796250 -9.348370 13.845950 7.636190
291 0.191330 0.091160 2.819700 -4.549230 25.991980 11.917410
292 3.019350 0.286250 -2.535010 42.519100 -7.425750 30.234100
293 2.726960 -0.124650 2.061370 -7.879920 19.395960 4.998370
294 -0.749100 0.130530 -2.386370 10.274380 39.622380 27.301670
295 0.672320 0.482550 2.141460 20.451400 37.421920 13.099190
296 -0.206610 0.040410 0.393700 59.542610 -4.739080 -2.325400
297 1.319510 -0.248830 -0.259390 22.297330 33.241740 5.491280
298 -1.927880 -0.037720 2.474890 30.622520 15.614440 48.854740
299 -2.739780 -0.995600 -1.262680 43.524120 6.799320 24.856390
300 2.627340 -0.392620 2.427240 -4.423520 9.038750 34.116500
301 2.742380 -0.340080 0.832940 2.769480 33.784650 -2.709200
302 -0.491420 0.642270 -1.937650 -6.551260 -14.647230 29.644980
303 -2.692810 -0.328290 -0.709740 4.000960 17.476910 11.100250
304 0.058940 -0.692030 -1.142050 0.792590 27.762740 -10.145770
305 -0.100060 -0.132370 1.172390 40.695400 37.339490 -5.746210
306 1.873820 -0.933410 -2.675580 38.965700 -28.856630 12.979500
307 2.012490 -0.138500 0.221100 -5.377060 24.109630 1.680090
308 -0.199330 0.084050 -0.022460 0.157460 -20.059980 21.407050
309 -0.241280 1.228580 0.287950 40.554130 9.808760 6.221210
310 -1.677910 -0.567460 2.766020 -0.903200 10.564320 10.052180
311 2.992910 0.420470 1.141070 -14.205020 18.181390 12.888570
312 2.053980 -0.174630 1.468900 5.567630 35.396700 10.612280
313 1.806720 -0.078530 -0.002100 -1.290550 4.489200 -2.791730
314 2.272740 0.829230 0.556550 -5.814960 20.049280 30.168830
315 2.996630 -0.398420 0.107570 14.790670 38.394290 1.425390
316 1.267270 0.926230 0.204800 55.083930 16.236620 24.785030
317 0.960100 -0.993390 -0.050830 -10.504110 -8.837260 11.560040
318 2.009420 0.952420 -2.846470 27.038760 -15.135120 25.463900
319 -2.953050 -0.434470 -0.238470 44.858330 4.916620 9.959820
320 2.709580 0.110290 2.030810 28.421610 6.710190 14.183690
321 2.505180 -0.529100 0.816350 26.504440 18.526540 13.125770
322 0.627570 0.201770 -1.769370 -11.046570 -0.765270 5.669980
323 -1.208710 -0.979160 1.418490 62.393410 7.945480 18.999030
324 -2.184740 -0.112240 0.664710 16.770580 34.366570 27.715250
325 -2.249450 -0.944950 2.976060 -15.137080 21.949950 42.269110
326 1.909440 -0.008380 -2.599360 1.267880 -17.505180 -7.056580
327 -1.999170 -0.875850 -0.402490 38.871470 13.915890 24.803930
328 2.087910 1.133910 0.376710 25.696790 29.772490 -6.697420
329 -0.929810 0.252550 2.287940 18.465380 17.585560 41.434230
330 -0.735330 0.917530 -1.203270 -22.789200 -22.086820 15.599410
331 1.724410 0.137590 2.141780 -15.846670 -14.047750 -13.014510
332 -0.989560 0.327080 1.866880 20.777570 19.967230 39.889860
333 -2.730310 -0.652860 0.756770 -5.251120 19.042450 35.559680
334 0.944630 1.073550 -1.928140 -8.086940 1.726700 4.694970
335 -0.234240 1.096390 0.514060 19.725380 -22.808400 -0.052220
336 3.103950 0.630030 2.923710 1.045400 2.242760 1.836710
337 2.765120 0.910020 -1.224870 28.216930 -3.667490 36.992720
338 -1.900640 -0.773930 1.148500 33.930560 23.174300 4.399900
339 2.902010 0.704560 1.163430 -14.054920 -5.978980 29.565540
340 -0.545050 0.155240 1.845390 42.283940 3.864210 27.535840
341 -1.725210 1.026930 -1.153270 3.777730 -4.999690 54.282600
342 0.123360 -1.176780 -2.460040 -0.840240 13.137200 4.843190
343 -2.008780 0.293860 2.436230 31.023870 15.873310 64.060370
344 2.985110 -1.090000 1.830510 0.478750 32.478480 27.058960
345 0.921740 0.175860 -1.025130 7.815080 -17.950770 -6.470370
346 1.458080 -0.722090 -0.541680 29.488290 20.932460 12.130760
347 -0.389690 -0.051860 -0.926460 -10.903850 -18.611520 -13.954460
348 0.585290 -0.803100 0.638440 28.311420 -1.739290 -12.381640
349 2.061830 -1.328740 -0.201130 0.829820 39.929500 -10.320950
350 -2.256610 1.117960 2.187870 37.645290 10.040300 25.045870
351 -0.727970 0.921120 -0.946650 -9.932710 24.661580 8.502890
352 2.269520 0.069430 2.750290 -23.254490 -20.519880 1.829310
353 0.306850 -0.944580 -2.699410 22.613060 46.548830 6.238880
354 2.809620 0.136970 -1.216080 7.237850 11.903950 1.953390
355 1.639810 0.209990 1.816230 10.964300 27.896820 -8.982670
356 1.768970 -0.822440 -1.691050 53.550440 24.378090 -5.650650
357 -0.999280 -0.764010 1.024660 62.979630 -15.127770 16.354930
358 -2.752330 -0.628500 -0.161960 35.162480 -11.633750 28.244950
359 -2.592050 -0.350160 -0.144940 42.696660 17.227750 59.466960
360 0.002490 -1.080340 1.067230 16.039600 -29.394650 6.692750
361 2.001980 1.207890 2.695670 -6.305280 -28.654900 5.459000
362 2.313310 -0.184320 -1.529680 41.217600 19.499580 -6.333420
363 -1.795220 -0.349540 2.931310 -17.722420 35.153150 19.500490
364 1.055490 0.652760 -2.567050 24.064310 -4.025680 21.333390
365 2.192410 0.492870 1.761320 21.810560 -6.829310 21.770570
366 -0.831630 -1.325210 2.556120 41.341480 25.019230 17.727570
367 -3.137600 -0.389660 -2.531870 -2.645930 5.219030 33.676650
368 1.838440 -0.617290 2.247540 2.830310 16.069780 -5.954140
369 -2.412290 0.128010 -1.520960 0.653010 -3.673330 36.531220
370 0.187820 0.107320 0.883890 38.251980 9.260740 15.406110
371 -1.134520 -0.477920 -0.408240 26.476330 -10.872420 37.663710
372 -1.977020 0.008500 0.556830 29.199170 -18.663040 29.587830
373 -0.663390 -0.589310 -1.227570 -8.422930 21.551220 32.391830
374 2.852990 1.395030 0.100340 11.590870 39.773240 0.038520
375 -1.335190 0.759090 -2.378760 29.345820 35.489780 18.173250
376 -0.317280 -1.426390 0.656370 33.071900 -15.936740 28.418130
377 -3.022610 -0.795580 1.169100 2.988150 35.214030 43.199390
378 -2.320070 1.357420 -2.498460 22.155950 5.129650 38.518810
379 0.786990 -0.562100 -0.591360 1.582160 3.062000 -34.266870
380 0.781320 0.637370 1.717600 8.868300 25.166800 -21.539900
381 0.895870 -0.987210 -0.753380 21.280600 30.728190 3.089880
382 -2.867510 -1.287540 2.055050 -23.877530 30.810760 27.443460
383 -1.547090 0.849420 1.532110 55.114290 -17.861750 28.212320
384 1.809360 -0.611620 -2.976670 11.889010 -19.276120 16.220630
385 0.461660 0.284930 -1.840010 8.695040 4.282870 -25.604420
386 -0.759770 0.418970 -1.683930 -3.875790 -11.460890 35.868330
387 -0.489520 0.053220 -0.715280 12.094270 -4.983180 -12.936250
388 -1.062020 -0.410850 -0.624250 5.773500 -4.184470 42.834370
389 -0.282270 -0.728970 0.007440 35.440890 -17.052610 -1.236020
390 0.916220 -0.604130 1.646400 26.749700 17.903270 -7.814720
391 -2.231270 -0.732510 -2.777400 -7.088890 22.047170 16.293790
392 -2.568070 0.713770 0.005390 -2.950680 6.020720 3.767180
393 -0.984180 -0.937290 -1.974130 8.421460 12.437410 42.096100
394 -1.916670 0.692830 1.751360 16.133260 20.898270 3.995830
395 1.684940 -0.566590 1.194040 12.189380 29.175360 -3.649560
396 -0.932320 -0.462860 2.962900 13.919430 31.605480 38.316610
397 0.652510 -0.479600 -0.675390 -1.579800 20.983800 -30.588080
398 -0.285900 0.795490 -0.164820 23.798650 -9.660330 33.047520
399 0.615450 -1.089190 0.016000 16.695920 24.489450 14.259880
400 0.747150 0.444720 -1.545060 -5.474000 -12.796790 8.803710
401 0.211880 0.808410 -3.132750 -24.835100 16.062320 28.535620
402 -1.548380 -0.545410 2.463960 -1.233120 34.055890 10.339820
403 0.902710 0.215840 -2.024110 8.335040 24.486930 -15.580350
404 -2.463980 0.423590 -1.854320 22.975150 33.741920 39.900860
405 -1.490040 0.007230 0.758280 47.213340 24.987890 35.753740
406 3.089960 -0.132520 -2.662030 23.768310 -26.868480 50.167320
407 0.769340 -0.304370 -0.018180 1.747840 20.853990 -23.762130
408 2.180140 0.961680 -0.315550 15.423010 4.065430 -11.224070
409 -0.640570 1.019430 -1.129140 14.979220 -14.857620 28.893090
410 -2.341270 -1.110260 -1.286330 15.163840 19.800110 37.985710
411 -2.549240 -0.510870 3.121610 28.379230 -17.162610 30.588500
412 1.772000 -0.800960 -0.367760 21.445230 -2.370560 25.054040
413 -0.955070 -1.066210 2.870030 6.223480 21.198030 39.754520
414 0.245960 0.281450 0.022690 49.299670 -20.603950 8.043670
415 -1.809020 0.165390 0.111100 10.388730 -22.880230 48.016010
416 2.872200 -1.072550 0.762510 26.820670 20.764230 19.774170
417 2.844710 -0.116710 -2.880510 -13.495840 -14.096100 24.753770
418 -1.458370 0.298120 -2.739680 31.237960 18.672790 38.646980
419 0.262210 -0.227680 1.539010 15.015580 17.892590 -28.844130
420 1.162580 -0.845290 -2.289840 21.994700 39.220310 12.345690
421 0.685100 0.008110 -0.369340 -1.433280 15.096400 -7.744360
422 -0.159290 -0.836030 -2.712260 -8.574360 39.173740 -16.947040
423 2.683260 -0.836800 -0.568490 35.057020 18.957740 -5.946540
424 -2.742200 -0.194880 0.300420 18.157570 40.100010 54.999250
425 -1.319660 1.018720 3.005300 32.990480 44.309530 14.771810
426 -0.138210 -0.667140 2.940870 30.430360 31.418680 26.668680
427 0.958770 -1.114640 2.143740 35.245740 -3.141670 30.485340
428 -1.917650 1.316190 2.232780 37.064740 19.958560 18.707380
429 -0.550300 0.662570 2.684840 40.286380 20.520160 20.394710
430 0.576310 0.420510 -2.375890 -12.901470 -15.392290 -28.129090
431 2.403700 1.199260 -0.093190 26.742130 36.636770 -1.518840
432 2.354150 -0.223580 -2.216290 27.471390 -16.112210 36.433620
433 0.789950 1.182630 -3.017990 -20.827670 8.803690 39.025710
434 -2.757490 1.187540 0.450160 -24.702190 -1.536830 36.613600
435 -1.676210 0.941810 2.316800 2.271920 6.173190 12.367060
436 -2.674250 0.858600 0.128860 -6.412780 29.712470 6.286970
437 1.072500 -0.445590 2.478680 -10.818860 5.616520 -25.270850
438 -2.143440 0.587180 -2.195880 14.581290 39.216870 49.883190
439 -1.457740 0.214590 2.681040 30.370720 5.992700 43.799730
440 -2.028700 -0.534970 2.203430 32.839980 16.093530 27.022890
441 2.213700 -0.072240 -1.393440 64.014540 10.536280 -0.201250
442 -2.933030 1.205560 -2.784330 15.287480 13.912470 34.460090
443 1.149690 0.284260 0.637090 21.433300 -8.295590 -15.446780
444 2.635550 -0.084270 -1.126320 41.820720 28.797630 4.238080
445 1.767610 -0.069190 2.453410 -3.135300 20.763360 0.004930
446 -2.849940 -1.251340 0.981070 20.994180 53.633420 27.049340
447 0.628530 -0.254340 0.290390 22.426770 22.293650 0.403020
448 1.336680 0.123050 -1.735350 11.689170 27.808410 -10.047980
449 2.578380 0.972490 2.411510 6.387250 -13.875820 -7.368160
450 1.493080 0.392360 -2.011910 36.623000 -8.908300 15.512640
451 -1.751050 -0.373790 2.173780 12.865350 53.519290 50.201700
452 -2.950540 0.466290 -1.368920 39.810910 29.686180 52.348430
453 3.047720 -0.327210 1.938730 -2.833330 -19.140190 12.709510
454 -2.288090 0.081120 0.006510 37.753940 9.970690 21.832590
455 1.737330 0.446420 1.577520 -8.136480 53.182900 11.940880
456 -1.802670 -0.051800 -0.172670 47.493390 -9.828880 46.192050
457 1.123560 -0.192700 3.037310 27.612450 19.456510 -13.542770
458 -1.272060 0.895290 0.398870 29.468770 9.954500 23.077050
459 2.118310 0.737140 -1.475430 31.011080 6.908730 -14.746050
460 1.644730 -0.388220 -1.351330 24.891580 8.689090 -21.162620
461 -2.966710 -1.251770 2.117760 26.676690 10.070700 22.548450
462 2.353520 0.796380 2.392630 7.155050 3.084520 -12.940460
463 -1.586070 -0.210420 -2.503170 -4.616160 23.248940 9.238550
464 1.650100 -0.318440 0.091650 32.803070 11.731260 10.106590
465 -1.779070 -0.686350 3.128260 -0.501790 3.023250 7.313310
466 0.339680 -0.928090 -2.332680 21.712200 48.503540 -12.195810
467 -0.828490 0.782860 1.591160 43.194470 27.391730 45.783730
468 2.119660 0.506370 -3.141570 12.274760 -12.834760 34.495340
469 2.730370 0.587410 -1.458980 46.102490 -7.250980 6.915830
470 3.049130 -0.166860 0.768850 18.566980 1.392950 35.016570
471 -2.094750 -0.190900 -2.881610 -1.709570 28.101440 22.209650
472 3.133870 -0.632500 -3.110110 31.499320 -5.413370 32.711140
473 -2.631310 -0.839260 -1.962240 8.334710 -1.040900 5.768600
474 2.681860 1.057040 1.345050 -34.473820 23.870070 33.008640
475 1.657350 0.480090 -2.349020 28.388710 -13.983070 24.526740
476 -0.523540 -1.483060 1.146930 9.889860 11.660290 3.589750
477 2.410780 -0.127460 0.168950 21.019540 25.654830 -9.794980
478 -0.006100 0.578270 0.731820 35.331460 -7.874920 26.368520
479 -0.506100 -0.174750 -0.225610 -0.981550 -29.473690 9.102290
480 -0.483620 -0.773500 0.376550 9.721630 -29.268100 10.865690
481 2.683810 -0.270040 2.863570 4.271650 -3.425050 37.588410
482 -1.727340 -0.676850 -0.363780 12.722850 10.014350 44.007740
483 1.287610 0.721160 2.549990 -6.133610 0.432780 24.621890
484 2.464490 -0.672400 -1.397250 25.804240 37.690190 12.100750
485 0.256230 0.055650 -0.346310 11.640780 26.601230 15.266940
486 -0.202830 0.107680 -0.546450 33.436580 -29.187530 10.752800
487 3.073580 0.481460 2.568630 12.565850 25.500050 17.939290
488 2.268520 0.815220 0.843460 19.103880 42.240710 23.975870
489 3.011960 -1.550330 2.257450 3.333190 -19.450150 3.312330
490 2.337450 0.435850 1.980710 -28.940120 6.398670 4.072680
491 1.296340 0.240990 0.948540 10.751080 7.353200 27.741000
492 2.716950 0.356850 1.593120 -25.182520 -4.183760 37.945790
493 -0.467650 0.748340 -2.918510 30.622700 28.397100 2.542230
494 0.029710 1.399050 -0.768370 15.605930 -24.144530 48.040650
495 1.915490 -0.304750 2.708970 13.848590 9.226600 28.983330
496 3.053370 0.440680 0.201960 -3.001360 39.396170 8.991920
497 2.685930 1.505830 0.151150 -3.348110 49.649340 50.290010
498 -3.048820 0.014390 -2.057650 38.266080 0.988860 49.002530
499 1.991590 1.398020 0.508240 31.337040 20.303910 -9.436220
500 3.033340 1.149690 2.088210 -13.985960 -15.017290 22.472310
501 1.200520 -0.904110 -2.799860 15.756810 -8.652620 -23.023830
502 -2.086640 -1.065600 -2.762090 -22.656790 6.202740 37.950210
503 -0.436030 0.336940 1.242170 35.378890 12.883890 32.619380
504 -1.646660 -0.665060 0.508270 20.966460 9.880930 44.826800
505 -2.125790 0.704550 -2.059310 35.783750 24.955670 31.149240
506 -0.829020 -1.249780 -2.146370 -8.302680 5.347940 35.356530
507 -1.966450 0.120000 2.773520 24.546630 -13.419790 39.984250
508 -2.610200 0.219800 -2.185670 27.041440 10.534770 61.436550
509 -0.369260 -0.066710 2.423020 39.669180 10.960210 27.929810
510 -3.016230 0.864080 -2.298800 44.975720 -2.076380 -2.653540
511 2.342110 -0.835460 -1.725410 50.158600 7.981240 23.039030
512 0.198100 -0.495680 -2.518340 20.294400 37.884420 18.769840
513 0.778430 -0.144550 1.950190 2.175630 30.617930 2.023800
514 -3.108450 0.586060 1.123340 -3.644700 41.408150 48.874200
515 1.880770 0.485430 1.590220 10.596780 29.587660 -9.959200
516 2.826160 1.305370 -0.258680 27.302300 26.905840 46.370960
517 2.451600 -0.170960 0.784300 23.015820 2.612680 24.855780
518 -2.817080 -1.159540 2.990050 9.696910 -3.325580 -5.988510
519 -3.068130 0.576970 1.038260 6.771230 39.915970 46.820530
520 1.836940 -0.218120 0.461260 -3.081170 53.523240 -8.818810
521 1.418580 -1.328550 -2.685920 8.360450 -5.028320 21.052330
522 0.491680 0.649040 2.881380 30.217080 18.833010 -9.487000
523 0.609280 1.061270 -2.319100 -22.572880 -17.186170 33.139290
524 0.383870 0.215890 -0.175880 24.221800 21.183510 -5.697900
525 1.159280 -0.339220 -0.673500 43.257310 -6.615690 -27.417780
526 -1.972560 -0.798290 2.460190 -5.875780 43.232190 44.309610
527 0.380990 -0.531990 0.774420 15.024270 -28.283340 17.144460
528 0.712220 0.449380 -0.860710 25.149350 11.294780 -18.292060
529 -2.587890 -0.027640 -1.412760 2.040380 20.071040 15.673120
530 -2.082640 0.604740 3.047300 28.984040 5.478290 66.956250
531 -2.684890 -0.221710 2.909710 1.734600 -20.946270 23.233500
532 -1.682770 0.183820 3.033420 30.429880 29.163170 40.378590
533 2.847640 -0.520440 1.399380 -15.138380 16.183830 39.616700
534 0.961200 -0.154300 -3.041850 5.090970 -9.679710 8.416820
535 2.226920 -0.586950 0.772880 17.025370 30.297350 21.771470
536 -0.684880 -0.582490 -0.754340 10.246020 22.448650 3.446680
537 -1.206990 0.100590 -2.962760 -16.429810 15.737660 38.000770
538 -2.700720 0.371950 0.938130 0.748770 -3.786240 61.406540
539 0.203920 1.264130 -1.325420 11.296140 -39.707590 -0.039310
540 0.318500 1.265410 -0.643260 18.586530 23.548080 17.039750
541 1.919610 -0.231860 -2.196980 50.301850 -14.694010 5.878390
542 1.938330 0.864970 -2.023190 36.938100 3.749890 25.882790
543 -2.508470 0.357540 -2.782540 4.789670 26.093490 33.598450
544 1.896930 0.634100 -1.449170 59.643200 -4.043160 -4.870610
545 1.436360 -0.217180 -1.593870 37.938920 18.815880 8.354380
546 1.418300 0.819650 -0.528510 17.246040 14.339100 27.848750
547 -1.266520 -0.793260 1.831800 26.109740 29.559710 -2.617680
548 1.183340 0.031990 0.336810 36.710740 16.353570 7.042480
549 -0.548900 0.287980 2.908350 21.232580 52.859750 1.455410
550 0.814650 -0.099430 -1.455690 21.937340 -3.494550 24.073840
551 0.068530 0.112930 -0.325760 19.369540 22.978490 13.712670
552 -1.718860 0.758840 -0.637210 18.007270 1.607310 44.009560
553 1.040560 -0.356600 2.454300 -1.444050 17.184370 1.199700
554 -1.475310 -0.168100 -1.798480 -5.188330 3.579770 7.734550
555 0.115090 -0.085430 -0.079870 -7.202890 -10.285160 19.151260
556 -3.057650 -0.231790 -2.120520 14.262950 -23.872460 14.003500
557 1.166430 -0.150860 -0.362750 -5.247220 -1.691370 2.001580
558 1.693310 -0.393760 2.434690 35.687730 -16.063390 -5.103170
559 0.389560 0.285950 -1.048020 28.836190 9.369730 7.737340
560 -2.490010 0.219000 -1.619570 28.891270 33.987850 20.988480
561 3.073730 -0.401540 1.284970 1.152290 56.907440 13.873380
562 1.665020 0.419020 -0.850030 30.834810 34.524470 4.529380
563 -0.674910 0.464250 -2.820550 7.283700 43.156440 -0.119000
564 1.221920 -0.944230 -2.391800 50.179730 10.416420 1.035460
565 -0.199640 -0.899980 0.007470 -2.853090 -33.197490 -0.000550
566 -2.282300 -0.750730 0.405420 53.199950 33.443280 10.076540
567 -0.926950 -0.337160 1.376410 64.261540 12.019010 26.382470
568 3.032070 0.341720 1.558270 -25.226510 3.629410 47.994590
569 1.270550 -0.035440 -1.848770 11.906520 26.195980 24.974480
570 -0.455600 -0.679450 1.778400 4.497990 18.697530 12.123260
571 -1.963410 0.464720 -0.706290 12.115560 -18.208530 23.113980
572 -0.537570 1.068660 -2.757200 13.560340 30.334860 34.206900
573 1.635710 -0.467630 0.870570 1.254340 -19.793100 13.078500
574 2.988010 0.029100 1.366220 -14.830040 0.123310 19.891530
575 -2.304120 -0.653960 0.223260 55.957390 18.461990 8.530640
576 -2.683330 -0.870970 0.798960 27.845770 -8.102840 11.315070
577 1.844930 0.101920 1.224470 13.466190 -3.639280 -15.585730
578 2.143690 0.330730 -1.545520 14.154870 8.277670 29.679300
579 -1.956900 0.203040 -2.594730 -2.514750 35.513400 28.485380
580 0.293910 -0.351870 -0.125800 1.234800 -21.520490 18.867390
581 3.063310 0.425780 -0.267200 13.648090 7.048750 47.920180
582 3.030590 -0.819640 2.532330 15.279720 24.304150 22.181840
583 0.494890 0.643120 2.403360 5.505000 34.693690 -24.030210
584 -1.353400 -0.583230 -1.259780 -12.353190 -26.843030 -2.722570
585 -0.579080 -0.573700 1.050290 7.089010 -1.898430 8.669460
586 -2.162280 -0.660970 0.986480 38.399240 48.499790 11.995990
587 -2.452110 1.225940 0.961010 9.053230 -2.060600 -9.952330
588 1.644340 0.040400 1.718280 -15.540980 18.974370 -26.675580
589 0.911820 0.528710 0.817110 23.052990 -13.829400 -9.437860
590 -0.665320 1.161460 -0.668670 5.502330 -29.660740 3.256570
591 -0.412490 -0.973070 -3.021330 5.559270 10.465520 -8.620620
592 0.003490 -0.965980 0.614040 17.285850 -41.397210 -4.127160
593 -2.356870 0.737080 2.294970 26.961180 -22.163040 5.785010
594 1.208050 0.749530 2.553870 15.158600 16.282880 -17.758220
595 -0.457620 -0.253940 2.058740 31.657000 8.438590 -13.377740
596 2.438020 -0.919580 -2.084030 34.894480 23.933910 27.249000
597 -1.806130 0.851940 2.717860 23.928760 41.677650 26.628350
598 -3.087660 0.452440 0.369780 16.475650 38.716290 17.420360
599 0.191580 -0.084440 0.774010 4.931820 -2.605890 -4.012060
600 0.735870 -0.341580 -0.511020 1.567250 6.172690 -25.734170
601 -2.364180 0.279260 1.788940 9.824110 -24.731610 26.321020
602 3.044910 0.431020 -0.469370 37.104710 30.600740 11.492550
603 2.340950 -0.877280 -2.442780 41.933540 14.544890 15.491140
604 -2.423260 1.094000 -1.219440 16.791990 35.597780 -1.755000
605 -0.357950 -0.229800 1.244110 52.402330 32.575180 1.591500
606 -3.112560 1.245160 0.028840 5.314860 8.339120 -6.589310
607 0.172760 0.809390 0.202180 10.984930 -1.481670 -10.616040
608 -2.587000 -0.677430 1.061180 2.414990 7.715400 0.116810
609 -2.399760 -0.618570 -1.485940 39.809440 -12.841850 34.459200
610 -2.690620 -0.386970 -0.456120 36.773170 31.452580 22.114970
611 1.292710 -0.605240 2.307590 16.799020 -26.918970 -27.648480
612 -2.506550 0.259380 1.197620 -6.746230 -9.937950 27.090660
613 1.780520 0.301600 -0.411690 5.079630 10.896760 26.722330
614 -1.322840 0.368690 -0.270840 38.041160 -17.846130 33.377870
615 2.379140 -0.890450 1.272080 29.307530 6.363480 11.810170
616 -1.676680 0.657870 -0.914780 8.962760 -12.483280 59.326290
617 -2.478600 0.317370 -1.351220 20.862500 3.294550 -3.882790
618 -0.004960 0.644570 3.114410 -10.386520 47.908070 -9.512200
619 0.680230 -1.232750 -1.797710 11.007490 26.281030 35.153200
620 0.731950 -0.635340 -2.025240 -1.029450 12.252080 0.914680
621 2.567600 0.104120 -2.309380 43.549810 5.315130 -2.936620
622 -2.448330 -0.357770 -2.414300 24.682270 -10.825980 43.312150
623 2.489800 -0.520650 1.460000 -1.968110 41.703110 -3.459070
624 0.950740 -0.366490 0.636140 8.145240 11.603250 28.858770
625 2.473320 0.583990 1.863660 6.371810 21.625340 29.221320
626 -2.741660 -0.422550 -2.030090 43.642140 -0.009500 22.667870
627 0.652890 0.600900 2.192990 14.464040 6.360500 -17.610760
628 -2.092540 -0.703530 -2.648710 17.688600 23.501740 7.790330
629 -1.553000 -0.381470 -0.509370 7.962920 -25.412000 17.144760
630 -1.766140 -1.299720 -2.249630 -33.672040 -3.206560 -3.339400
631 0.267320 -0.006220 2.815290 24.880890 22.157220 -30.116750
632 -0.820410 0.566460 2.538140 32.172350 28.552140 -3.630120
633 -3.111890 -0.731810 -0.286030 28.232140 27.289120 -0.405390
634 -2.876750 -1.388180 1.218870 3.413140 6.246210 40.442170
635 1.097330 -0.363720 -0.203590 36.161850 8.453470 -0.206210
636 2.025340 -0.714470 1.444910 -2.920340 26.371660 -21.449900
637 0.826360 0.276600 -2.699750 21.543710 30.492270 -4.834300
638 1.881220 -0.594750 1.244360 -4.497300 42.488510 -18.411420
639 0.424940 0.526180 -1.448000 16.898720 -9.550800 -23.843400
640 -1.473510 -0.169260 0.752160 42.865400 -2.971750 5.562970
641 -2.317360 0.233140 2.955880 26.366220 22.268930 52.505900
642 0.458320 -0.357920 -2.432160 -7.024050 25.678250 5.372480
643 0.737360 0.652240 -0.333150 58.971310 -9.172940 16.380910
644 -2.189170 -0.447970 -1.951370 -6.972380 -1.003310 53.678530
645 3.054060 0.995910 -1.997740 62.248550 6.045800 28.229190
646 -2.722550 -0.280010 -2.002010 15.771820 -40.051800 24.904750
647 0.578410 0.361690 -1.236280 -10.582680 10.075910 6.902750
648 -1.068880 -0.698050 -2.164210 -36.467690 16.227540 2.004270
649 -2.271320 -0.127590 -0.334700 14.305810 -2.275430 58.718890
650 2.731060 -0.644450 -1.500290 21.261770 36.319780 21.922130
651 0.226900 0.494510 2.242740 8.458890 -6.943610 16.177430
652 -0.239350 -0.484430 -0.371920 0.853300 -18.647050 30.275250
653 1.503340 -0.162380 1.911340 -11.801750 -5.149310 -29.026930
654 -1.018870 -0.288840 -0.340880 5.148790 -13.713710 41.577360
655 1.141680 0.007820 -2.912800 20.853740 14.346530 -21.072220
656 -0.078800 0.516800 -2.906090 26.041510 34.601210 4.336230
657 -0.268230 -1.443670 2.353670 60.064250 25.817280 9.001100
658 -2.719250 0.773280 1.937650 9.562420 -32.477020 49.242320
659 -0.048310 -0.296750 -3.122260 15.668400 50.088490 -19.285630
660 -1.150210 0.398800 0.003480 38.109270 -37.156780 45.392720
661 0.400690 -0.034250 2.350040 28.100560 35.187410 3.881340
662 -2.969830 0.595790 -2.300290 46.925520 3.442770 54.059830
663 -2.748950 -0.646120 -1.623560 34.535990 15.322620 35.851290
664 -0.481690 0.264260 1.490010 5.998330 -4.886810 9.698490
665 2.703390 0.523880 -0.570540 28.967860 44.803250 9.047340
666 2.161780 0.537830 0.108240 46.700180 48.735910 18.287320
667 1.969730 -0.091620 -1.545330 23.679580 28.380880 -8.490730
668 0.686820 -1.229760 2.903780 35.354260 21.770230 29.924310
669 -0.135740 1.023810 -0.986920 2.291630 -12.497220 36.429620
670 -1.830400 -0.051800 0.608550 50.357890 23.153140 37.837490
671 -1.285600 -0.024810 2.547240 26.202880 -9.010570 39.295160
672 -0.868440 -0.719710 2.483910 45.734070 36.049510 8.295610
673 -2.268800 -0.231690 -2.321030 32.045520 18.697650 34.609380
674 -2.470670 -0.199820 -0.517700 11.782840 10.127650 0.056740
675 2.903660 -0.724570 2.851290 -6.452420 6.010920 -0.309950
676 -2.828710 1.069720 1.463640 25.472460 10.690930 21.247510
677 0.339110 0.696090 2.379010 -2.661920 46.908530 22.939720
678 0.127020 0.853860 -0.600090 34.622070 -34.237660 -13.326780
679 0.203820 0.485720 0.481540 11.136770 -20.333300 -2.425130
680 -0.675600 -0.169260 0.336540 29.764900 -39.263170 1.805910
681 0.342560 -1.060300 -1.432480 5.285620 1.163450 -27.634910
682 2.027190 1.081380 -3.033880 9.552370 -44.589100 9.159480
683 1.440600 -0.814800 2.088700 -3.226810 13.399810 -27.948100
684 1.273090 1.043800 -1.553210 22.636480 -4.739460 -16.825200
685 -0.748050 -0.084170 0.270280 -0.012340 -14.042340 30.993310
686 -1.312730 0.567500 0.763850 22.260940 12.736820 1.144520
687 0.447900 0.607890 2.002560 -0.676890 15.234110 -0.802360
688 -0.082150 0.704780 -0.663730 -10.347160 13.298120 10.566350
689 1.959820 0.685940 -0.501920 58.705010 36.445920 -0.234870
690 -0.797140 0.867990 3.034870 -2.956730 40.504410 46.010400
691 1.931880 0.965870 -0.160170 43.112340 53.228410 7.496210
692 0.988580 -0.347260 1.955180 40.558380 -14.040040 -0.217720
693 0.562020 0.501850 -0.516810 19.635770 -11.299160 -18.717040
694 -1.961650 -0.547090 -0.557390 19.956270 13.398490 46.013860
695 -2.292950 0.682100 2.785230 41.256630 -14.573590 7.188660
696 -0.405850 0.169520 -2.802710 28.968800 8.516380 35.102300
697 -2.206450 0.751880 -2.468230 8.395170 3.449280 9.194910
698 2.680380 0.015390 -1.713120 38.575000 23.009130 4.057830
699 -1.945220 1.132500 -0.164650 -10.345670 11.007080 6.273040
700 -1.371810 0.053030 3.085900 11.656440 51.538960 45.436080
701 1.456390 -0.285960 2.282720 8.308370 0.135310 27.781970
702 -1.708620 0.898520 -2.834280 46.927640 7.024870 8.002030
703 -0.580730 -0.522280 -0.755530 16.881440 17.477180 1.037150
704 0.465540 0.273870 0.467540 37.979370 11.054290 -34.117070
705 1.020480 -0.180950 0.716050 18.609730 14.221080 -41.826830
706 2.592610 -1.025480 -1.504030 57.878130 1.236680 24.485450
707 1.285300 -0.447670 -0.337120 -1.329620 9.473240 -11.322750
708 1.497710 0.142240 -1.528770 47.067970 5.598550 -20.749030
709 0.596840 -1.314240 2.259700 32.573180 21.897120 -3.524170
710 0.118200 -0.871530 -2.235500 7.278890 17.119550 -37.387370
711 1.002690 -1.145880 -2.703130 61.766600 6.555640 -13.807580
712 0.772870 -0.898190 -1.840950 39.754680 14.920960 -4.162370
713 1.407040 -0.181870 -2.266330 7.341600 -6.361030 -21.887010
714 2.885470 0.253300 -0.488640 29.351650 33.508760 3.776600
715 0.753610 1.181460 0.628990 47.269000 36.642810 -6.282040
716 0.828600 -0.303040 0.542630 36.788550 22.495150 -14.586080
717 0.073410 -0.252190 -1.646030 -12.172920 -3.056890 16.527790
718 1.778000 -0.041920 -0.456420 30.325950 23.999610 20.909060
719 1.880320 -0.271950 -2.498230 12.236190 5.520920 29.068690
720 -1.776790 -1.019820 1.608980 6.272210 25.043420 38.765700
721 -2.590750 0.945070 1.196400 0.809510 6.063150 66.513420
722 -2.003180 0.880220 0.723910 3.836730 -30.971400 51.130710
723 2.049530 -0.228380 0.756680 -16.243100 52.325100 3.804090
724 1.427660 0.948940 -0.984780 50.033270 -0.414720 -12.080330
725 1.102340 -0.013180 1.449620 14.190210 45.967330 -14.052860
726 2.286290 -1.281960 -2.711150 42.713870 -5.596850 24.205020
727 -2.449130 -0.250770 -1.143110 19.311030 -5.886300 60.579190
728 -1.173460 0.301910 2.614220 37.712810 49.940410 30.077190
729 1.413300 0.152140 -2.741420 20.328660 16.551790 -16.236020
730 2.965750 -0.415070 0.872980 17.494380 56.620120 9.209350
731 1.358020 0.585170 0.656040 38.695460 52.365850 14.847050
732 -1.605040 0.755160 -1.941210 12.346500 41.509720 35.447960
733 -1.346460 1.346920 1.547320 32.748310 -6.919990 53.305370
734 -0.807630 0.037360 -2.534580 22.316820 34.910140 29.284420
735 -2.044920 0.269910 -0.148450 27.040600 -19.386180 23.068770
736 1.614090 0.684980 -1.299850 36.087480 -14.453420 -14.587560
737 0.046000 -0.753000 -0.857520 -12.515210 8.650230 28.100240
738 0.042980 -0.139740 -1.332350 -14.309900 13.964550 -17.069940
739 -1.914220 0.329280 -0.843220 0.323380 37.796220 19.055740
740 -2.353650 -0.647170 -2.515890 -27.523320 -1.730090 19.085180
741 1.765690 -1.294900 0.459560 5.907730 35.626870 13.346300
742 1.138820 -0.497050 -1.469760 38.625790 18.784590 0.798720
743 -1.684290 -0.852130 -2.658610 17.972990 13.691270 -0.348330
744 1.838130 0.010760 -1.299680 31.144610 27.284180 -12.423740
745 1.204510 -0.031410 2.312600 13.908550 28.616780 -9.904860
746 -1.406790 -0.045570 -3.030390 22.922430 27.156530 42.753310
747 2.370590 0.623270 3.109020 23.602930 -21.048100 28.636630
748 2.082510 0.275800 -1.348540 59.070800 15.939750 2.158790
749 -0.985630 0.986400 3.031950 4.631160 21.100120 8.430350
750 1.837080 -0.722020 -1.604450 47.634710 -16.061370 -23.996250
751 -0.189280 -0.219250 -0.546490 21.778880 -30.009130 12.693310
752 2.781570 0.646000 2.451050 15.391860 -21.079170 -2.788760
753 0.356000 -0.841170 2.644130 39.218300 24.875360 18.545930
754 0.525330 -0.784280 -1.571760 3.435680 -2.926200 -31.604470
755 -0.293050 0.539440 2.357100 15.255710 -14.116270 12.938270
756 -2.192410 0.267760 -2.407830 16.249060 13.552640 68.587600
757 0.875810 -0.232520 -1.496370 18.792870 30.777560 -12.813360
758 2.729380 -0.094620 -1.415080 22.380330 8.560110 -12.101050
759 -1.163080 -0.851280 2.147580 22.111670 5.148560 43.011800
760 -0.726140 -0.750160 -2.440640 -19.739060 22.309890 -18.422040
761 -0.257920 0.228710 -0.420370 14.895010 -49.954740 0.940310
762 2.539990 -0.000250 1.169280 1.085410 -16.835500 10.893860
763 -1.098490 0.515090 0.473940 21.047710 19.090630 5.079770
764 0.286380 1.051330 2.100850 -6.708190 47.620870 3.887850
765 -2.934720 1.166560 -1.426100 24.080910 24.863130 -8.169660
766 -3.094850 0.242720 -1.611140 33.365730 30.572110 8.575390
767 -1.711830 -0.887820 1.018330 50.104650 13.776570 41.460820
768 -0.939090 -0.670810 2.374690 30.261220 62.060670 -8.836390
769 2.019450 -0.060720 1.465220 -21.768080 2.464240 6.337000
770 2.915270 0.993220 1.897750 16.005390 -10.180490 -10.525660
771 0.382670 0.621320 -2.036630 -25.726390 -14.037670 -6.027910
772 -2.507690 -0.967230 1.189680 -1.281250 8.235770 38.606420
773 -1.287360 0.811580 0.816240 9.090110 -5.769640 -5.642730
774 -2.532000 0.417030 -0.505760 37.669620 18.899990 49.831630
775 0.394870 -0.235130 1.087860 36.607380 -10.801890 -32.213320
776 1.737120 -0.070250 2.148960 12.643690 20.031720 25.914790
777 1.862610 -1.446380 -1.006170 29.061370 6.057750 32.828880
778 1.319910 -0.321570 -3.023760 38.920480 14.009790 15.443000
779 -1.723300 0.032110 -2.699330 39.756950 5.566490 25.523890
780 -1.735800 -0.173710 0.065410 1.474510 9.604390 42.837710
781 1.955460 0.040060 -2.305150 19.097360 -49.878270 1.531180
782 0.555760 0.615030 -1.723690 21.443240 20.085200 24.661830
783 2.883710 0.897300 3.107170 34.614920 -40.448730 31.987110
784 1.928610 0.164210 1.617750 14.406450 -17.979070 -4.750770
785 -0.595840 1.019410 0.595780 43.786070 7.878220 42.154280
786 -0.518700 0.439920 1.309590 68.768100 0.814170 0.257370
787 0.080930 -0.319360 1.291740 50.611050 -12.272960 -23.248230
788 1.890490 0.883610 0.950520 25.283500 34.861460 24.110260
789 -1.646660 -0.600090 -1.469900 7.756040 -1.838410 3.861380
790 0.689980 0.668690 -0.094870 23.634940 21.007250 -12.102490
791 -2.195810 -1.185660 0.471940 4.059480 19.034040 6.203510
792 0.324630 -0.244970 -2.883310 11.388570 -7.389770 -5.471100
793 -1.450880 -0.519350 -1.193750 -14.186640 -11.285840 38.937940
794 0.076700 0.955130 -3.141560 21.177360 33.196140 -3.635430
795 -0.867740 0.271000 0.528840 65.533640 -14.440760 24.162380
796 -0.875810 0.002500 -1.983120 -8.756860 17.950140 -4.112670
797 0.740790 0.640220 -2.916300 22.609010 22.833770 -10.773590
798 0.084130 0.481970 -0.125390 34.304060 -17.307990 -20.738000
799 -0.561090 0.706100 -0.437070 29.003430 -20.583090 -4.543620
800 -2.545020 0.624020 -1.381680 15.926630 37.906750 58.514840
801 0.442970 0.641770 -1.695080 27.362240 15.664210 9.646020
802 -0.180290 0.080180 -3.043580 8.202740 44.989330 -15.661770
803 1.668540 0.295090 1.328010 21.478290 -7.536970 -14.892980
804 -1.770650 -0.867140 1.169120 21.871970 30.348870 40.328610
805 1.877750 -1.078100 -1.728280 33.314040 36.919350 10.825510
806 1.396330 -0.512000 -2.480890 49.449090 -11.525840 -24.228290
807 -1.366350 -0.540120 -1.182460 10.354200 2.657310 44.740890
808 2.681700 -0.875070 -2.906750 4.933100 5.534220 3.537230
809 -2.644320 -0.648060 0.970770 23.046860 31.134650 50.750170
810 0.924010 -0.419240 1.679360 13.963220 -18.241740 -24.143880
811 1.127290 -0.828280 2.361100 34.102630 -25.406590 -29.272830
812 2.105010 -0.543410 1.357760 -31.499700 12.668570 8.337770
813 1.733350 0.261070 -0.775760 48.346400 32.523720 -13.474720
814 -1.998790 -0.769100 -2.338760 15.465250 -3.600400 45.580620
815 -3.048390 0.749890 -2.703920 18.172850 -26.805240 56.127240
816 -2.947490 0.595380 -0.408130 36.378460 18.763540 19.588910
817 1.711500 -0.158230 -2.228700 47.688740 -25.858850 -24.378130
818 -0.553290 0.459020 -0.888070 16.950360 -34.265850 28.287310
819 1.015780 -0.244760 -2.004070 12.428730 -28.318340 -16.070150
820 -2.466980 0.620740 -2.923590 41.210450 11.946200 40.381970
821 -2.802400 -0.763990 -1.435870 44.492350 -36.169750 37.663540
822 -2.087220 1.035300 2.514130 58.404170 -9.049210 34.092670
823 1.654950 0.861710 -1.948420 17.212370 9.548010 -16.939120
824 -1.175460 1.258590 -1.348190 -30.113560 24.484490 25.933570
825 -2.125480 -0.441280 0.452240 17.040330 -6.889560 3.725400
826 -2.841620 -0.119910 -1.378790 23.927600 35.672820 22.085240
827 -0.417000 0.161950 0.595420 58.579170 4.169490 20.559710
828 -0.605780 1.052180 0.671590 13.039410 -17.709170 -3.841500
829 2.308580 -1.264860 2.906430 -0.870370 -29.949230 -22.526180
830 2.358470 -1.226950 -2.352800 40.986870 -22.305430 23.029530
831 -1.124840 0.752070 -2.357710 20.849600 39.266140 23.941960
832 0.606280 0.731100 2.832750 8.301060 34.678650 -11.430280
833 -2.627040 0.171610 -2.557100 2.677600 -28.318590 46.872450
834 0.858480 -0.891410 2.621590 31.850890 -3.989560 32.379280
835 1.908140 -0.373490 1.560790 -13.748800 36.032520 -21.109020
836 2.125200 -0.934790 -1.185830 13.532260 42.217900 14.415250
837 0.658610 -0.624740 0.405160 3.515670 26.253780 -36.886230
838 1.433940 0.037970 0.417070 23.400380 48.674600 13.014300
839 0.924820 -0.480870 -1.730260 28.456220 7.166310 23.682910
840 3.103720 1.254170 -0.884340 4.187300 0.341370 20.679130
841 -2.196090 -0.918600 -2.076720 -30.799140 -11.532650 21.359380
842 0.435680 0.417870 1.338720 7.306090 5.800690 -4.071950
843 -2.415530 -1.244270 1.468900 -6.604780 15.709260 11.730340
844 2.271590 0.563320 -2.218790 18.987780 -40.230390 30.010080
845 -1.420860 -0.684990 -1.911270 3.027150 0.597640 2.438900
846 0.907830 -0.191990 -0.753060 -1.752140 -1.428460 -11.186170
847 -1.185310 0.504940 -0.536980 7.347730 25.207390 38.805500
848 1.923270 -1.222810 -1.338320 47.545430 45.694470 -7.280930
849 -0.724530 -0.221260 3.135760 27.887780 27.437940 35.305440
850 0.390970 -0.013980 1.752650 38.794190 -16.846060 7.009440
851 0.151200 0.362650 -0.322530 -3.076930 -16.101650 3.057960
852 -1.332710 -0.560170 2.777300 28.816410 -2.135770 36.147600
853 -2.105170 -0.292290 0.688720 -2.446340 8.604660 12.469060
854 -0.618270 -0.262330 2.267290 14.552210 8.176850 -1.597580
855 1.050080 -0.625850 2.155890 2.352050 10.956640 23.711410
856 -2.805500 0.773020 0.912560 -4.110310 10.675480 -2.457510
857 -1.102580 -1.022840 -2.517910 -26.780540 41.618380 20.585500
858 -1.494610 0.608200 -2.202310 20.278970 -4.535250 1.197540
859 -2.999650 0.394470 -2.756010 35.970560 -0.169580 43.790310
860 2.584420 0.561490 1.157310 -24.344380 12.698420 23.871720
861 2.453800 0.382900 -1.460340 26.854120 24.112600 -8.886180
862 -2.796010 -0.433200 -2.740060 -3.442840 6.655030 17.561940
863 -1.391460 0.737150 2.171240 11.021460 -2.513840 0.893220
864 -0.584750 -0.958970 -0.872030 2.097010 -9.302420 39.338940
865 -2.498070 0.577190 1.308750 -1.123760 26.294460 2.350920
866 1.356530 -0.044740 -0.285230 6.643040 23.268100 24.844940
867 -0.268180 -0.063980 -3.013740 32.081230 31.976620 20.130260
868 0.271520 0.492170 2.914130 -4.507680 39.244310 -23.791340
869 -2.408490 0.173040 -1.597540 19.504440 39.095870 17.886090
870 -3.112540 -1.292830 -1.148580 64.812740 -18.511050 13.520890
871 -1.577620 -0.210420 1.957060 44.209290 21.960810 44.479720
872 1.174220 -0.418890 2.656540 -5.778760 -8.352570 -33.884710
873 -3.028760 -0.515790 -2.220670 22.976230 25.782380 2.695300
874 2.917950 -0.506580 2.426350 19.116430 23.405230 14.303560
875 2.889230 0.620360 2.757510 20.787840 21.365880 17.216310
876 -2.868620 0.420340 2.594220 13.324050 -28.738190 52.515280
877 2.042880 -1.195500 -2.294940 56.190850 -9.695480 12.392050
878 -2.276170 -0.863290 -0.681810 -0.540140 18.297260 19.321080
879 -2.318890 0.413130 -0.770280 18.101290 -9.157190 5.755860
880 -3.002580 0.941990 -0.726770 27.338590 16.414640 61.720520
881 -1.712850 -0.415880 -0.990300 4.648290 -30.232650 51.849620
882 -0.316150 -0.385240 -0.903690 19.130010 22.936090 7.835400
883 3.037800 -0.568080 0.937700 23.462550 43.808820 1.464990
884 -2.810190 0.156430 -2.793400 -3.769750 -8.031650 28.038410
885 1.105320 -1.388850 -2.367930 53.353810 35.382310 4.211390
886 -2.718310 -0.541140 -2.055460 13.153180 -3.552450 48.468710
887 0.437220 0.017460 0.273760 9.811230 -24.377820 3.964170
888 1.698330 0.987490 2.293890 24.513320 4.517320 25.619110
889 -1.742740 -0.227190 2.974530 35.935540 -5.707190 30.200140
890 -0.749790 0.138470 -0.007540 25.029740 13.972270 3.318990
891 0.444660 -0.322970 0.646820 15.884600 -17.657990 -27.625150
892 2.239690 0.766000 -1.291150 22.388820 22.821410 28.064740
893 2.228680 -0.230800 2.244770 -4.219830 17.529020 -1.431990
894 -0.890200 0.994200 2.907950 43.918830 6.041750 -1.920150
895 0.183680 -0.969150 2.965630 33.365330 18.640420 33.873690
896 2.801510 -0.235890 -0.097290 24.987670 57.071700 33.766040
897 -1.113630 1.352670 -2.101790 -10.258050 3.096860 18.651160
898 0.944100 -0.093390 -1.065570 19.499550 -7.250420 -37.677480
899 -2.819630 -0.607090 -2.446080 29.235200 17.465580 1.637140
900 -1.178570 0.313430 0.701670 44.451820 -34.937560 33.131970
901 -3.071540 -0.490600 -3.030760 16.831970 -23.255990 3.833990
902 -0.822850 0.873880 -0.661210 -10.863610 -40.527820 21.012520
903 -2.295750 1.094550 2.208870 22.020570 -26.437990 9.946590
904 -1.479420 -0.828190 -1.731130 33.442610 5.672900 28.947110
905 -1.220150 -0.934870 0.616920 44.439030 12.510700 -11.763150
906 -2.390620 -1.360580 0.081600 27.884170 29.400450 -0.375870
907 1.777530 0.013930 -1.188560 40.201640 15.996080 19.594080
908 -2.185310 0.219420 -2.714250 28.066260 18.184840 46.531090
909 0.788850 -0.961930 -1.252920 28.303210 22.587640 14.280280
910 -0.717580 -1.272990 0.801890 49.243560 -7.490420 -23.193680
911 2.492550 -0.315850 -2.087350 2.703710 13.149680 24.079360
912 -1.048210 -0.373270 -1.324850 22.896860 10.331660 -0.446770
913 -2.917280 0.843270 0.965770 -12.761120 19.108180 11.284120
914 0.404500 -0.631430 -0.428240 -6.752800 5.570730 -33.496120
915 0.074300 -0.558670 1.321950 29.491310 -23.733300 22.167310
916 -2.517200 0.767530 1.598290 8.075150 -28.473720 57.343440
917 -0.291110 0.379430 -0.493870 8.863090 -40.422860 -8.264900
918 0.419350 -0.818700 -2.365430 11.976390 39.743580 23.777910
919 -0.684840 -1.026990 1.712210 24.905400 -0.745390 -4.940600
920 2.710070 -0.356130 -0.299270 2.599570 -6.250840 12.192210
921 -1.378080 -1.013820 1.346490 24.281360 34.739720 8.429100
922 2.649100 0.774040 3.046990 14.586300 -48.482330 29.661470
923 2.476280 -0.257770 1.807670 21.578080 16.670150 24.858180
924 1.113120 -0.254510 -1.693590 25.167560 18.514360 -33.386760
925 -2.623090 0.975040 1.239140 -1.891050 -12.322900 0.509160
926 2.143270 -0.022900 -1.011250 12.813300 32.013130 -8.435470
927 -2.029450 0.281460 1.749140 18.373770 -26.657090 22.410810
928 2.143240 0.024240 0.587240 -4.500870 -4.190790 0.553010
929 -0.742750 0.387380 -2.609940 10.258260 13.554560 -5.467010
930 2.893530 -0.476320 -0.333720 4.432550 41.828600 15.150310
931 -1.546510 0.417510 -1.949560 -16.140220 36.855590 41.232120
932 -0.180240 -0.102250 2.642720 36.529150 39.057460 -18.764500
933 -0.758960 -0.168180 -0.316300 39.723500 -18.576760 4.937710
934 2.458090 -0.331300 1.857360 31.238440 0.028730 15.930510
935 0.052730 0.510980 -2.852670 -33.483670 20.425180 16.264450
936 0.277540 0.258170 2.998890 6.556860 31.974660 -28.289510
937 -1.112350 -0.459820 2.557730 30.829380 48.559740 30.049130
938 0.840440 0.809540 -2.459100 18.361390 0.214320 29.537150
939 2.017160 0.881070 0.940100 -11.106570 33.703900 6.900450
940 -1.825070 -0.254940 -0.445740 -0.475660 25.630710 37.488630
941 -0.740580 0.504790 -0.163010 10.458750 19.749610 -0.941800
942 -2.884690 -0.201540 -2.094010 9.445730 -37.647220 25.458410
943 -1.629910 -0.960060 1.031870 10.242200 26.047470 39.954200
944 2.248180 0.574930 -0.158250 -0.664800 15.554870 2.866930
945 1.829820 0.932650 -1.980540 27.737220 -27.900990 -6.299440
946 0.774270 0.514720 -2.212090 11.959420 33.175270 -5.653000
947 -2.433030 -0.121340 2.581080 26.441380 -21.859020 27.312850
948 -2.031070 -0.422500 2.990140 -8.578210 18.343670 9.376280
949 1.193450 0.713730 1.391740 13.891330 33.330520 -21.535930
950 2.058090 -0.898800 1.975340 -23.636740 -23.920810 -8.892310
951 -0.264420 -0.548220 -1.618520 -4.111110 -13.437940 14.277960
952 0.519380 0.508370 1.086940 56.363240 26.080870 0.536770
953 2.935800 -0.729530 1.112640 -15.714470 42.782700 31.351060
954 -0.631520 -0.936330 0.888320 52.068760 -32.839260 3.777480
955 2.050240 -0.618350 1.054520 18.515890 -8.795050 27.498220
956 2.936910 -0.438460 -2.462280 23.547430 -37.593220 42.648720
957 -0.612960 0.370360 2.057710 1.725290 17.168460 17.023720
958 -1.921700 0.772200 2.353090 11.486830 -5.415810 43.482930
959 -2.667190 1.162870 -1.220650 13.203140 -11.106430 14.755490
960 -0.553390 1.061110 -0.700320 25.407080 12.048820 21.918840
961 2.055460 0.200760 -2.186670 39.111910 -1.656900 -12.532530
962 0.412540 -1.175680 -1.301450 9.802290 -2.663730 -8.104340
963 -1.588580 -0.094570 1.754610 14.878860 -3.525800 1.880670
964 -1.090280 0.248760 -2.623860 -8.666120 52.487880 24.511240
965 0.828980 -0.464830 0.772760 26.004600 23.366210 -2.326570
966 -1.322350 0.694930 -2.475880 15.316170 10.370080 -4.000230
967 -0.789890 0.349800 2.774650 -8.253210 47.226270 30.780960
968 -0.465560 -0.779680 1.800600 45.990060 1.288030 24.270630
969 2.549780 0.296670 0.027560 46.637240 38.849700 35.416490
970 1.189670 0.159190 -2.644510 6.026830 -8.602190 -35.669280
971 -1.883710 0.722220 1.008550 6.817300 16.488420 38.631290
972 -1.998550 0.881300 2.282110 42.850970 15.066160 23.426980
973 0.863980 -0.409910 -2.486900 20.400100 15.535220 -41.571150
974 -1.168430 0.690730 0.343310 -8.720770 -9.656440 24.228130
975 -0.453700 -0.618680 1.627160 35.561560 0.693610 34.809850
976 2.715680 -1.064120 -0.695510 25.900000 21.355250 -7.663500
977 1.528260 1.330630 -1.918660 10.919900 27.723820 15.564210
978 2.540470 0.874210 0.835720 16.071930 25.644140 39.307560
979 -2.573560 -0.472310 -2.314930 6.019540 -0.846920 6.400220
980 2.597610 0.701500 -0.665380 31.945450 25.530480 -6.313800
981 -0.403410 1.013660 2.811970 10.230700 62.044990 9.156680
982 -0.757580 0.195270 -2.036760 -34.670810 31.123300 21.118430
983 -2.412010 0.789950 0.656040 -9.000560 -5.696580 11.138040
984 -0.478240 -0.343560 2.652900 19.395910 -8.625720 4.642720
985 -1.082830 0.948820 1.173280 28.850050 21.529820 17.916190
986 0.755130 -0.555580 -0.028220 -4.573760 -3.113910 -26.369390
987 -1.308460 -0.087570 -0.846200 -15.586400 -22.540160 39.271450
988 2.798710 -0.472780 1.443700 26.295720 14.446520 10.775850
989 1.651710 -0.649200 -1.738550 36.659420 -1.146070 -32.621740
990 0.934250 0.025820 0.368360 17.978570 13.104200 29.040080
991 -2.658630 -0.213700 2.306410 16.328850 -25.190320 26.880630
992 -0.330690 -0.332670 -1.773470 27.351580 15.923500 22.191660
993 -0.837610 -0.259400 -1.154460 -27.105290 -8.233260 21.013850
994 -0.496130 -0.028020 -1.852980 -1.793060 37.669960 25.322030
995 0.638760 0.032220 0.395110 38.976000 -3.481750 -37.810590
996 1.555870 0.634020 0.173830 45.099350 26.322260 27.950600
997 0.242180 -0.087820 -1.310540 12.764310 13.666550 -16.638300
998 -1.626320 -1.061020 -2.841470 -9.476230 7.539900 -12.246230
999 1.371250 -1.182450 -1.912300 46.015800 28.196830 12.864990
1000 -2.181500 0.492070 -1.362060 -10.358800 12.082780 42.962280
1001 -2.147840 0.039760 2.362480 25.898530 10.466050 1.259870
1002 0.907390 -0.751050 -0.308160 29.419840 4.595600 13.293930
1003 -0.706940 -1.344560 0.683190 45.794540 -4.460750 -17.948470
1004 -1.994650 -1.031760 -0.331240 4.525060 20.298530 11.893250
1005 2.091470 0.061330 3.048080 -10.327170 -6.072650 30.223920
1006 1.177510 0.089000 -0.750750 -1.519340 25.219590 -2.695990
1007 -1.957400 0.152380 2.860400 22.494780 -16.052610 3.380690
1008 3.067430 -0.201690 -2.421310 38.670330 17.419190 21.009850
1009 -2.958890 1.010880 -1.314800 32.204590 -1.430930 30.080080
1010 -2.761030 -0.769790 -0.955640 9.634660 8.934010 3.535160
1011 1.965020 -1.318970 -0.010820 -10.329430 28.054720 25.734800
1012 1.143930 -0.464430 -0.263330 25.761250 12.664070 23.627060
1013 3.115720 0.107340 -1.121610 57.960400 -15.610570 30.202490
1014 1.488270 1.350290 1.781170 -6.161640 20.692640 -2.358140
1015 -2.922050 1.193950 -1.637180 24.417530 39.366430 60.390220
1016 2.058620 -0.776660 1.696070 11.226140 -26.695130 14.565430
1017 -2.785210 1.131270 0.360630 8.456170 16.922760 56.842370
1018 0.396900 -0.237440 -2.317580 -4.597590 26.904270 -36.195110
1019 -0.096150 -0.706840 2.386750 14.249420 -12.643520 17.311020
1020 2.791370 0.861040 -1.348190 52.272640 34.238750 29.237610
1021 2.473890 0.318240 0.725290 -2.950510 0.357830 -3.668060
1022 -1.493710 0.696230 2.465140 48.814090 28.359810 49.937730
1023 -2.715060 -0.132720 -1.947050 34.238300 8.951650 46.008830
1024 -1.950890 -0.391100 1.193630 -9.007280 17.367110 21.283500
1025 1.940420 0.743100 3.071280 3.100700 -29.410330 40.091000
1026 1.215620 -0.196970 -2.018690 6.777000 -22.839450 -9.353030
1027 -0.757880 -0.802790 2.581580 10.554610 30.643960 -11.040040
1028 -1.437250 0.922510 1.961240 49.149780 39.159400 37.746270
1029 -2.056000 0.938710 -0.472100 25.338590 -7.199070 6.180270
1030 -2.097020 -0.561720 0.023660 22.419230 -2.375240 -1.447880
1031 -0.378070 -1.266530 1.291860 46.185520 -8.883200 22.994530
1032 0.351520 -0.643530 2.048880 25.835460 20.843400 34.220790
1033 -0.605550 -0.310520 3.125160 16.795800 56.322430 6.352690
1034 2.438160 1.041540 -2.489120 13.580950 11.848320 31.706930
1035 2.368810 0.889060 0.349480 23.123640 50.686430 46.144140
1036 1.919300 -0.646300 1.470690 -3.254700 17.401380 -27.918310
1037 0.202300 -0.896030 -1.964760 8.412950 46.865590 -2.480400
1038 -0.957700 0.129090 2.632100 22.048640 7.513030 -4.162090
1039 -2.556560 0.015040 0.298610 12.551440 20.569880 62.694510
1040 0.663880 -0.052990 1.520110 28.187020 -22.094460 5.768670
1041 0.684170 0.100350 -1.294190 29.205370 2.055700 15.294340
1042 0.875930 -0.582570 -0.872690 2.885630 -12.681650 -3.195620
1043 0.991580 0.645650 -2.591510 -24.562010 -9.339370 15.274910
1044 -2.783480 -0.362850 0.967860 11.348850 21.179570 57.163860
1045 -0.375840 -0.854430 -0.453600 25.205130 6.947980 37.855280
1046 2.804910 0.700760 0.909150 -18.412570 37.442170 20.062910
1047 2.409610 -0.517190 1.221110 -14.472130 -1.534750 16.445820
1048 -1.531050 0.041670 -1.366700 2.737420 16.745090 44.033310
1049 2.246030 -0.319230 1.163170 -11.366510 47.787000 29.365030
1050 2.961760 0.780360 0.184810 -1.366220 7.781350 38.755700
1051 0.232850 -0.258150 2.268320 2.172740 0.605110 18.882300
1052 -1.212260 -0.734540 3.082940 -23.317540 49.096120 10.289800
1053 2.546020 -0.412970 1.569210 -25.099740 4.606000 29.507000
1054 -0.046680 0.780410 -0.070170 44.398490 -39.743980 -3.994580
1055 3.116020 -0.338160 -1.629380 47.756010 -6.137280 47.257400
1056 1.757520 -0.821210 2.057350 -25.389690 -14.764050 -15.957100
1057 2.596380 -0.014780 0.735670 12.377000 31.700100 -4.882490
1058 1.381870 -0.628520 1.135280 -16.280390 -4.255970 -3.922210
1059 1.959450 1.112650 -3.052080 20.622040 12.859860 28.591340
1060 1.071590 0.590260 2.627030 29.664970 23.300270 21.477240
1061 2.848680 -0.900470 0.753940 -12.265890 13.842050 27.207150
1062 0.404270 0.116930 -2.890660 13.466440 31.777470 -16.307670
1063 -0.861660 -0.521460 -2.201720 -6.213280 -7.142900 30.593490
1064 -2.418180 -0.617830 2.954420 -0.485040 0.653010 6.440130
1065 -1.517970 -1.019970 0.372900 34.150940 -8.043970 -6.322510
1066 -1.595350 0.398170 -1.373940 3.508390 37.475530 27.915260
1067 1.208000 -0.504960 2.511420 18.020210 26.648350 -6.691190
1068 2.129460 -0.184700 -0.194760 -5.897230 31.096900 7.311090
1069 1.317400 0.546020 -0.910290 65.497950 9.103500 3.789020
1070 -0.738090 -0.315540 -0.225420 11.567460 -47.625100 15.788050
1071 -2.151280 0.100960 2.383100 23.666740 21.300700 7.799160
1072 1.041730 -1.186880 0.257410 7.972120 28.818900 20.219230
1073 0.160070 -0.090160 -1.927100 -4.432410 37.838950 13.153220
1074 -2.463480 0.047190 0.944770 43.354620 15.054880 57.057580
1075 -2.293950 -0.703490 0.843600 61.109230 30.857160 35.183070
1076 -0.863410 0.901050 0.590850 4.106580 -20.173640 6.022550
1077 2.533950 0.139170 -1.422780 62.937190 13.834770 21.603610
1078 3.048930 -0.731190 -1.038420 10.814080 -8.668440 22.600200
1079 1.194710 -0.614090 -2.268890 43.714080 17.845960 -20.971120
1080 2.555160 -1.222140 1.650350 11.472190 -13.151960 -5.970840
1081 0.331890 1.130510 -1.178880 13.798240 -22.753380 -9.836360
1082 2.152980 0.614300 -2.611850 21.990940 -16.132810 -11.665550
1083 1.796680 -0.877550 3.083260 5.252740 -46.081450 -6.044340
1084 0.138980 0.308740 3.053820 36.810140 22.727660 -1.454960
1085 -1.606460 -0.561380 -1.219510 -9.952060 -25.892590 43.160640
1086 1.499160 -0.480600 -1.293000 1.546690 38.240680 13.291850
1087 -2.206000 -0.836130 -2.658430 13.317130 18.500610 0.655440
1088 -2.339160 0.136720 3.107110 25.822060 -1.165490 53.415790
1089 -1.791330 0.510050 -2.996720 0.066470 45.580660 28.096430
1090 -1.147980 0.233220 -1.347980 -20.653320 -32.677570 13.577380
1091 -0.836790 -0.109370 -0.582610 23.733730 13.569300 1.942130
1092 3.109040 0.323740 2.761800 30.223460 -23.251630 7.598630
1093 -2.433000 0.110210 -1.272930 23.639240 32.813800 31.535140
1094 -1.321660 -0.398550 -1.740370 14.767310 18.735890 42.036200
1095 -3.112490 0.315620 1.906260 13.358340 3.722350 -12.110040
1096 -0.547210 -0.428800 -2.341350 -22.815850 -3.091310 -2.185940
1097 0.130660 0.164010 -0.348560 17.055440 23.280490 21.648610
1098 -2.827630 -0.184710 2.916180 35.288710 -19.786060 20.467820
1099 -1.713570 0.266610 -0.085980 14.856440 -28.097720 63.749600
1100 1.753970 0.309130 -2.611940 33.978370 8.766330 -12.480580
1101 2.397450 1.393660 3.087910 -4.278230 26.997810 10.645010
1102 3.074090 -0.416860 1.013810 21.324040 49.052190 9.449700
1103 -1.530720 0.533940 0.869090 21.720260 6.501150 -2.415300
1104 0.775840 -1.222880 -0.673550 17.182630 -2.047500 33.812760
1105 -2.091580 -0.193050 -1.378300 -4.282100 -19.725570 26.770320
1106 -2.281870 0.072620 -0.618660 25.045910 22.949250 -0.922690
1107 2.151050 0.403890 -2.310200 20.884960 14.844100 28.171170
1108 2.812330 -0.808400 -0.352470 14.382030 40.021660 0.621920
1109 2.984790 -1.303320 -1.969840 43.708370 -42.817860 12.045550
1110 3.080830 0.711220 1.567160 -13.162030 -18.718470 40.556140
1111 1.647910 0.147410 -2.169220 0.783740 16.154340 -4.188430
1112 3.117340 -0.914960 -0.098090 43.186000 13.725890 -5.257610
1113 2.386590 1.110800 -0.622260 29.766530 14.439860 -12.694020
1114 0.110280 0.339000 -1.651820 -0.996960 23.848300 33.399160
1115 2.653910 -1.517030 1.923200 21.031890 21.626990 13.496410
1116 3.038080 -0.477020 -1.292420 4.291740 -2.096030 15.426120
1117 -0.218820 -0.009780 1.085450 27.640390 14.868750 -11.632630
1118 -0.687390 0.659550 -0.248360 40.295120 -38.894110 31.360210
1119 1.370580 -0.492190 0.686100 -7.252200 6.528530 -26.113380
1120 -0.859360 -0.204810 2.141440 31.469740 -2.546660 36.612510
1121 -2.151020 -0.475030 -1.470510 11.515730 -26.700350 57.040580
1122 2.609760 0.286530 -2.918790 32.246350 -40.290550 22.596560
1123 -1.415220 -0.319000 0.130720 39.277520 -19.132980 -0.374790
1124 -2.285700 0.865740 -2.187190 5.897070 17.671150 9.282710
1125 0.034800 -0.471940 -1.901240 -4.593820 -8.988480 19.016650
1126 0.789470 0.608580 1.045310 0.511070 13.817090 -1.936420
1127 1.530260 1.292630 0.932190 8.827860 63.733760 8.832500
1128 1.127070 0.220110 -1.759590 43.201600 -23.970490 2.082080
1129 -1.616780 -0.106780 0.040420 7.893800 -3.595320 45.959990
1130 -1.680060 0.565170 1.369900 39.059140 -21.226170 54.048530
1131 2.859470 -0.077460 -1.563600 57.452690 4.905390 36.719870
1132 -2.199420 0.060790 2.498490 38.257120 2.537440 31.502250
1133 -2.138860 -0.553020 3.051390 -0.851640 -13.965760 35.005320
1134 -2.899660 -0.282280 -2.901910 38.562220 9.690670 21.050050
1135 -1.490740 -0.369400 -2.177420 -15.646590 24.144910 8.053510
1136 -1.317440 -1.188420 -2.214760 -21.259410 8.503100 -19.861320
1137 -0.566480 0.149690 1.384800 53.235880 36.086550 -11.163560
1138 -0.329290 1.136500 -1.395270 7.880340 37.086330 14.406600
1139 -0.472840 -0.647340 1.716390 31.955390 30.784520 22.283520
1140 -0.992530 0.422190 2.093560 14.245760 11.539460 41.413780
1141 2.941610 0.167150 0.311850 33.226840 16.191240 16.428350
1142 -1.942280 0.798370 0.278820 -6.010500 14.265970 4.510060
1143 1.198260 -0.802500 -0.676430 27.314400 2.219550 21.251770
1144 -1.076600 0.297260 0.376410 12.559340 25.642290 7.858610
1145 -2.440890 -0.262330 0.379690 -7.705660 14.825830 32.676230
1146 -0.055650 -0.161850 -2.449200 -17.514270 -5.997810 1.303890
1147 -2.675850 0.939840 2.122490 22.958870 19.837810 12.340060
1148 -1.453770 -0.997800 -2.333470 -19.194840 -13.472060 -4.047500
1149 1.557760 0.532830 3.062480 -10.070810 -30.429430 -14.750390
1150 0.112660 -0.507240 1.066030 39.938390 20.777940 -24.168960
1151 1.924570 0.010450 1.303240 -18.929830 17.050790 -13.175780
1152 1.288090 -0.867560 -1.457320 32.792900 42.349300 -3.739240
1153 -2.210160 -0.282860 -0.020050 26.514100 -3.906900 59.495520
1154 -0.546340 -0.115720 -1.606490 -13.319270 -19.529440 -20.122250
1155 0.506820 -0.184380 2.596320 15.990110 26.874960 31.801290
1156 -2.062690 0.748330 2.487940 8.036420 13.770820 60.294330
1157 -1.988100 -0.451780 2.573810 16.674940 13.500320 -1.946150
1158 -0.526660 1.348980 -1.551560 -17.472610 11.961150 45.901200
1159 0.080300 1.033940 -2.706220 10.444250 34.016740 -5.275920
1160 -2.238180 0.557400 0.246130 36.897600 -0.675510 51.624900
1161 -1.937110 0.123950 0.695960 34.337880 28.577580 53.262470
1162 -0.180290 0.212820 1.682070 47.242860 -10.790000 9.437200
1163 -0.822090 0.260820 1.434560 15.191470 14.027850 40.513470
1164 -0.948990 0.673390 -1.664490 28.667080 26.465560 24.284560
1165 -0.140390 0.118910 2.976150 41.524020 17.283640 5.990510
1166 -3.041660 -0.141010 0.658230 -0.565570 31.979720 50.393470
1167 1.650850 -0.821990 1.642720 15.021780 -26.642910 21.336610
1168 -1.216960 -0.950580 2.052940 22.615900 35.059520 35.901840
1169 1.940220 0.903660 2.619020 28.594010 16.817460 10.482860
1170 2.206570 -1.207180 0.856230 -1.992520 -8.780350 34.940160
1171 2.309280 -0.417160 2.131570 -23.007760 -23.446330 17.319000
1172 0.578140 0.639080 1.882040 36.149640 1.089110 24.865000
1173 -0.934590 0.536720 -2.740730 20.911100 -9.691650 5.829150
1174 -0.487550 -0.772820 1.805900 61.980590 28.219200 -2.866060
1175 -0.080040 -0.647290 1.833200 24.923360 -9.248070 -10.858940
1176 -0.554040 0.027600 -3.046770 -3.751860 34.537880 -19.645040
1177 -2.875630 -0.083480 0.824030 29.161900 41.875060 61.097010
1178 2.717570 -0.090620 -1.118510 10.879190 -2.321510 30.988650
1179 2.683040 0.105310 1.283140 7.382990 21.763980 45.071450
1180 -1.219190 1.084510 1.215530 60.264730 8.371070 41.432870
1181 -1.513180 -0.647670 -2.355700 22.031410 6.700290 -2.288240
1182 -1.811200 -0.058110 -1.230140 -9.780170 2.066420 54.950510
1183 2.440010 0.887970 -1.340440 65.863950 14.164950 14.237780
1184 -0.890770 -0.495550 2.337200 40.001510 54.977610 20.906070
1185 -0.275210 -0.978770 2.253140 24.701890 14.882400 -21.976370
1186 1.877590 -0.698710 -0.268580 10.414770 56.430930 -2.264620
1187 -1.608700 0.176670 2.925670 36.273820 8.011480 38.248630
1188 -3.114280 0.749210 -1.324160 17.626670 31.431480 -5.161290
1189 -2.144550 -0.355390 2.304630 -11.151680 22.828550 30.174550
1190 -2.947730 -0.335290 2.412090 20.395610 22.425070 9.818750
1191 2.418440 0.498220 -1.718440 34.495260 13.933280 -8.977600
1192 -0.339800 1.253180 -2.940790 -16.098820 49.331080 9.185030
1193 -1.573930 0.962090 1.405580 -1.382860 -8.060370 5.938750
1194 2.242840 -0.331730 -1.279700 56.240110 24.164390 13.595280
1195 2.269860 -1.060870 0.400890 24.456400 27.940330 14.032010
1196 2.457560 0.495700 -2.319830 37.593620 12.454630 27.988880
1197 -1.408120 -0.008050 1.483670 55.951190 -2.878280 35.771940
1198 0.159000 -0.784320 1.902580 20.586950 31.722170 -10.589630
1199 -3.087880 0.143260 0.747790 23.313020 49.048050 36.086400
1200 -0.115060 0.275040 1.986960 28.726380 47.579310 19.102780
1201 -2.826130 0.370620 1.257860 -13.883290 -1.154280 20.863360
1202 2.874520 -1.032520 0.197500 21.289260 45.020460 30.665810
1203 0.448690 -1.229970 1.813100 48.777890 -33.862400 -9.181100
1204 1.825860 -1.098540 -0.213800 4.030060 62.841520 -7.340410
1205 -2.338330 -0.834650 -0.622900 45.937180 -9.566460 -1.409220
1206 3.040940 0.519110 0.869050 -9.115060 19.210460 4.301230
1207 2.149540 -0.962880 2.768380 3.655670 -46.305070 7.832110
1208 2.732900 -0.899530 -2.187510 33.059750 -43.588790 27.701490
1209 -1.302600 0.082030 -2.403400 -4.257760 38.210400 13.891250
1210 1.071180 -0.508400 -2.643750 0.576440 9.944550 -21.731440
1211 -2.722980 -0.957710 3.018740 5.032950 -21.621960 7.312430
1212 -2.927830 -0.222530 -0.979160 13.539440 -12.042450 15.064980
1213 -2.847680 -0.206700 -0.002740 50.636560 10.320390 58.231960
1214 2.190690 -0.819760 1.062170 -7.962280 -11.957260 15.729860
1215 0.923470 0.778880 0.676980 19.098690 -8.563490 -12.014500
1216 -0.139300 -1.308920 1.031320 29.642280 -37.585160 -26.709550
1217 3.078590 0.562800 -2.190790 18.586670 -26.456950 42.218770
1218 2.935440 -0.349740 1.148370 -3.584700 -13.943340 22.727210
1219 -2.603720 -0.278660 -2.436270 3.591450 -24.324430 16.077390
1220 1.114090 0.551880 2.724150 36.298320 10.099610 11.090430
1221 -1.311310 0.612910 0.843800 4.709430 -23.253390 23.571610
1222 -2.579100 0.223380 -0.661220 9.589370 -4.403610 4.534100
1223 2.052060 0.504250 2.243400 -10.993440 18.363830 -6.582650
1224 0.218290 -0.612570 -0.386930 20.447040 22.245740 19.507310
1225 -1.505590 -0.214350 0.774910 47.513560 -12.191300 8.796640
1226 -2.082380 0.688150 1.342540 -1.158650 -16.166550 32.045080
1227 -1.459010 0.199160 1.241380 6.014420 -21.458640 16.237770
1228 -2.508450 0.878950 0.397200 11.736070 28.244680 -3.369930
1229 1.025220 0.533060 1.133360 4.745370 11.712990 25.885840
1230 -0.020350 0.073500 -1.443980 -14.480820 -19.147370 -23.837400
1231 0.912600 -0.613160 -0.269530 16.344670 33.605700 -38.333440
1232 2.168920 0.381910 -1.483050 3.298570 3.749030 24.985150
1233 0.218630 -1.160070 -2.353870 13.680700 59.035710 -7.490890
1234 1.347700 0.070970 1.427660 5.999830 15.293470 -33.710210
1235 -1.036350 0.311480 -0.094350 3.825600 -31.893820 29.856350
1236 -1.017180 0.481630 0.209060 -11.507870 -3.635320 20.788080
1237 1.108620 -0.729200 0.343050 -9.724610 -5.907840 23.901200
1238 2.209000 1.304710 2.639710 -2.611240 -6.990380 52.262630
1239 0.362050 0.534660 0.189040 61.359950 -9.002450 8.207790
1240 1.159130 -0.179770 1.474910 27.496970 -18.071840 -5.263020
1241 0.599730 1.043390 2.049860 -9.691150 17.235780 15.776580
1242 -2.739880 0.472250 2.009620 -13.588190 7.035230 39.435230
1243 -0.516190 -0.497280 3.117360 24.905070 -9.690240 9.085100
1244 0.068420 1.384590 0.373020 70.207670 3.131570 25.434100
1245 0.437380 -0.690920 -1.627770 17.022860 -6.876540 28.676430
1246 1.612390 -0.750250 2.534200 28.177290 28.005810 10.669490
1247 -0.600770 0.760950 1.588380 34.197820 -21.687050 10.840940
1248 0.180670 0.299190 2.359240 7.863730 -5.021290 24.310180
1249 -0.920440 0.388250 0.442750 34.527940 -3.126740 44.796910
1250 -2.737340 -0.083990 -0.088170 37.446050 -1.827790 22.015040
1251 1.362480 0.223520 2.820690 -24.291610 -24.315360 -1.518980
1252 -0.493430 -0.221060 -1.134850 18.865890 17.559200 36.125860
1253 -2.610260 -0.188380 2.942140 -26.248240 20.286880 37.651740
1254 2.781930 0.110150 2.544100 -28.495670 11.716470 23.834980
1255 0.034860 -1.101650 1.168370 29.981950 -37.818670 4.577290
1256 -0.294020 -0.445100 0.815300 18.165590 -24.125680 32.795390
1257 -1.377010 -0.273080 -2.689990 30.318920 20.378760 35.784460
1258 -2.847350 -0.914340 0.300880 46.448850 41.020380 38.240510
1259 2.250250 -0.318330 -2.473730 -0.669290 -17.568070 9.318160
1260 2.910810 0.723880 -0.949920 11.482090 -8.520520 25.624770
1261 0.566450 0.308270 2.918670 -16.324600 -8.703590 -16.662200
1262 -0.886170 -1.259450 -1.540850 -37.032080 3.885860 11.089540
1263 -2.612320 0.572230 3.038450 19.279100 16.028520 69.315350
1264 -0.584050 0.021220 -0.274650 3.271800 -36.289940 9.328060
1265 -1.838200 -1.245500 -0.189450 21.317130 0.875380 -4.449600
1266 2.108800 -0.270880 -1.804530 2.493090 3.872230 1.416280
1267 -2.506400 1.303030 0.687800 -20.345480 -21.487600 25.229520
1268 -2.671100 0.291130 -0.801530 35.699480 25.981630 27.180140
1269 -2.432470 -0.509100 0.589660 -2.059100 25.010090 36.934280
1270 -1.336280 0.223310 -3.030900 15.378690 23.483160 51.914200
1271 1.752310 -0.926560 1.920480 -12.110270 -32.137970 -4.380720
1272 2.127000 0.672180 -0.928930 12.734740 -16.415440 0.790910
1273 0.740710 0.760340 2.861610 -1.295790 36.134180 -11.047720
1274 -1.967110 0.145360 2.746750 10.486020 27.852950 8.069300
1275 -3.133350 0.288070 -0.756640 -0.872150 4.661830 20.962350
1276 -2.574390 -0.242920 0.144220 55.563350 24.724770 48.641530
1277 1.977870 -0.452400 -2.820520 -2.055040 -26.234350 -6.256250
1278 -0.481670 -0.650130 2.168340 19.387170 50.472890 -7.510790
1279 3.126240 0.450850 1.603650 25.542270 5.182110 22.980140
1280 -1.167580 0.221220 0.382570 2.693830 -18.478350 35.762100
1281 0.169220 0.010780 2.048050 38.908420 39.027310 7.245640
1282 -1.920990 -0.469630 0.738370 39.157310 -9.731780 20.029700
1283 2.006560 0.057940 2.802330 0.927340 -8.788320 -19.129610
1284 1.262510 -0.842100 0.623080 -0.398630 -19.030930 24.158420
1285 -0.105700 1.022640 -2.582590 -29.663160 16.564680 37.691100
1286 -0.378740 -0.531520 0.735590 39.726690 9.829050 19.019210
1287 -0.587040 0.575990 -2.189860 2.642300 -11.975650 19.114910
1288 -0.917920 1.143040 -0.982870 -9.887810 16.099740 34.481100
1289 2.336900 0.619630 -1.202850 3.152920 14.157450 25.271880
1290 -0.127660 0.424060 -2.157760 -3.766460 32.250420 -5.919920
1291 1.902510 -0.168220 0.791260 18.860460 13.402200 -16.269410
1292 2.203590 -0.453170 -2.999640 -1.593940 -20.461220 28.321100
1293 2.884870 0.184830 -1.718020 63.949580 -12.812890 31.105940
1294 -1.253100 0.475230 -0.057810 11.497470 -40.973760 47.116180
1295 -0.088080 0.277660 0.059720 26.800630 -9.046500 31.675160
1296 2.352760 0.609090 -2.264770 7.343340 -1.114140 -6.934240
1297 0.841510 0.222950 -2.135030 18.325660 -7.586020 -33.436660
1298 -0.377810 -0.337210 -3.078510 39.257030 10.703830 20.264660
1299 1.154820 0.051380 0.872440 3.594510 58.187550 -11.819470
1300 -1.074480 0.258530 0.120440 47.366840 -7.344320 36.676800
1301 2.027420 -0.822680 2.043480 -3.430520 13.839660 -18.754250
1302 -1.332790 -1.132310 0.553720 50.504600 16.550750 -6.013260
1303 0.058010 -0.243360 2.850090 38.141480 22.154990 19.076740
1304 0.317580 -0.672360 2.416740 13.107840 -10.692410 25.622820
1305 -2.726760 -1.411920 2.052210 -5.524520 -0.617600 36.971070
1306 0.786560 -1.249150 2.328300 20.560370 11.191770 -24.224590
1307 0.607180 -0.009920 2.755580 44.932960 3.580910 -2.104520
1308 -0.089700 -0.323150 -2.772620 12.460340 47.546040 6.988810
1309 -2.201270 1.238420 -2.311400 4.232960 35.230160 36.841130
1310 -1.853720 -0.496070 -1.608140 9.738220 -40.393880 17.777430
1311 -1.127500 -0.179060 -1.848580 10.047660 -3.333470 0.447900
1312 -0.879480 -0.796880 -1.847820 -23.950830 16.424460 29.645400
1313 1.828740 0.397880 -1.900630 11.323670 13.884320 26.577740
1314 1.717380 -0.074170 2.671110 1.204840 -34.447200 -11.121300
1315 -1.336520 0.438750 2.639710 2.292620 3.195840 14.514010
1316 1.513050 -1.279010 2.671780 9.342210 9.244100 -2.310160
1317 1.207050 -0.041000 -0.212520 1.701320 -2.137730 -11.815850
1318 -2.453720 -0.487730 -0.120210 15.838280 -10.005230 7.711780
1319 -1.078110 0.789530 -1.757980 -10.842560 -13.390850 12.328650
1320 0.221040 -0.595780 0.764650 -1.075950 0.788700 4.757640
1321 -1.562850 1.090030 0.332860 -6.111620 -31.108220 48.697570
1322 -1.231820 -1.045730 -1.675130 -33.247990 4.528330 22.232580
1323 1.649530 -0.317140 3.099590 -1.477140 14.911820 4.112010
1324 -2.336640 1.219610 -0.525130 14.764090 9.780040 47.660310
1325 3.119100 -0.262570 -2.807240 24.493100 -21.336110 42.716830
1326 -1.817750 -0.743860 -2.196840 -25.458000 -2.809890 43.620170
1327 1.858440 0.510800 -0.618250 10.118290 2.144730 27.377390
1328 2.354740 -0.030070 -0.663330 22.640120 32.900300 29.052430
1329 -0.029690 -0.910160 -0.675030 26.440670 -8.353470 30.736310
1330 0.066470 0.322620 -1.653620 26.167530 10.038410 22.956850
1331 0.467330 0.431530 2.524640 39.405780 11.375360 -7.976040
1332 -2.922210 0.414760 -2.960910 6.712050 25.107160 18.859520
1333 -1.030310 -0.937040 -0.940530 -14.673910 -32.568660 22.582620
1334 -0.464250 -0.183320 -0.735970 -11.237760 -40.002030 0.096900
1335 -0.396300 0.237090 -1.575930 -5.247130 -2.797260 -19.051160
1336 -0.023900 -0.711370 1.481740 36.148610 -6.793880 -38.084230
1337 -2.492540 0.100100 2.380960 17.800350 16.858370 -0.031660
1338 -1.351650 -0.775090 -1.318120 0.114460 14.540640 40.650760
1339 2.646610 -0.632450 0.225480 32.122360 47.060720 -10.998630
1340 -1.832620 0.253480 -2.044620 26.712760 31.664830 28.959240
1341 2.045550 0.452200 3.048850 14.969240 -26.779980 24.781060
1342 -2.871470 -0.797680 2.488090 0.099380 20.929210 39.262120
1343 1.334290 0.589660 -1.946760 10.234430 31.282760 -5.892090
1344 2.620660 -0.258390 1.879160 0.972440 26.379710 25.803340
1345 -2.344700 -0.893510 -0.045710 40.617310 -21.483500 15.044220
1346 -0.886700 1.475490 2.819630 37.076350 8.541850 -10.319290
1347 -0.895750 -0.538740 -2.603440 -32.873730 15.252290 13.223120
1348 -2.239910 0.173940 -2.830730 -14.385070 -2.554490 57.690950
1349 -2.507510 -0.341360 -1.219540 32.263340 5.374070 54.921130
1350 -1.990830 0.209490 0.022120 29.065400 -27.703290 27.702100
1351 1.988950 0.482790 1.936870 3.451870 -8.106990 -12.107050
1352 1.453360 0.518670 -2.291630 4.730050 -45.884090 17.855430
1353 2.902900 0.303930 -2.600990 7.635690 -8.582860 58.059720
1354 -1.165860 -0.649200 -0.238940 11.963370 -28.881120 1.558140
1355 -3.052880 0.347360 -3.119860 6.303220 -21.774390 16.372060
1356 -0.662660 -1.047140 -1.477860 26.301020 15.952240 26.041730
1357 2.756530 1.508420 0.176160 3.522680 45.691270 2.659220
1358 -2.848440 1.119360 -0.420300 13.405300 43.753390 18.300260
1359 -2.088790 0.169260 0.811990 38.697490 30.573970 53.341080
1360 -0.270660 -0.181850 0.093620 50.501310 -6.708040 -9.412100
1361 0.932000 0.595460 0.694140 43.051390 45.301480 17.976260
1362 2.674100 0.186990 1.792060 -28.133330 39.934420 34.020530
1363 2.772780 -0.731780 -1.708790 45.167270 7.391360 32.390220
1364 -1.461600 -0.216820 -1.739930 -24.664580 -31.020130 30.278230
1365 2.259580 -0.692900 1.983650 -31.908430 -14.022490 3.427630
1366 -2.961000 0.634160 -0.984020 6.215990 -3.852720 18.663960
1367 1.730790 1.226950 -1.097230 64.373220 10.988190 38.764300
1368 1.152790 0.920220 0.775690 1.448650 18.695150 23.488570
1369 -2.012970 0.481850 -0.954590 -12.213210 -5.765160 39.888550
1370 2.561400 -1.113310 2.622540 -7.753470 15.889040 4.184220
1371 -0.250210 1.230620 -2.056150 8.973210 -4.059210 -11.950660
1372 -0.739340 0.275700 -3.105850 7.911730 58.903870 12.628390
1373 -0.753220 1.201140 1.365720 44.461930 31.546940 12.294190
1374 -0.799700 -0.226190 -0.752730 -10.609690 12.159360 29.935100
1375 -2.696280 -0.023320 2.843460 6.723890 -0.936310 66.052640
1376 0.250710 -0.133720 -0.260550 -6.855700 -14.523310 10.433930
1377 0.716000 -1.002040 -1.712310 25.618130 10.578320 -39.245880
1378 1.124880 -0.293670 -3.098860 43.213020 9.220090 -0.820410
1379 2.554650 -0.575830 1.668710 18.565690 10.867710 33.190430
1380 -0.069430 0.030510 -2.699790 30.566980 -5.741690 6.480800
1381 -1.261170 0.925960 0.559440 38.341960 -7.574110 11.389870
1382 0.050470 0.284650 0.068850 5.208570 -23.655570 12.706200
1383 2.104590 -0.321570 0.365810 20.793510 68.023700 6.553380
1384 0.182540 -0.240970 0.311330 46.937940 -4.502810 -6.967270
1385 2.290730 0.200970 2.467970 -24.549350 -28.461630 6.281300
1386 -1.784220 -0.154980 2.850020 -16.279660 18.060660 35.217680
1387 2.762440 0.928990 -0.967550 50.469910 2.349870 44.806220
1388 -1.113540 0.482850 -2.769690 -8.945270 57.028140 39.803170
1389 -1.730260 -0.899460 0.544620 30.123220 32.645630 17.518890
1390 0.018200 0.921040 1.811620 45.314470 42.296600 -5.990550
1391 0.830910 -0.315590 -2.624550 27.525600 35.085670 5.008680
1392 1.733160 -0.284650 1.879670 34.624640 13.917330 12.590090
1393 2.646720 -0.141990 -1.977990 35.947200 27.309330 10.494510
1394 1.854240 0.266960 -1.756200 58.729630 -16.076720 -11.032400
1395 -1.195890 0.074550 1.663590 24.769460 -22.604480 28.386010
1396 0.358670 -0.619980 -0.269570 -6.051270 -20.542240 2.712970
1397 -1.565030 0.326200 2.476600 9.290110 -19.650950 24.410670
1398 -0.812110 0.341670 1.737980 38.919700 22.517080 -3.837790
1399 1.785800 -0.312680 -2.178040 38.776100 19.229240 -5.147890
1400 0.989810 -0.497700 1.525540 6.524010 -15.247800 -32.542460
1401 1.370460 0.799130 -3.003690 31.430700 -1.004570 14.842570
1402 -3.047470 0.747540 3.055720 42.016040 3.086790 19.149890
1403 3.126160 0.125090 -2.792790 13.464640 9.740650 46.283390
1404 0.814950 0.423110 2.255930 -3.070260 30.936920 -33.420870
1405 -1.836600 -0.610390 0.477410 1.199870 0.799990 39.596690
1406 2.658560 -0.916340 -0.431600 27.648320 29.946760 36.767980
1407 -0.770000 -0.856450 -2.956870 16.640210 35.505820 33.698440
1408 2.403000 0.940910 -1.876060 38.124380 20.180680 36.192900
1409 2.138480 0.252740 -1.522840 48.778750 7.696950 33.585310
1410 0.037450 -0.362390 -1.343760 -18.491050 -10.807670 -23.582120
1411 2.033330 0.765470 -2.107330 8.770130 -21.951950 7.574090
1412 -2.101910 0.711610 0.297660 -7.678990 -17.431070 47.188470
1413 -2.035810 -1.045080 -2.785470 -35.430630 -2.327090 33.149460
1414 -1.908460 -0.954390 0.783630 10.810110 -6.140630 3.730330
1415 2.698070 1.303430 0.510260 -27.562100 33.617760 31.016960
1416 1.765820 -0.742620 -2.404370 39.305690 -2.201730 27.002000
1417 -0.798160 -0.974770 1.832690 15.859110 7.861780 -4.456010
1418 -0.425230 0.830550 0.123090 33.940210 -37.452470 2.844260
1419 -0.734210 -0.353700 1.658240 40.227540 -10.320980 28.251980
1420 2.517990 0.284840 -1.485310 59.625200 -12.253000 43.797220
1421 -1.865300 0.182130 -2.131780 26.993640 18.435640 41.687480
1422 2.492170 -0.834610 2.976410 -25.384040 -18.470910 1.297670
1423 0.107950 -1.116790 -1.719860 17.347420 37.918460 -1.758040
1424 1.398190 -0.250550 2.360870 7.206100 11.081200 27.686600
1425 3.078980 0.787160 -1.417290 22.007690 -10.345430 -3.464490
1426 0.162850 -0.838860 -1.198830 6.554530 23.961980 34.190940
1427 2.863310 0.205110 3.105430 28.038020 10.146230 -9.355640
1428 2.806640 -0.937500 -1.414610 0.971790 2.045950 21.567690
1429 -2.288980 1.119930 -0.335900 6.567460 24.303390 56.206070
1430 2.461350 -0.509980 2.837080 -17.508480 -7.395940 33.088750
1431 -0.256480 1.206060 0.289940 22.353280 -13.689540 -11.494410
1432 2.973190 -0.367340 0.822610 -7.793510 50.008570 37.777510
1433 -3.057190 0.463290 2.180490 27.841900 14.367150 6.987880
1434 -1.760690 0.115350 3.119650 -10.403400 54.351300 42.846060
1435 0.614860 -0.708340 -2.830350 39.163820 25.267640 -30.184760
1436 -2.383230 -0.336600 0.281390 34.800930 9.366540 60.666160
1437 -1.731690 0.376620 -2.998740 11.004720 44.338490 26.547320
1438 2.631230 0.308700 3.096490 11.265540 21.115080 -7.415650
1439 -2.250210 -0.633420 0.644780 56.548580 35.273910 13.107030
1440 -3.116970 -0.127870 -1.431150 46.236440 -33.803420 30.212290
1441 -0.069830 -0.087720 -2.077430 -26.367440 -10.410130 2.883030
1442 0.624790 0.400740 -2.889700 -2.355990 4.397020 -32.791000
1443 -0.654180 0.021140 -1.085690 27.538610 5.625040 -0.683380
1444 0.666420 -1.054960 -1.559480 -3.400680 34.878390 25.646340
1445 -1.757970 -0.809240 0.358670 20.032430 5.879560 -2.190470
1446 -2.503750 0.749280 -2.146220 7.798890 -5.271280 6.843250
1447 -0.882570 0.900950 2.835520 34.110360 48.439260 14.939060
1448 -0.558040 0.199790 -2.797860 -27.420810 18.697920 -3.970950
1449 1.404590 0.122110 -2.802280 15.566140 -34.911860 8.201830
1450 -1.539240 0.682120 1.172810 11.691440 -26.972940 17.413350
1451 1.065760 -0.617400 1.999770 4.451670 19.409440 25.483230
1452 1.931150 0.063060 -1.895630 26.515360 29.374080 -3.411100
1453 -1.142350 -0.366080 1.157260 50.648300 -11.503960 2.883570
