1 2.727220 -0.021710 -2.516180 64.306540 3.654540 46.038490
2 -1.095780 0.932880 2.284510 63.432210 10.185960 -3.741510
3 1.767250 -0.044800 2.481190 28.826160 -27.683790 60.474710
4 0.282780 0.428730 0.861980 9.115460 -23.350810 -11.950490
5 -0.802540 -0.959770 -2.443550 38.006400 32.642000 44.994270
6 -3.109280 -0.750620 -1.950490 20.766350 23.199350 101.772780
7 1.576780 0.793240 1.585650 -12.235760 -2.927340 -12.472280
8 -1.216990 0.497110 0.929570 34.560640 -18.572570 14.265190
9 -2.871100 0.607900 2.220040 55.894770 -41.839980 28.000580
10 1.925910 0.208450 0.799210 -33.086670 4.091490 10.906120
11 -1.552280 -0.144030 0.063360 -6.814850 -37.267480 34.258890
12 -1.608110 -0.868090 -2.366750 17.013620 46.618390 88.983310
13 -2.328710 0.972040 -2.431350 50.648740 54.817700 18.622880
14 -1.914240 1.049630 -1.240950 -24.141640 32.414470 -10.005290
15 -0.482310 -0.662500 2.585460 55.611310 8.044080 19.551180
16 1.661470 0.862900 -2.668190 56.102420 2.352190 26.061310
17 -1.821160 0.909580 -1.665570 -3.324110 51.237000 -7.163090
18 1.066310 0.910850 -0.839470 24.773910 39.071410 -23.663420
19 -1.164640 0.324100 -2.836100 40.993960 50.593530 39.823550
20 2.283230 -0.653170 -1.659160 45.713820 32.116780 91.816360
21 -1.436160 -0.174120 -2.936270 58.234950 57.716070 41.204230
22 2.721610 -0.846510 -2.780940 43.582480 -13.264850 65.983820
23 -2.346840 -0.661770 -0.046910 -3.201690 5.492220 95.921370
24 -1.627560 0.914870 -0.123920 -37.032360 -8.256000 21.401650
25 1.652930 -0.257490 3.086320 64.327190 -32.688530 34.769310
26 -0.277230 0.079680 2.241010 53.584520 -26.845370 -5.487570
27 0.703050 -0.555830 0.945380 -15.678300 -10.339540 56.339840
28 0.410440 -0.443260 1.004620 -5.111110 -43.020290 16.920020
29 2.577760 1.300280 1.881600 22.212240 -11.139130 7.649390
30 -0.185050 1.335020 -0.358890 22.902240 4.094660 -25.500560
31 -0.343920 0.043720 -0.606510 -10.908120 1.794840 -0.018270
32 -0.185810 -0.437610 2.199020 63.000460 -7.202060 32.308010
33 1.125030 0.421290 2.669250 23.274640 -15.387980 -13.532010
34 -0.930690 0.099100 -2.373520 31.736660 33.390460 6.848340
35 3.013470 -0.155990 0.954250 8.082000 -24.805450 62.791790
36 1.260150 0.239860 -2.084370 39.210000 31.773090 -4.295100
37 0.384600 1.304800 -0.077290 24.191460 18.786040 -26.561400
38 -1.019410 -0.878010 -1.526320 10.388170 38.414330 56.315120
39 2.522430 0.787400 -2.153010 62.825260 13.205480 14.452360
40 -2.927500 0.490800 1.142770 2.594040 -23.054080 62.628120
41 1.433060 -1.139320 2.306820 23.529650 -39.300990 54.344470
42 2.339090 0.369260 0.765610 -24.653960 4.085600 58.996960
43 -0.102180 1.249600 0.712550 38.310100 -4.737550 -19.412880
44 1.459780 0.777670 0.356280 -11.986360 36.062260 26.659040
45 0.069670 -0.486280 -1.179450 -1.389090 58.363910 49.880570
46 0.450940 -0.563290 -2.953860 77.358720 18.106660 34.285270
47 0.579200 0.012500 2.899490 66.629970 -16.407090 3.389290
48 1.870460 0.773440 3.074100 44.021920 -9.670940 34.227500
49 2.831610 0.510170 0.464660 -15.825990 -13.688190 28.248410
50 1.326010 -0.343060 1.131160 -21.689200 -3.318380 57.929210
51 2.449980 0.765090 1.310450 6.520820 -22.170710 16.173010
52 -1.414010 -0.591970 -0.042170 -38.523170 -16.598640 67.549770
53 0.989390 0.135590 -1.556540 49.519050 29.239780 0.935460
54 -2.357210 -0.393210 1.024670 32.524290 -9.681310 74.381710
55 2.103230 -0.898190 1.339250 1.206770 13.640290 74.946710
56 -1.479190 -0.433620 1.245870 34.885420 -17.110130 70.976560
57 2.739780 -0.084930 2.995500 67.495990 -6.218790 55.233960
58 -0.002080 0.121150 -2.634430 32.100880 51.707560 4.598570
59 1.539850 -0.578090 -2.938350 72.213500 -15.736200 46.413570
60 -0.965680 0.025340 -0.371840 -11.578520 -13.439360 13.417200
61 -0.939950 0.121040 -1.399930 -33.933330 40.973810 36.315640
62 -2.300420 0.657900 2.020940 56.747240 -13.947150 50.638170
63 1.663880 -1.043350 -2.531650 22.273610 -7.737530 71.931990
64 -0.392900 -0.929800 -1.362160 -17.510930 52.696400 30.216310
65 -2.473450 1.480520 2.686010 46.949280 21.092250 21.058310
66 -2.792090 -0.706150 3.135370 43.367510 22.424340 79.163570
67 1.200760 -0.107920 -2.167860 50.847850 39.195440 7.186870
68 0.861950 0.097670 -2.492930 65.433940 33.049980 13.304040
69 0.820920 0.452250 0.219080 4.419690 32.883480 2.315640
70 2.003360 1.237400 -0.829690 40.633150 33.092280 -0.235400
71 -0.174360 -0.343310 1.766270 27.518050 -23.933200 2.402040
72 -1.308790 -0.967840 -2.471110 12.935710 52.116340 42.772560
73 0.863540 0.378460 -2.959220 46.345500 12.121220 22.301460
74 -1.282660 1.398540 -0.675510 0.265690 0.758340 20.760540
75 -0.491750 -0.915330 2.008860 61.614280 -35.433120 64.198010
76 -0.024970 -0.419030 -2.669580 66.740110 46.758740 32.572250
77 -0.458420 -1.125700 -0.335570 -5.264470 15.168860 64.016110
78 -1.386470 0.657370 1.932860 59.305340 -28.273030 27.068610
79 -0.442320 -0.961260 -0.936830 -6.320800 46.806930 54.827160
80 0.812050 1.273410 1.785180 -12.908430 18.369680 -25.963430
81 0.674190 -0.348280 -0.287340 -29.981350 16.919800 10.145260
82 -1.196980 -0.393700 2.357220 57.002310 13.001620 65.352910
83 -0.685070 -0.818640 -0.351670 -48.606960 -0.350580 64.491480
84 -2.780790 0.488210 -1.601850 29.003320 64.152470 36.552600
85 -0.221350 -1.081090 -2.100210 33.520170 57.495070 73.390460
86 0.915220 0.283140 2.582810 40.534700 -40.152900 -1.622590
87 -0.682690 0.763870 -1.220300 -33.691740 14.960230 4.480300
88 0.214900 -0.473190 2.106530 52.313860 -15.920050 38.332420
89 -0.418500 -0.042530 1.265230 38.004760 -35.286230 4.873380
90 0.693350 -0.566880 1.700550 16.778300 -26.709960 56.738740
91 0.797380 0.624520 -1.499670 15.687980 22.252980 -20.892960
92 0.247130 -0.321690 0.009180 -21.200510 19.671170 41.429170
93 0.699590 -0.318160 0.047270 -21.936790 35.627050 42.341600
94 3.137360 -0.540310 -2.118990 37.872440 32.924390 92.747530
95 -1.410160 -0.706730 -2.495930 35.316840 30.169230 53.634100
96 2.946750 -0.692330 -1.147180 26.705730 5.686310 65.569990
97 -2.324490 -0.803820 -2.488620 11.798250 42.579500 95.370690
98 -2.908590 -0.289140 1.400050 -9.098820 -18.277650 86.319500
99 1.307710 -0.361520 -1.401700 30.362100 57.733570 16.382700
100 -2.481660 1.122550 0.923950 21.486450 -21.210130 16.669760
101 -1.571690 0.222980 1.292790 29.600520 -26.823990 9.095310
102 -0.042680 1.026940 -1.927970 1.895880 12.276730 -30.233710
103 -3.010770 0.354220 -2.584670 66.308020 46.540360 54.535420
104 3.092430 0.256700 1.046910 9.604480 -28.418100 50.177360
105 -0.741860 0.056040 1.875190 59.151990 -31.770650 3.536250
106 1.783020 -0.112480 -0.108970 -1.906550 53.124240 44.863910
107 -0.578380 -0.976560 1.210350 39.839050 -29.673520 48.082990
108 0.875400 -0.704370 2.903050 69.592760 -17.378860 40.412720
109 -0.225700 -1.362720 -2.234040 19.290020 44.378380 44.771560
110 -2.336690 -0.239550 -1.763880 -4.746540 46.577400 45.105840
111 2.702090 -0.242760 -0.016730 -37.477110 24.114260 76.562980
112 -1.907440 -0.954700 -3.141410 45.089490 25.301020 68.284480
113 3.047660 -0.159880 1.467170 -20.423640 -20.282380 70.129280
114 1.684470 -0.806410 1.000040 -3.321170 -10.801490 51.371580
115 -1.204900 0.024680 -1.196770 -1.681980 29.876490 27.625420
116 -2.727680 0.490460 1.821480 33.773420 -24.892430 64.218200
117 2.024660 -1.037750 -0.689950 12.053440 57.407550 64.745990
118 -0.148220 -0.551210 -0.445950 -15.101060 2.994510 26.210420
119 0.143510 -0.949660 0.790770 -23.202690 -15.482670 28.305850
120 -0.726590 0.945330 2.896020 44.973220 37.462150 4.696470
121 -0.843320 -0.247480 -0.208000 -52.940960 -7.108950 28.325360
122 -0.911030 0.945560 -2.274140 24.716430 27.272740 -7.360180
123 -2.170010 -0.377080 -0.545040 -25.551830 9.689590 46.031130
124 -1.987930 -0.069150 1.374220 20.089450 -27.463540 32.172440
125 -1.569820 0.709630 0.309210 14.944870 -28.425960 7.542890
126 2.843400 0.718220 -2.953930 81.002110 9.982780 30.065070
127 -0.002900 0.225720 -2.330740 43.096600 15.927020 16.790890
128 0.807390 -0.816220 -1.853890 41.016910 57.215260 67.307540
129 2.117470 0.520930 0.647430 -24.090410 13.320410 2.515400
130 -2.393840 0.184450 -0.653170 -23.974680 28.830390 73.480030
131 0.001420 0.182100 -1.159730 3.751410 15.058940 -8.975550
132 -0.523750 0.696960 1.615550 38.268910 4.693330 17.706650
133 2.011780 0.545320 2.782340 46.795710 -49.612110 17.917350
134 -2.351380 0.084710 2.874560 52.272940 23.700510 34.443410
135 2.596480 0.222260 0.075320 -32.934930 45.623280 40.630450
136 2.577060 -1.181850 1.114510 -24.545080 15.538560 76.478170
137 -0.841450 0.383950 0.504070 -7.282480 -2.403350 4.949180
138 1.371040 -0.837820 -1.322590 45.655500 29.253650 48.760900
139 -0.161150 0.862930 -1.344060 22.412030 22.578460 -9.476620
140 0.745330 -0.727430 -1.199190 26.124140 38.916620 59.429730
141 2.007920 0.694180 -0.133470 5.143140 48.010930 18.186970
142 -0.310100 -0.801100 -1.739970 -10.994750 53.250950 61.541450
143 2.973180 -1.361160 1.267810 -12.988010 31.524980 82.931270
144 1.124810 0.652880 1.649890 -21.569040 -22.780050 -14.281770
145 -0.251170 0.688650 0.916850 5.301350 -18.953960 -23.893810
146 -2.763140 0.161880 2.258470 60.978870 -28.386430 46.820670
147 0.752740 0.805000 2.384500 16.280590 2.433970 15.328610
148 1.853020 0.176420 -2.080930 78.227080 31.269960 34.094920
149 -1.816350 -0.155240 0.610770 16.527550 -17.383650 53.796750
150 1.451170 0.135760 0.218180 -34.063590 23.683690 2.652400
151 0.918030 -0.159600 2.888560 39.245780 -35.892070 4.139080
152 -1.841010 0.422310 0.677340 3.475390 -22.119970 52.761250
153 0.566590 -0.756400 0.085440 -54.495180 18.774840 46.858760
154 -0.574470 1.173840 -0.985700 -23.779220 -2.027720 -7.038000
155 2.833970 -0.792460 -1.172570 39.093510 33.078050 79.984360
156 2.848860 -0.418450 -1.972470 55.939950 25.124200 63.917860
157 -0.279430 -1.298380 1.744690 47.766970 -7.599370 66.069890
158 1.970720 0.571290 1.056450 -15.658810 -20.077800 43.377710
159 -0.238790 0.656120 -1.161360 -1.047440 29.045590 16.377190
160 2.982670 0.068070 1.083230 -7.405520 -14.111880 83.051670
161 1.931360 -0.146910 2.026300 -6.616200 -45.478980 29.851170
162 -1.016750 -0.184390 -1.877050 -8.203490 37.591220 15.759930
163 -2.703510 0.481460 -1.800430 9.534540 37.615650 26.383880
164 -2.300760 0.875770 -0.480370 -16.014260 -6.493240 15.399580
165 0.984060 -0.715450 2.555990 45.368260 -46.244480 63.296210
166 -2.155320 -0.752370 -0.091100 -12.352670 -28.222520 60.131980
167 -2.625810 -0.574790 -1.401310 23.279950 34.100710 73.063800
168 0.271270 -0.257700 1.955350 25.984550 -28.564780 -5.742160
169 0.495320 -0.798680 2.456390 22.170040 -23.659910 57.128270
170 1.602230 -0.193270 -0.728480 6.237280 63.868820 19.572430
171 -0.255390 0.321360 -0.080090 7.998250 -5.878860 -4.366240
172 -2.520150 0.103220 -2.667050 19.435360 39.286140 63.538300
173 2.254910 -0.726980 -2.705720 47.229000 7.481370 88.344350
174 0.433960 0.810810 0.860320 26.463500 4.129470 -11.353770
175 -2.859460 1.184420 2.667640 61.741230 8.381830 28.325420
176 0.208310 -0.158610 0.281870 -2.206200 0.713240 12.937260
177 -0.390500 0.043380 -2.109470 38.750060 55.906330 14.936120
178 -1.791440 0.084530 0.803830 4.429760 -23.315120 23.888300
179 0.170780 0.058320 1.161010 18.835040 -35.516500 2.900630
180 2.277090 0.458690 -1.628680 16.705770 45.815780 42.216450
181 1.224400 0.619830 1.716250 18.657470 -15.510040 -0.701150
182 0.324630 0.831300 -0.955200 19.307220 22.479840 12.622760
183 -1.691330 -0.565480 0.127330 -3.904370 -3.712450 79.783330
184 -2.006390 0.411310 -1.472560 -2.355720 52.962250 55.223970
185 -1.135330 -0.687930 -1.863190 19.437350 38.675270 50.740410
186 2.031370 0.545170 2.403180 34.071730 -48.721260 7.568390
187 -2.366050 1.278550 1.802030 23.852780 -41.333690 12.542760
188 -1.135030 0.166910 -2.833650 50.421300 52.092460 42.223030
189 2.678520 0.112760 -0.486470 8.931180 38.274930 45.469660
190 0.516720 0.334000 -0.743090 10.004370 43.879550 18.512100
191 -0.006310 0.235350 2.530870 56.227670 -18.113790 -4.820720
192 -2.559440 0.022280 -2.401150 47.005940 28.507810 77.712520
193 3.116040 0.785090 2.645930 70.288240 -28.617770 26.646940
194 0.950830 0.522560 2.437360 -5.482580 -23.629830 8.878460
195 -2.228830 0.140720 -2.737520 31.487700 38.236300 30.766250
196 -0.556730 0.921880 2.380320 44.735220 34.545170 -2.565700
197 -2.355750 -0.157830 -1.257820 -5.664180 49.779450 81.392490
198 0.168780 -0.280470 1.602270 38.426460 -32.756050 17.342260
199 -3.131230 0.076830 -0.504750 -3.342670 21.844930 81.054110
200 0.629380 1.004880 1.255630 8.922650 20.051680 15.164500
201 0.194300 1.382130 -2.547140 18.964170 -0.723080 -9.612490
202 -1.047370 -0.558380 0.464490 7.521940 -40.864280 66.143490
203 3.102700 -0.643640 0.543930 4.083220 19.897010 101.353560
204 -1.816700 -1.102450 3.132360 26.022240 46.868650 91.605060
205 -0.153570 0.139260 -0.243690 -25.716530 -16.604920 8.968890
206 -1.312520 -0.288650 -0.378990 -53.150320 -9.697280 47.769020
207 -2.747850 -0.703240 0.173160 26.982380 -0.708070 76.614700
208 -0.941060 0.854710 -0.125540 -9.514360 -28.411050 -17.524160
209 -1.562560 -1.173280 -0.662860 5.779610 -18.019800 87.314210
210 2.170960 0.361090 2.207040 12.049770 -49.166280 13.077050
211 2.583100 -0.239590 0.743000 -3.952810 -9.340190 53.215130
212 0.796210 -1.084720 -0.411070 8.367210 38.238010 50.000040
213 -2.913000 0.890680 -0.481550 -32.737170 21.972360 2.212170
214 2.587730 -0.667410 1.913020 0.707190 -7.118750 50.727190
215 -0.877940 -0.496110 -2.955430 68.006070 48.641640 37.666690
216 2.269130 0.584000 0.112950 -28.160080 39.328130 49.314170
217 1.733840 -0.060340 -2.191430 72.506630 37.436360 37.370880
218 0.081570 0.043760 -1.285840 -2.262160 63.924160 0.607150
219 2.627520 0.852210 -1.717140 11.861350 43.961390 22.173650
220 2.884390 0.683850 0.189650 -38.915330 34.962210 32.532080
221 -0.066800 -0.764390 2.051670 16.276010 -29.439230 46.958680
222 -2.628000 -0.271830 -0.300380 -37.900320 11.624700 79.751340
223 -2.806550 0.089910 -0.887880 -24.745880 23.086520 43.568760
224 -2.620610 0.572730 -1.837440 32.883420 65.537460 45.047530
225 1.464030 1.030150 -0.831460 39.586470 18.587120 -4.500700
226 -2.627970 0.633210 -2.082520 50.169200 55.267020 25.944550
227 2.961070 0.794340 0.439190 -38.953360 -17.716980 13.883120
228 -3.126700 0.046660 -0.931960 14.782690 50.965060 62.070330
229 0.699500 -0.068470 0.724490 -33.874390 -24.285540 3.801780
230 2.823590 0.878900 -1.068650 27.394790 53.142860 21.746490
231 1.177580 -0.048640 -2.237870 60.246250 35.370000 42.757260
232 2.467410 -0.398500 2.800380 8.234310 -19.778410 74.710880
233 -2.388110 -1.069770 -1.569330 23.350500 8.705270 72.519010
234 2.788760 -0.368430 2.308610 42.145070 -25.114380 60.747860
235 -2.585800 0.598910 -0.996260 -20.406070 42.870460 11.776780
236 2.443670 -0.325150 -3.029760 51.950870 -25.629180 47.881360
237 -1.861110 -0.843940 -2.754460 16.393270 49.482030 91.501340
238 1.084950 0.054770 -0.417170 -24.090860 34.895310 0.058550
239 -3.047840 -0.081480 0.038450 -38.690430 10.520950 82.253170
240 -0.171990 0.384570 1.448800 -1.292000 -6.996410 7.974550
241 -2.819850 -0.052950 -2.321000 38.054660 46.793900 88.481800
242 0.789680 0.029710 -1.752890 44.933990 22.996500 -1.491120
243 -2.834460 -0.768990 2.052620 14.773930 27.684970 77.159010
244 2.245350 -0.599210 0.333450 -0.591300 41.959590 66.834340
245 1.471390 0.507550 2.999040 28.701470 -22.947580 -8.599040
246 -3.128050 -0.265180 -1.359680 26.767940 21.163360 61.469890
247 -1.473520 -0.689260 -1.246720 -33.012020 7.321360 49.774230
248 -0.569080 0.453260 2.472890 51.131480 -11.466150 -8.640210
249 -2.005520 0.063600 1.946540 35.853570 -34.063680 33.921190
250 -0.611350 0.253360 1.440880 51.303790 -18.135890 4.300770
251 2.315840 -0.578450 1.439480 -18.068470 -27.462860 49.844050
252 -0.809870 1.076010 0.475410 43.194410 -19.900310 -12.820840
253 -0.548370 -0.837720 2.879100 69.316890 3.872490 68.917540
254 -2.754400 -0.798820 1.699900 0.965620 10.431870 93.990690
255 0.259870 -0.210310 -2.635680 44.639780 47.401620 8.209470
256 0.264660 -0.620150 0.188670 -49.906800 4.682110 51.468790
257 1.202600 1.103510 2.710510 25.205650 3.148780 -5.164770
258 1.956410 0.095430 -0.140460 -43.058300 36.141310 39.995940
259 0.839100 1.159520 0.235960 -3.937650 26.497140 10.782260
260 -0.422450 0.159640 0.887670 -5.109000 -47.156490 2.469590
261 -2.302160 0.425910 -0.104300 -15.966590 -19.775380 56.360210
262 1.499320 -0.190650 -1.094670 11.844410 62.804870 17.721100
263 -0.738610 -0.770230 0.132620 -31.464440 3.888430 42.891110
264 -1.407050 0.215650 2.058550 63.930890 -26.072640 12.606190
265 -0.242690 -0.664230 2.840570 81.718510 10.167510 30.794150
266 -0.951190 -0.574700 2.427690 61.784060 8.204810 70.441910
267 2.178300 0.212550 -1.002930 6.855890 77.132580 41.054490
268 2.846620 -0.560020 2.757290 43.891330 2.641760 81.827510
269 -0.366950 0.278790 -1.452860 -27.076910 41.537560 4.773320
270 -2.580040 -0.309240 -0.533160 -18.300340 31.045040 88.127730
271 1.255400 -1.162660 -1.274640 41.974640 49.256000 82.705170
272 -2.560110 -0.763230 -1.852230 19.527210 4.753080 93.357970
273 -1.462060 -0.461560 0.569330 -1.772680 -28.515560 30.341170
274 1.573560 1.279780 -0.364730 9.034670 44.788640 -19.385110
275 1.666550 0.431910 1.653270 -18.678230 -18.325780 -1.212320
276 -0.039470 0.042960 0.811730 5.659920 -36.001080 -6.131840
277 -2.932980 0.232210 -2.526360 43.793920 31.960080 29.419080
278 -1.468320 -0.910200 1.012130 21.366300 -10.224210 88.031280
279 0.032540 0.529370 -1.017560 2.944990 27.502990 -30.297990
280 -2.840950 0.914840 0.403290 -33.004340 -19.911090 3.104630
281 -1.581660 0.099240 -0.513720 -11.870770 16.436410 41.040810
282 0.236240 1.036650 -2.982920 22.141730 -10.618890 6.932270
283 -1.408790 1.000770 -0.695730 -24.206530 12.137050 -14.344310
284 2.848480 -0.945890 -0.941260 33.943250 -2.421160 72.747130
285 -0.015190 1.115890 -2.920850 2.453060 35.035350 -12.767680
286 1.897650 1.340850 -0.231680 5.926870 51.086230 -17.078200
287 0.618930 -0.249260 -2.561790 46.382510 1.374890 9.530440
288 -0.145050 -1.181630 -3.111280 41.809860 -6.067140 64.565600
289 -0.104860 -0.285800 1.772600 8.170190 -35.379100 32.908950
290 -0.389060 0.247040 1.610030 5.102770 -18.247710 6.776420
291 -1.676560 0.494690 -2.459660 2.432140 53.223630 33.987310
292 -1.084170 0.404490 -0.821580 -41.938460 9.077690 32.594680
293 -2.707360 -0.792250 -0.342490 21.928650 -10.115600 74.125180
294 0.329920 -0.319250 -2.881140 46.154700 3.610230 3.392690
295 -0.735380 -0.314960 -2.500940 49.834180 60.893870 41.143260
296 2.660540 -0.153680 2.546220 19.776660 -44.919650 62.088650
297 -0.060680 0.564270 1.715180 10.503730 15.965800 -9.256510
298 3.138770 0.665820 0.423440 -11.265480 -20.351300 32.275210
299 1.983540 -0.279070 -2.041610 31.540860 22.636980 65.695060
300 -1.601930 -1.068090 1.193050 35.815800 -4.945250 92.808180
301 2.069500 -0.210000 -1.177390 48.786070 51.383260 47.528280
302 1.185220 0.211030 -0.959100 -0.218550 68.791110 10.377830
303 0.434810 0.478410 0.532310 -2.870640 -18.020010 -13.177850
304 2.891070 0.207990 -3.017060 50.911400 25.838870 46.287540
305 -1.446240 -0.815450 1.572320 34.091750 -32.276700 47.453130
306 -0.541100 0.647640 -0.782390 -15.062150 2.241260 -26.796280
307 0.836660 -0.902400 1.814830 5.547420 -24.600300 30.125780
308 2.311400 -0.293290 -0.314050 -28.341850 33.797070 74.464100
309 2.858550 0.357950 1.953520 33.401600 -49.547430 35.395060
310 -0.383180 -0.986720 2.892740 46.564140 19.953380 32.869560
311 2.569440 0.633850 -1.322180 17.370600 73.916120 20.618470
312 0.418490 0.009770 0.945330 7.488590 -6.900190 13.708480
313 1.360450 -1.277490 1.779810 12.371740 -28.877960 60.043690
314 -0.230590 -0.523150 -0.037240 -53.733670 1.424430 39.211270
315 3.054700 -0.993230 1.254540 23.434800 -3.115570 74.872860
316 0.747350 1.013210 -0.231220 37.147090 35.235250 -10.662690
317 2.359750 0.702280 -2.417190 75.095540 5.207620 42.867370
318 2.960260 1.147190 0.354080 -37.240760 24.769460 7.558160
319 -0.230160 -0.824760 -1.624500 18.086660 38.631200 66.147090
320 -2.485400 0.242260 -2.837450 28.750760 31.800890 64.093330
321 -1.455320 -0.797370 -0.895060 -16.169620 26.253370 46.876660
322 -2.783990 -1.080810 -2.255660 -2.350160 -7.963700 63.834380
323 -1.013450 -0.409710 2.580350 81.600040 10.598100 31.229410
324 -0.742610 -0.049790 1.095090 22.753150 -47.971230 44.181450
325 -0.702140 0.017900 -2.282610 38.806920 37.575310 5.120200
326 2.927470 0.468950 -2.340740 69.884930 22.977000 32.166850
327 -1.933360 0.737180 2.091440 65.608690 -27.732190 14.004630
328 2.929020 0.100390 0.268570 -18.837690 -10.233640 44.686720
329 -2.395860 -0.655490 2.093540 44.368520 -12.783880 94.175990
330 1.985770 0.793000 1.066450 -10.787730 -23.430190 26.789770
331 -2.889280 0.766460 -0.168900 -21.220640 25.400410 47.819600
332 0.811300 -0.333160 -0.170680 -12.099330 11.813800 18.451060
333 -3.058770 1.034800 2.836770 45.538140 18.124420 20.771560
334 0.405190 -1.022500 2.735740 64.114960 -21.273080 72.766110
335 1.973090 0.450250 3.096660 34.674440 -33.624210 11.785610
336 0.801150 -0.303580 0.123530 -53.268840 22.721120 19.436580
337 -0.003820 0.377600 2.382320 56.024000 1.982230 3.088130
338 2.211460 -0.385760 1.030940 -0.180790 -7.303660 51.826130
339 -1.474570 0.898330 -0.222140 -37.126140 -17.927220 20.923270
340 -0.764120 -0.658130 1.636250 14.548950 -32.036390 39.987380
341 -1.477120 0.932570 -2.332920 27.164400 27.484970 -0.383920
342 -2.232590 -0.717610 -1.637050 12.521690 17.882200 95.276790
343 0.403640 -0.976630 -2.969370 45.484070 8.223490 30.422310
344 2.459480 -0.375050 2.425860 38.185330 -37.110710 80.426530
345 0.392260 -1.017760 -1.452290 12.214750 57.780230 76.024480
346 -2.193930 0.960400 -2.736280 60.871620 33.350780 6.661080
347 2.849170 -0.903780 -0.344740 34.546970 32.701680 85.578340
348 1.471100 0.102180 3.079290 70.488420 -14.365780 16.438530
349 -2.861440 -0.080060 3.097380 69.768760 9.549150 59.133230
350 1.822760 0.670320 -1.373190 17.991060 50.866130 32.729820
351 0.164460 0.484750 -2.787800 30.951150 41.112560 -4.286590
352 -2.973730 -1.326300 -1.784100 -2.322930 -19.466850 60.026330
353 -2.274990 -1.244190 -2.382970 8.486540 22.275130 97.129470
354 2.186930 0.022970 0.419960 -31.971520 14.491940 20.682740
355 0.935230 -0.098480 -1.050900 35.347210 49.713390 15.891100
356 -2.228750 0.526330 -1.144840 3.016920 32.547290 28.825540
357 2.697900 -0.531650 -2.866600 27.428670 22.349630 72.550260
358 -1.168900 0.483860 1.617720 52.227010 -31.817220 33.706370
359 -2.971810 0.270680 1.739580 27.605790 -51.067360 39.001000
360 -1.066360 -0.033950 -1.346060 -0.978080 52.506730 36.505710
361 -1.416220 -0.092470 -0.176800 -20.508200 -34.117300 27.321740
362 2.825130 0.180190 -1.117820 -0.436160 73.381260 61.004320
363 -0.782020 0.821960 -0.986610 -34.068380 18.962500 4.277770
364 -2.599670 -0.870460 1.022360 7.437810 -13.071230 63.294110
365 -3.085720 -0.063860 -1.412430 27.270230 59.348780 66.261690
366 -2.492000 -0.696380 -1.690650 -6.910150 -0.547270 73.158040
367 -1.805810 0.199650 -2.090070 22.726780 67.276280 55.083190
368 1.270300 -0.359830 -0.395360 -17.568650 48.821370 15.047090
369 -0.445010 -0.586740 -1.712020 -16.132860 59.465140 49.214550
370 1.382330 1.143820 -0.354900 27.676900 12.654160 -7.047610
371 0.956810 -0.894440 0.125920 -35.624510 13.687260 32.135470
372 0.468850 -0.578440 -3.040260 65.605180 27.240640 29.464330
373 -0.297190 -0.404410 0.034480 -23.313420 2.037040 51.942670
374 -1.847720 -0.012410 -1.231080 -32.439980 56.007240 41.838330
375 1.068370 0.783270 -1.751840 26.146280 6.192560 -17.614100
376 -0.308510 -0.001180 -1.228950 -15.727190 62.519030 11.971460
377 -2.063250 0.158750 2.341850 48.172520 -0.302790 25.649650
378 2.231380 -0.803910 -1.826940 35.096200 24.239880 47.562910
379 0.677740 0.644840 -0.874390 2.446820 10.204880 -15.273540
380 -2.366400 -0.384540 -2.247950 11.595260 51.804030 51.873570
381 -1.915670 -0.192140 2.541080 47.706350 32.718260 50.845570
382 0.610810 0.231640 -0.814370 -4.253440 25.585710 -15.861430
383 -2.319850 0.878020 1.858550 33.206030 -23.019250 -1.513400
384 -0.716430 -0.044360 -1.367660 -29.183890 24.349740 7.407730
385 2.347640 0.026220 -2.277490 69.995990 37.126910 55.747500
386 2.778330 -1.130100 2.524810 12.705580 21.427310 75.854770
387 0.224590 -0.162070 2.129460 46.977750 -39.356510 -0.585790
388 3.128500 -0.654120 2.095220 30.124520 -20.618790 94.801740
389 1.418800 -0.683090 -0.243670 2.528360 31.624900 71.485490
390 -1.683080 -0.535760 0.545180 24.394470 -40.331650 56.875070
391 2.032910 -0.145060 1.372550 -25.540740 -25.510520 26.776980
392 -2.831900 0.598640 0.987300 -31.246480 -27.043190 44.922940
393 2.434140 -0.689960 -0.796240 35.332210 25.095490 65.230990
394 1.839800 0.264620 1.924240 19.071650 -21.305260 28.459920
395 -0.421010 -0.238720 -1.475130 16.950540 46.656110 14.930150
396 2.928090 -0.339650 0.249220 5.931760 22.506670 72.396710
397 2.494070 0.310750 1.760810 17.719960 -19.089270 47.860970
398 -0.422140 -0.110960 -1.486480 -27.670650 43.760680 23.580650
399 2.148480 -0.492390 -3.132500 32.250300 -29.436950 43.866530
400 -1.747810 -0.987490 -2.051470 -10.307330 13.825940 55.640080
401 -1.547320 1.032520 -1.336690 -3.387240 9.684870 -4.903890
402 -2.940480 0.501840 -1.292270 -12.218510 72.969130 41.066330
403 -0.252830 0.679120 -2.137860 32.892310 20.655120 -15.751450
404 0.684050 0.589130 0.992840 -19.572420 -5.428830 -22.473300
405 -2.109990 0.421690 -0.945820 -2.837780 34.124460 33.921420
406 1.141170 -0.571860 -1.896220 34.127210 25.349060 26.242730
407 -1.373600 -0.470440 -2.645280 38.411530 26.677010 44.513300
408 2.004940 -0.417530 1.653890 -8.111910 -13.726210 81.902820
409 2.880340 1.033700 -0.697270 14.517270 37.488000 8.845690
410 1.580820 -0.141950 -1.648640 29.955680 55.448680 17.773230
411 0.228670 0.416920 -2.369110 45.281200 14.666470 16.861000
412 1.977030 -0.650460 -2.401710 71.585080 9.919420 60.982970
413 -3.077580 0.059620 -0.586380 -4.645100 15.406550 78.379940
414 2.136620 0.933220 3.058940 33.421860 -30.427790 -5.415790
415 0.095340 -0.204720 -2.378610 26.255630 57.608920 13.196800
416 -0.132760 -0.520660 1.891250 12.820190 -22.673050 38.302610
417 -1.722080 -0.946750 1.819270 66.130370 6.090460 69.797390
418 3.077730 -0.345230 0.617190 1.045340 -20.872720 67.132210
419 1.281340 -1.322810 -2.014390 67.350520 5.814450 63.147480
420 -2.901010 -0.668010 1.168090 8.649660 3.844420 55.354030
421 -2.644790 0.220260 0.075640 -15.463250 -13.592300 76.306260
422 -1.986370 0.655710 2.677220 66.506060 -1.628420 47.546810
423 -2.353120 -1.347870 2.246220 -5.519710 19.361020 84.834180
424 1.877310 0.906020 0.810300 -15.971030 23.106970 -7.113320
425 1.564470 -0.423340 1.130070 -33.845100 11.942230 47.220220
426 -3.081780 -0.266990 -2.391100 58.422990 19.263990 56.926740
427 -0.700440 -0.171430 -0.894450 -7.662670 37.528110 26.339170
428 0.804120 -0.012780 2.316290 40.417730 -15.230540 30.908140
429 -0.640980 0.110230 1.048320 29.440200 -48.437720 22.406420
430 1.135870 0.179940 -2.708940 56.424830 19.883810 -3.921490
431 1.782370 -0.873660 2.660510 39.340800 -39.922330 61.308000
432 2.998700 1.121780 0.456800 -30.843040 20.979480 3.687760
433 -2.878890 -0.514440 2.389160 42.699410 -10.970700 97.350940
434 2.116000 -0.528470 1.114850 1.135370 0.742730 56.325640
435 0.873760 -0.840160 0.235810 -42.983950 12.356130 71.238460
436 -1.615670 -1.315000 3.130230 8.173220 19.941480 54.544720
437 2.480210 1.213290 -1.870740 48.719470 14.190350 -10.211750
438 2.558410 1.020370 1.986600 -9.471540 -34.117810 1.702560
439 2.399000 -0.571300 2.898860 41.755730 -27.869820 90.633130
440 -0.897110 0.087840 2.652760 64.141770 23.961500 39.630980
441 1.053980 -1.203510 0.709470 -28.804710 -19.917180 69.012180
442 1.206980 -0.219220 0.352170 -52.939450 7.476250 34.659730
443 1.909960 0.355380 -1.259670 42.187720 40.467570 49.005280
444 -1.423830 1.097970 1.201680 21.423450 4.517580 0.351830
445 -2.131370 0.360870 1.847710 42.207340 -13.710620 21.028480
446 2.264780 -0.667200 2.691700 24.309700 -41.697280 87.863460
447 1.798090 -0.752990 2.090820 26.451660 -19.363300 58.670230
448 2.143410 -0.167030 0.263280 -48.134420 32.222720 58.645070
449 0.075070 0.729290 -1.532180 -11.841020 16.688170 -16.436870
450 -0.701560 -0.503940 0.548410 1.718780 -50.669040 49.625210
451 0.404780 0.289780 -0.237490 3.512900 8.581550 20.423090
452 -1.390610 0.005800 2.570010 46.304280 1.768770 18.413250
453 -0.394610 1.188890 0.301030 49.568070 2.118180 -14.358810
454 2.329750 0.297090 1.507040 10.653320 -21.500480 32.634340
455 -1.438670 -0.308630 -0.039070 -45.381540 -14.682930 49.550920
456 -2.056780 -0.512730 -1.057020 -18.640110 29.851870 48.667240
457 -1.442150 -0.007780 0.802350 -4.669220 -58.059370 40.820650
458 0.671640 -0.804130 -0.708050 -34.049600 42.718300 40.486810
459 2.884320 0.882040 2.560280 37.546430 -47.406460 19.238440
460 1.748150 0.014700 -0.172540 -22.246760 51.476170 16.829400
461 1.140140 1.441990 -0.112560 32.606410 41.097940 18.000060
462 0.946750 -0.426570 -1.462090 48.144320 41.240280 50.617930
463 -1.175310 -0.613210 0.733590 22.689560 -53.067860 44.773030
464 -1.075470 -0.556830 -1.769530 -19.486940 39.379010 68.006090
465 2.124590 -0.843320 -2.402570 41.172010 11.544720 92.189580
466 -0.072100 -0.172130 -0.891910 0.637550 52.398480 15.041880
467 -2.424230 -0.508280 0.179600 6.801070 -0.162950 94.093630
468 -2.233880 0.090270 2.057180 52.437820 -39.034380 43.424290
469 -2.315090 -0.104870 -0.341300 -17.105000 17.443830 79.364580
470 -1.800990 1.099700 0.282780 10.255630 -38.969050 24.145220
471 2.854330 0.437020 -0.622610 -22.726310 32.659980 21.457790
472 2.118250 0.379510 -2.256810 77.427630 32.017410 39.748130
473 0.269310 -0.639380 2.826860 74.798520 2.257340 45.773830
474 -1.771470 -0.785700 -0.252590 -30.692360 -2.505020 80.818090
475 3.101650 0.951230 -2.817460 69.409190 1.784010 7.354180
476 2.549950 0.306930 -2.756000 63.604570 -13.577080 31.702850
477 -2.240400 -0.442260 -0.524400 -31.926470 5.449480 89.388700
478 2.528950 0.037040 1.081660 -14.249000 -34.579510 36.206600
479 -2.983300 0.819740 2.631080 44.663160 8.387060 21.559680
480 -0.105620 -0.570020 0.422590 -41.218390 -20.951580 53.426150
481 -1.389100 0.406250 2.452990 49.274980 -2.840070 1.222860
482 3.059660 -0.328470 2.564480 37.902550 -25.626520 95.722460
483 0.624670 -0.266690 -1.693480 37.347170 55.279530 44.885230
484 1.897780 0.289900 0.750840 -13.366180 -11.673240 15.493900
485 -2.969570 0.232870 2.619300 49.901640 6.592360 39.933360
486 0.401490 -0.545640 0.165480 -29.935160 18.874530 53.124650
487 -2.156460 1.176470 2.905760 42.833630 20.657210 -13.235160
488 2.974340 -1.136480 -1.265550 38.987010 21.115130 84.121510
489 0.967050 -1.172260 0.433130 -22.202690 21.640270 39.960460
490 -0.630620 0.731200 1.147910 13.728070 -30.282670 -14.440580
491 -1.350320 0.983440 1.366540 26.295380 -22.048230 -15.100320
492 1.315780 0.168870 0.903140 -6.425680 7.957680 24.952600
493 -1.871840 -0.524000 -1.626620 5.173010 17.938290 53.611750
494 -1.102510 -1.119630 -2.994530 12.976900 27.804610 84.129840
495 2.375560 -1.072000 -0.530300 5.880810 49.923580 72.006520
496 -2.605240 0.496420 -1.162950 3.511450 33.771240 59.538100
497 -0.967760 0.821640 2.906370 57.044630 34.847210 -0.376210
498 -2.449860 -0.589510 0.349620 -7.806520 -13.292140 55.096100
499 -1.082510 0.025170 2.439160 76.793430 -9.986610 25.686310
500 2.357830 -0.002220 -1.874550 22.360530 42.624130 55.473540
501 -2.000910 -0.482250 1.904270 57.214670 -16.246300 87.796810
502 -1.582080 -1.064260 -0.127550 17.325820 -25.894240 62.652370
503 0.052970 -0.518510 -2.014310 44.506930 31.960850 41.553960
504 -0.991870 0.323280 -2.944050 29.137490 25.858030 -5.042340
505 1.001660 -0.733460 1.892290 21.285320 -53.812340 44.184890
506 -2.787970 0.086080 -2.684640 59.033150 11.072450 70.129040
507 -1.347850 -0.798690 -2.786130 16.459560 44.045010 83.543820
508 1.290050 -0.310750 -2.021920 73.117390 40.527960 41.277370
509 2.894510 -0.118070 -0.300550 -39.238240 32.811430 66.130400
510 -2.358580 0.341790 -0.040090 -52.090810 -13.285870 46.467300
511 -2.017690 0.023560 0.975040 2.818090 -58.495370 50.317260
512 1.201630 -0.567060 -3.058770 41.593010 -11.163180 67.006940
513 -2.862820 1.368910 0.214980 -19.309880 25.556520 4.486640
514 0.138550 -0.012210 -3.097540 72.410520 12.640110 8.483540
515 3.115230 -0.329400 2.182310 32.323440 -35.136180 88.923990
516 1.914070 -0.602380 0.681080 -13.982440 -7.839530 47.599520
517 0.712270 0.505280 0.608320 -1.980660 -16.579200 -6.047550
518 1.765780 0.239990 -0.819650 -0.573590 74.402300 20.972800
519 -0.046460 0.158400 0.257020 -39.359440 -10.333890 -1.031010
520 1.789550 0.722960 -1.933810 32.858510 18.305710 -7.041280
521 2.761960 0.277470 1.993110 37.537450 -24.940550 51.374140
522 2.731680 0.638440 -2.186870 71.077320 23.505010 31.695020
523 -0.605340 0.428820 0.475550 -7.190490 -28.107170 -17.760610
524 0.353110 -0.567660 2.685990 61.929380 -28.768510 53.875080
525 -2.734200 0.422710 -2.289750 31.317270 35.857570 23.774070
526 2.518860 -0.534300 1.204190 -35.322610 -3.740400 64.681580
527 2.827940 -1.123700 -2.390210 1.918170 14.550520 75.174350
528 -2.414690 -0.281420 -2.751220 26.727560 41.225330 47.642760
529 -0.484250 0.204690 -1.396720 -27.326790 48.342870 21.028600
530 -0.033220 -0.734620 1.757320 18.884530 -36.299530 18.823480
531 0.322180 0.105710 2.543060 45.205330 -35.564430 -5.522230
532 0.497160 -1.001870 0.133540 -9.527660 23.885680 51.712910
533 -0.891140 -0.586990 -1.153280 -7.347750 44.525150 61.614600
534 0.683770 0.614640 -0.236110 17.475140 43.777540 -4.570500
535 -0.850150 1.099690 0.013640 34.269430 -8.276850 -7.502510
536 -2.162910 0.445200 -2.227930 8.882450 41.866980 21.771840
537 -0.777360 1.162250 1.471910 34.421000 16.951460 17.723580
538 -2.788830 0.566000 1.080320 -27.349650 -37.023330 41.907670
539 -0.900670 -0.512300 0.299840 -10.871150 -41.128400 63.974470
540 2.375210 0.142430 1.314480 -28.419180 -44.918270 54.788820
541 2.476450 0.194610 -0.217720 -12.954330 50.883180 65.727940
542 -2.667100 0.187720 1.201570 -12.811800 -40.848140 68.697080
543 -1.362280 0.533210 -2.593910 0.669460 47.613410 17.304890
544 2.929790 0.852640 2.575250 57.988910 -43.509900 22.881940
545 2.056560 -0.686730 -1.371660 50.426860 45.003710 81.939480
546 0.217070 0.759400 3.031290 -0.086970 3.536020 4.981550
547 1.473860 -0.489480 0.491970 -35.687580 -6.405970 33.088890
548 1.656700 -0.230710 -2.060680 38.407520 18.937150 62.009900
549 2.153890 -0.102540 -1.034490 31.676630 36.564410 40.458220
550 0.378380 0.025710 -1.278540 22.948320 27.839650 -0.554090
551 -0.597550 -0.279410 1.374740 27.421850 -23.953300 51.320280
552 -2.371300 0.393080 -2.748130 58.916580 33.527400 66.350120
553 2.961840 1.048970 1.332700 -12.125780 -49.066140 7.437190
554 1.608730 -0.633520 -0.012150 -4.870790 16.778970 67.766820
555 1.827390 0.013050 0.697610 -15.062560 -2.326240 57.249180
556 -2.530650 -0.180100 -1.501680 -9.642400 35.974490 45.478520
557 -1.904800 0.472250 2.743040 66.608460 28.835830 50.405270
558 1.093570 -0.238410 -2.927900 50.690640 1.606720 6.521310
559 0.682860 0.452130 -1.788300 23.792760 10.740690 -18.442070
560 -0.658850 -0.051880 2.804690 56.094360 24.441000 44.609090
561 0.958570 1.030450 2.311200 16.086720 -12.497600 16.310530
562 1.044840 -0.262520 0.043400 -47.658370 37.008140 39.027850
563 0.036870 0.728060 -0.505370 23.160070 23.255500 -4.663990
564 0.279250 1.270890 -1.321250 34.905400 -16.344530 12.754380
565 -2.940150 0.589490 0.281560 -21.396050 -26.875260 30.904300
566 -1.951550 -1.324170 2.820400 29.831510 47.106500 90.213560
567 1.249630 -0.752400 2.814550 54.893750 -43.929300 62.566280
568 1.286010 -0.863960 -0.228000 8.339560 48.176350 57.409820
569 2.079430 -0.342010 -1.014800 29.485650 58.139520 78.753140
570 -2.184440 -0.680130 2.182720 58.875530 -0.040280 90.699000
571 3.069190 1.140470 -0.980630 -14.942470 22.315680 18.580060
572 -0.773130 0.053230 -1.648240 -16.682180 67.195590 12.620670
573 2.813230 -0.259060 0.075670 -29.466900 38.479320 59.771120
574 2.643960 -0.774860 -0.043910 -9.178680 47.021180 79.160390
575 2.680670 0.628010 -0.933750 15.410580 35.555630 17.172250
576 2.732670 0.469760 -1.130220 21.042170 35.380680 55.973300
577 1.209540 0.919930 -1.461140 49.436650 6.426090 14.459020
578 1.927560 0.699160 3.103510 67.345700 -25.406510 16.432040
579 0.780360 -1.108100 -2.072080 32.766620 55.633970 61.444790
580 0.347690 1.385060 0.435120 32.803750 -2.161810 -17.911980
581 -1.473270 0.770300 -1.360780 -15.904980 44.985790 -5.910130
582 -0.060410 0.168240 1.554310 1.122040 -22.571530 21.251270
583 -0.119920 -1.046320 -2.757280 69.481750 44.055820 51.551440
584 -1.365600 -0.964870 -3.044960 17.200670 46.724480 83.169620
585 -0.256060 0.776570 -2.677110 2.952390 43.833090 -4.211750
586 0.946660 0.001570 1.442700 -15.632150 -1.665870 12.762790
587 -2.757860 -0.426930 1.450210 -9.108660 -16.083190 75.671780
588 2.755470 0.232550 -1.695490 9.623040 38.201950 43.849020
589 -1.725280 -0.754230 2.001820 52.605550 -13.282080 89.192260
590 0.919630 0.524700 -2.952350 13.913220 -5.172550 5.614910
591 -0.906500 0.019920 1.932480 42.954810 -27.381730 -1.334200
592 -2.040810 -0.321140 -0.209800 -36.450890 -17.021180 81.201750
593 -1.121650 1.334930 2.113700 13.010140 15.109930 0.747800
594 -2.592500 -0.064630 -2.913930 50.047740 6.995970 81.373380
595 -0.001620 0.951990 -0.433230 1.828750 -18.470830 -9.712450
596 1.269680 -0.100520 0.758510 -39.546070 23.858660 20.084300
597 -1.380290 0.642560 -2.056180 10.054020 25.175690 4.042080
598 1.668480 0.738280 -1.191590 15.408760 42.585530 31.337160
599 2.399960 0.563410 -3.018740 41.446240 -18.381910 12.633700
600 1.823840 -0.782670 0.428700 -22.411220 29.718040 40.528730
601 0.267610 0.149680 1.891030 13.006790 2.131050 5.156680
602 -0.226320 -0.389650 0.530500 -4.280980 -32.345600 52.043300
603 2.331510 -1.115910 -1.852910 11.820480 7.918490 71.501330
604 2.007130 0.082170 0.447000 -22.399720 -3.108530 56.433220
605 2.324180 -0.387980 -0.622350 -3.385300 18.893050 70.877850
606 -1.105500 0.096030 2.641550 53.822510 39.210690 16.899060
607 -1.916670 0.318740 -1.652850 -9.475390 61.690120 58.128390
608 -0.685110 0.421650 -0.123230 -33.704360 -10.804150 -9.478500
609 1.520580 0.064230 1.959520 -9.890520 -33.553650 6.597930
610 -2.726940 -0.719890 -0.014070 -3.985480 -11.465330 62.300420
611 -2.497890 -0.531380 -2.036970 11.948980 41.560850 54.736260
612 -2.387640 0.960400 0.479430 -26.239630 -24.990290 -2.033110
613 1.609450 -0.446930 -0.019670 -36.436830 39.115750 67.105320
614 -2.718030 0.969610 -0.769660 1.194360 42.668160 20.261360
615 -2.738620 -0.884530 -2.341280 17.179150 -7.784750 94.118330
616 -1.902620 -0.550260 -1.958600 18.860970 24.156140 82.263610
617 0.659180 -0.368500 2.300350 19.703060 -26.516650 48.416270
618 1.994800 0.282530 -2.751410 78.369480 -11.947320 28.965040
619 2.857120 -0.992010 -2.446620 38.515210 -18.086940 84.230220
620 -0.825990 1.278850 -2.289600 -32.431830 23.262930 0.928540
621 -2.166200 0.195770 0.713280 -19.224770 -28.787450 67.469080
622 -1.943170 0.115030 -0.259830 -52.425570 -0.377190 37.936410
623 1.480210 -0.404530 0.360640 -53.188270 25.309060 47.017560
624 2.842300 0.013100 -2.968950 39.342120 22.293730 51.241350
625 2.737730 -0.058850 -1.515530 45.281430 36.584080 81.995210
626 -2.821250 0.606020 -1.095890 -24.586890 27.877130 28.850130
627 -0.694130 0.567340 -0.810600 -1.325970 27.460240 4.529230
628 -1.867940 0.238110 2.071630 69.608400 -25.654080 26.183980
629 1.700220 0.803670 -2.601390 23.929570 -2.097890 17.638760
630 1.421970 -0.033980 0.856050 -13.813240 -23.610420 38.810890
631 0.357700 0.863030 0.979290 26.746680 -6.402940 -10.971480
632 1.439900 -0.253370 2.671470 10.765030 -36.056770 31.915520
633 -1.005150 0.079440 -0.513250 -7.257980 10.809250 25.136440
634 -1.566560 -0.031890 1.354070 54.069150 -24.248470 44.550820
635 -1.971950 0.534410 2.824020 71.925410 4.391990 45.760770
636 1.540180 0.444710 2.818290 33.009630 -14.327470 -6.659710
637 -3.005380 -0.295960 2.727880 43.790290 12.574370 94.189540
638 1.145700 0.957570 2.300070 12.025020 -34.472400 11.301300
639 -0.874210 -0.668780 2.439990 70.928350 -15.999270 59.662850
640 2.925950 0.798690 -0.701290 -3.725350 64.029980 16.564540
641 2.650850 -0.861370 2.681670 6.738820 -11.272830 54.038180
642 0.805590 -0.914700 1.607900 5.467110 -52.393660 40.042810
643 -1.215380 -0.547230 1.930600 61.252370 -0.439490 65.481270
644 3.082940 -0.604220 0.724760 9.486550 -12.095460 62.557470
645 3.029680 0.791760 0.723160 -22.803540 -3.037810 50.134290
646 2.430500 -0.034250 -2.909880 72.937380 8.761330 52.333860
647 -2.060900 0.177460 -2.937570 60.925870 55.516970 52.174260
648 0.068630 -0.899530 -0.325270 -51.068980 15.738660 58.124000
649 2.358390 -1.140850 1.967880 -19.792680 -22.541290 77.504220
650 2.309350 -0.942020 2.087300 -8.028630 -34.392870 70.162320
651 -2.967420 -0.699430 2.911530 13.895930 -4.155700 59.601320
652 -0.030060 -0.722560 0.857900 -20.005520 -6.316150 50.677830
653 -2.595460 0.096100 2.987110 29.476200 10.096680 64.721970
654 2.034580 -0.756370 -1.180530 37.386630 17.735930 56.194090
655 -1.896470 -0.238180 -0.120780 -23.949320 -0.786100 37.826920
656 1.902410 -0.539900 -1.027360 32.185410 62.196790 41.783340
657 2.097630 -0.619210 0.276000 1.913540 40.350700 74.654070
658 1.358650 -0.976150 -2.814240 26.956350 0.314170 70.275670
659 1.213690 -0.374200 0.855670 -19.331590 8.834130 52.183860
660 -0.903950 -0.579700 2.991820 52.894660 29.516750 20.221600
661 -0.367390 1.049200 -3.049010 -14.775540 17.260950 -2.613980
662 1.061110 0.151780 -1.105100 12.734940 71.673810 11.841140
663 -0.073430 -0.810900 -1.661360 -12.392640 60.507000 39.558820
664 0.834290 0.121240 -2.617430 74.991030 3.005710 6.477970
665 -1.166150 -0.973810 -0.344620 -12.693490 -27.449710 78.999570
666 0.755770 0.467710 2.250420 0.964120 -38.204590 -12.229310
667 -0.968320 0.719680 -3.128740 21.152410 10.369670 2.995270
668 0.221900 0.626840 1.527540 -0.339620 -0.491390 -30.677620
669 2.932590 1.112180 1.642050 -16.099820 -23.786380 3.789930
670 0.515390 -0.604340 0.667570 -12.692890 -2.632620 53.679280
671 -2.661630 1.253820 2.077810 56.132390 -35.051250 24.624180
672 -2.023860 0.074680 -1.521950 -11.596360 70.342480 47.504150
673 -2.641370 0.265650 -1.765430 11.671470 72.594260 40.220100
674 2.995470 0.738530 0.781460 -43.354540 -0.431930 30.365940
675 -2.123320 -0.882310 2.489580 20.196780 12.358580 98.388080
676 -0.800930 -0.483750 -2.252690 12.885910 52.451350 66.797900
677 1.184330 -1.450970 -2.535440 53.587290 -18.912620 89.239260
678 0.141990 0.673720 1.226060 -4.885760 -7.067380 13.198580
679 0.058110 0.177850 1.409840 14.862930 -8.929610 24.904400
680 -0.787550 0.057110 0.910110 16.812790 -53.267670 34.228390
681 1.018950 -0.575290 2.131060 8.230370 -47.730410 19.976000
682 3.041110 -0.204070 -2.962970 22.735680 12.598570 79.608090
683 -3.080060 -0.998390 1.085790 20.476560 -10.043950 74.356010
684 -1.070360 1.344010 -1.803380 -19.369420 37.711540 2.842500
685 -0.687630 -0.408980 0.387130 -19.089910 -1.419230 28.772050
686 1.401920 0.009140 0.032280 -45.665500 29.818670 36.124360
687 -0.099590 -0.037730 -1.662930 -0.804470 36.091560 -9.489240
688 2.641010 -0.853870 1.423440 -11.689640 2.807500 53.473610
689 -0.363860 0.023410 2.760680 68.045560 23.408520 7.643640
690 0.547170 -0.213530 -1.885530 33.517750 43.973340 -6.622560
691 0.945240 0.530550 2.546380 38.165120 -31.514110 -9.692870
692 -2.956180 -0.518380 1.501810 -9.548200 -14.269920 85.710080
693 -0.163130 -0.695880 0.737760 4.494180 -11.660950 41.707210
694 0.919960 -0.473710 -0.718660 -10.429630 44.038500 12.813780
695 -0.770920 0.120370 -1.025290 -8.696910 12.376350 35.637980
696 -0.464050 0.612460 -1.058340 -32.800310 9.054040 -2.234120
697 -1.207450 -0.780620 -0.589910 -12.784240 -16.037430 49.818120
698 -1.457220 0.682140 0.315260 3.580430 -11.761680 32.403530
699 -1.738540 0.384550 -0.962760 -16.734000 37.090550 49.629040
700 1.948350 -0.296930 -2.980010 61.250900 -26.631550 75.613400
701 -0.429370 -0.753190 -0.792690 -38.852490 26.960900 22.011460
702 -0.105420 -0.659200 1.011400 13.942280 -43.436190 24.234390
703 0.113080 -0.634910 -0.964090 -15.331280 50.140940 62.146580
704 0.348230 0.131410 -0.999960 -11.893500 60.330890 4.651390
705 -1.952150 -0.340320 1.132140 12.215190 -3.909400 56.183220
706 -2.931010 0.015200 1.346710 -14.331300 -17.972320 72.968100
707 -2.608000 -0.128340 1.405690 1.966400 -30.508270 85.582330
708 -2.889180 1.401000 -0.652960 -26.206060 24.346240 -15.385990
709 1.048570 0.748510 -1.166770 50.809040 28.701070 -11.068780
710 2.692040 -0.785650 1.785330 -3.805740 -31.078820 66.926540
711 -0.477320 0.539400 -2.714890 2.038340 34.498920 -14.330770
712 1.429380 0.726010 2.400790 13.980140 -23.951700 -20.288020
713 1.005880 0.373680 1.179570 -20.046230 -24.570400 -11.056350
714 -3.099860 0.495760 -1.858130 7.148910 48.341330 31.193960
715 -1.540170 0.587950 -0.553460 -39.782210 -1.981360 42.930460
716 2.598050 -1.385180 -2.866810 -2.995620 9.364590 67.887710
717 -0.782980 0.026000 0.664750 7.064360 -20.396060 41.002610
718 0.103940 -0.376300 -2.917770 30.770170 18.159710 33.555020
719 0.922830 0.046720 -1.401640 25.560300 67.542400 5.457410
720 -2.258340 -1.252550 -0.063480 -1.330940 -15.724480 66.140690
721 0.507360 0.375940 0.518030 -18.368160 -5.497480 -21.020880
722 -0.650400 -0.148520 2.842690 47.913240 -7.304950 22.386750
723 -0.990190 0.138660 2.210280 42.275410 17.219200 14.303350
724 -2.763550 0.006950 -0.064890 -0.542550 1.288100 53.011880
725 0.321620 -0.440530 0.054590 -8.633800 4.105970 21.085110
726 -3.086630 0.272410 0.158730 -18.030170 -8.371030 32.345750
727 -2.844030 0.212200 -1.424270 17.708270 60.651370 70.618290
728 -2.960060 -0.188310 1.742220 44.089370 -27.011410 66.324620
729 1.603210 0.227210 2.655900 40.300500 -50.562240 13.032840
730 2.227240 0.544350 -1.558430 47.592090 65.194920 17.495950
731 -2.020240 -0.587210 2.633840 67.127080 18.377620 61.513570
732 0.522430 1.122340 0.070810 30.459110 5.766990 -28.477750
733 -2.119710 0.370860 -1.488200 -20.421040 70.474700 46.881960
734 3.078200 -1.285020 1.093410 23.773400 47.264310 70.751240
735 -0.226780 1.412090 1.755660 8.155450 30.264890 -24.543770
736 1.521830 0.616920 -2.591670 60.551580 20.379420 3.505270
737 -2.241300 -1.184280 1.731250 40.751640 -2.475520 65.185230
738 -1.817590 -0.877980 -1.329410 8.190290 9.733750 88.192830
739 0.977750 1.003720 -1.131870 43.622720 10.977970 16.722530
740 -1.723070 -0.959420 1.332760 27.811490 -19.960920 49.916250
741 1.844300 -0.482670 -0.044860 -31.568530 31.820460 75.826300
742 -0.011070 0.009940 1.744110 19.209860 -3.178300 0.848020
743 2.141890 1.367650 -2.559540 26.219200 -21.029330 -4.813980
744 0.120470 0.809250 2.665830 30.854970 -11.706640 -16.567620
745 0.849170 -0.384640 -0.437760 -13.859720 58.536490 50.359890
746 2.220630 0.424480 -1.499150 39.097440 62.381710 56.251080
747 1.788740 0.295350 3.017620 62.330360 -7.553050 28.620460
748 -0.439840 -1.204350 -2.369320 46.797800 34.122640 52.012980
749 -2.102620 0.721010 1.414630 48.933960 -46.735850 15.304200
750 -0.586160 1.400700 -2.160450 -20.288570 8.302480 -23.237640
751 1.862420 0.293410 -0.902410 11.480540 78.557560 25.062090
752 -2.145610 -1.119930 -0.555640 25.797110 -10.988430 68.525450
753 0.762710 -0.760760 1.365000 -1.622090 -43.881960 25.714420
754 2.256660 -0.376140 -0.466200 -1.510430 63.766560 52.073800
755 1.502360 0.186990 2.342640 18.744710 -21.342860 42.881130
756 0.523480 -1.241410 1.612180 26.405350 -41.084220 69.148670
757 -0.614120 -1.049650 2.305230 61.609590 -10.721710 82.711300
758 0.232100 -0.745470 -1.658140 7.552890 41.789140 23.780100
759 -0.691230 0.186560 -1.141210 -20.051800 52.786120 4.564880
760 -0.735920 0.623540 -2.399860 22.221490 48.548770 23.549010
761 1.606100 -0.627290 -0.200340 -4.852430 23.664670 73.895510
762 -0.766140 1.196180 -0.988980 10.869600 10.859900 3.827370
763 2.093850 -0.911430 -1.388510 36.306610 42.981040 89.254070
764 -2.367950 -1.275190 -2.316890 -29.632420 8.329690 69.355030
765 -2.011180 -0.764910 -0.142600 2.661140 -30.498520 60.124440
766 1.361560 -1.066020 2.905390 50.670100 -29.485890 81.140240
767 2.912410 0.128100 2.493740 56.221790 -31.638920 78.941590
768 -0.369230 -0.980660 1.858590 29.135890 -0.276150 49.806400
769 -1.540470 0.600490 -1.412910 0.233690 20.644380 16.106860
770 -2.514440 1.036980 -1.578580 17.309300 64.768130 16.856030
771 -1.652060 1.011730 2.668660 24.239110 22.942320 -0.133660
772 0.728320 0.794520 -0.308370 3.309430 24.446560 -29.043060
773 0.459760 0.910800 2.084190 19.353010 15.433150 9.138600
774 2.336500 0.624200 -1.702160 50.276570 66.692520 23.423110
775 -2.215150 -0.221720 -0.288380 -45.271740 6.974500 65.128320
776 1.386800 0.533430 -2.796780 64.880470 -24.634930 3.102570
777 2.920340 0.144610 1.774290 24.142940 -24.389100 77.281140
778 -1.763570 0.744230 2.744970 64.961060 -5.521950 28.219310
779 -1.158820 -0.856730 -2.986090 44.784050 44.927760 82.446950
780 -0.926290 0.769090 -1.227410 -15.272130 23.631650 -21.315770
781 1.930010 0.245760 0.105170 -48.595460 38.497470 27.272620
782 -1.692160 -1.076930 1.843660 27.621440 -14.068870 63.644170
783 -0.569730 -0.547430 1.594860 9.294810 -27.506860 34.076060
784 -1.720020 1.085240 2.755370 61.249150 36.499840 22.558330
785 2.085070 -0.162550 -2.151160 70.741460 5.739380 45.167930
786 1.008920 1.020260 2.066290 1.801340 -22.106700 15.376210
787 1.205020 -1.271480 -3.127240 25.262480 -28.695820 51.988910
788 -2.156340 -0.001810 -2.717270 56.861440 55.267650 54.986110
789 1.889550 0.026420 -0.502630 3.551070 27.582210 27.206520
790 -0.617650 0.368830 -2.663810 43.453480 23.136630 24.576820
791 -0.566570 1.209870 -0.671420 16.518330 -26.556930 14.212170
792 2.218460 -0.741410 -2.255940 21.620170 19.984570 72.091570
793 2.733300 -0.673460 1.143960 -29.311270 11.131560 73.862290
794 -2.873540 -1.069920 0.587270 13.967500 33.006060 92.329190
795 -0.761500 1.115120 0.597450 21.372130 15.701750 -4.034060
796 1.540130 -0.517150 0.981220 -51.652800 -1.854740 61.966780
797 -1.709790 0.556360 0.088200 -36.931990 -5.425650 38.889530
798 -1.026900 0.780470 -2.116880 12.311910 22.096030 -14.074540
799 -2.180350 0.038310 -0.304520 -49.395090 -1.805950 64.980850
800 0.265470 -0.013940 -2.238030 21.843370 56.604730 13.097440
801 -1.071630 0.512660 2.016430 61.857480 -25.784470 6.603200
802 -1.916340 0.377020 -0.214150 -38.359340 -0.932390 58.766680
803 -1.714920 0.193180 -0.885420 -14.526860 11.719410 58.140370
804 3.048510 0.371630 1.504150 -4.634110 -9.624140 42.777780
805 1.337820 -1.013940 -2.099730 74.357720 16.330730 54.116400
806 2.318980 -0.304430 1.536220 -13.816810 3.770320 57.538970
807 1.444070 -0.829050 -2.061540 64.359540 8.681540 40.759120
808 -2.163130 -0.784480 1.424070 56.617520 -9.874840 71.153300
809 -1.256070 -0.954990 1.733340 62.253880 -20.885280 81.072650
810 -2.216740 -0.308550 2.295520 69.698800 12.341460 65.584230
811 -1.726920 -1.009150 -0.821960 -26.499590 6.389370 91.509250
812 -0.098530 0.317560 -0.195440 -0.769120 14.967470 18.557750
813 -2.515740 -0.120490 -2.558620 55.285550 27.706130 79.899310
814 1.226520 0.517150 2.585530 0.910810 -22.026660 18.643510
815 3.135780 0.383950 2.505850 34.545120 -43.798150 40.515750
816 -1.650010 0.204570 -1.255830 -33.489470 39.935830 57.879480
817 0.582380 -0.664800 -1.425290 35.332500 47.994430 60.019570
818 1.691500 -0.969930 0.302050 -36.463910 22.023360 53.958760
819 1.492220 -0.919140 3.040760 62.758990 -13.327720 62.679130
820 2.648220 0.831200 -1.261250 24.786210 67.071450 43.399910
821 0.143790 -1.439790 3.103110 59.663750 18.873330 82.529320
822 -2.087110 0.793640 -2.210490 25.744080 71.361340 10.693840
823 -1.931120 1.164030 -2.025020 8.331270 56.298140 29.350530
824 -0.951240 0.793260 0.447470 5.055390 -41.323540 -10.594290
825 -2.232540 -0.584570 1.835390 42.895010 -28.425310 85.018980
826 -1.721240 0.313910 0.063410 1.314410 -16.824370 27.433200
827 2.708400 -0.984480 0.199420 -3.388540 18.379340 55.545350
828 -0.658410 -0.738850 -0.165230 -47.903310 2.486140 61.317010
829 -2.623300 0.853790 2.458340 27.165060 -13.022250 31.120170
830 -2.213220 -0.928660 1.327990 46.043430 17.216110 77.617010
831 0.874690 1.327480 3.038450 20.866410 -16.955480 -12.997040
832 3.078200 0.529290 0.031290 -55.080930 9.877720 35.033040
833 2.678100 -0.348360 -2.984200 57.420500 -13.778550 48.242610
834 -2.747420 -0.650430 -1.553540 6.180470 21.648600 53.436570
835 1.116760 -1.055050 -2.318340 60.265420 36.759000 49.215880
836 -1.846590 0.898910 0.900270 17.817700 -9.999800 4.889320
837 2.514900 -0.344070 2.156460 31.441270 -42.875630 73.953570
838 1.870270 -0.116550 0.526490 -13.393650 -0.902590 56.946320
839 -2.891730 -0.024380 -2.632670 56.233890 8.673720 48.756760
840 -2.282670 -0.530010 -0.492980 0.578060 -12.177730 58.201650
841 -1.440500 -0.124840 -1.434070 -27.291360 63.754020 42.581440
842 -0.225820 -0.592730 -2.834870 44.227700 30.196740 13.776150
843 -0.670930 0.713860 -2.198410 30.129060 35.883320 -3.264340
844 0.973390 0.074100 0.267740 -39.113630 -5.034710 6.117430
845 -1.005430 1.021090 -1.204050 -17.959090 7.597800 -24.125270
846 -1.125540 0.113990 -2.950510 34.550220 35.726630 1.333990
847 0.296730 0.092270 -0.312130 -21.308220 34.798390 26.881250
848 -2.788650 0.442750 -0.820050 -19.610630 51.670810 66.980880
849 2.137550 0.209710 1.024440 -21.093030 -28.952430 60.177430
850 0.556030 0.120700 3.095360 21.146190 -2.629250 0.878760
851 -1.050290 -1.074920 -0.221490 -6.018430 -20.378550 88.969250
852 1.548960 0.072260 2.068850 27.586330 -50.301460 36.680960
853 0.655380 -0.288600 1.165650 -27.599920 -46.160980 24.502850
854 -3.075040 -1.004580 2.198500 -5.688630 32.448330 81.630710
855 -1.209520 0.723260 2.403020 59.254470 -5.790540 29.156580
856 -1.751460 0.401420 -1.219840 -40.679120 52.359370 25.564730
857 2.947820 -0.148330 -0.834260 -7.992370 37.965610 41.672770
858 -0.594180 0.072900 -1.411210 -29.845330 33.506970 27.852740
859 -1.334340 -0.502910 -2.550190 21.478540 68.955790 68.512600
860 -0.278450 -0.090840 -1.637280 27.208670 53.934090 7.296070
861 -0.676090 0.593780 2.157900 63.894730 8.285260 -7.943820
862 -1.952160 -1.055410 2.789040 28.400460 47.470330 92.667860
863 -2.296800 0.462610 -1.255940 -30.846300 31.919840 21.694930
864 -0.428010 -1.285940 -2.013900 -9.401690 54.939730 68.394940
865 0.529460 0.385090 1.504530 26.616800 -24.400550 -1.007770
866 -1.352570 -0.115900 1.213620 40.520120 -53.165670 23.073170
867 -1.704790 1.101520 0.112570 10.156610 -27.407920 26.833180
868 -2.360380 0.641420 0.495400 -21.939860 -44.688060 16.115910
869 1.579120 1.091170 2.503880 -2.466410 -28.765460 -17.729560
870 1.821280 -0.841140 2.699080 47.927650 -31.925900 62.165720
871 -2.866910 -1.123700 3.043940 -3.023370 -10.000800 93.862040
872 1.320400 -0.508450 2.341300 32.635410 -46.209290 66.813260
873 1.131580 -0.064020 2.411710 37.607910 -48.561600 8.176390
874 -2.672620 0.052440 -3.041380 50.544280 36.098110 83.702640
875 1.109280 -0.190980 -0.126590 -26.873980 63.886490 29.466970
876 -0.976260 0.472280 1.248430 47.239640 -37.369500 23.783410
877 2.909150 -0.506070 -3.030380 35.719720 23.908620 70.353070
878 2.152550 0.462250 -1.355950 7.794410 57.538540 39.544300
879 0.739440 -0.193580 2.713130 64.076260 -25.393280 41.056500
880 1.428980 0.860080 -1.134830 12.041210 16.763910 -9.200300
881 1.612790 -0.569080 -1.428270 35.670230 62.862810 39.225440
882 2.065980 -0.168980 -1.411400 52.788280 31.300580 61.869640
883 1.091650 1.285520 0.118450 31.844730 15.201300 13.977380
884 -0.668340 1.353670 -2.229950 -20.885920 -6.283480 -19.266400
885 1.692270 -0.982120 0.092330 8.144450 15.645960 71.562540
886 -0.157920 0.108140 -2.127500 36.296310 56.925140 -9.000720
887 -1.665830 0.938980 0.615260 -5.645730 -4.060150 7.226330
888 2.273940 0.503600 -1.535050 13.932300 38.527180 40.448160
889 2.804990 -0.367360 -1.867520 23.813960 17.813040 50.820300
890 -1.227400 0.168630 1.522590 24.732560 -48.876130 20.931800
891 -2.896270 -0.952710 -2.841750 -13.911600 5.308260 83.331590
892 -1.680500 -0.410490 -0.562450 -37.018680 1.667500 34.654620
893 1.805280 0.514440 -0.822450 31.201590 66.887030 21.917980
894 1.533440 -0.646750 -2.674220 36.808910 3.610340 70.176280
895 2.279310 -0.803310 0.471470 -2.878810 35.934710 95.185230
896 -2.170140 0.977980 -0.252890 -5.320270 -9.630740 13.522140
897 -0.945910 0.252630 1.341310 43.496600 -9.170750 9.575470
898 0.696170 -0.519530 2.943920 65.443550 -33.651780 20.380680
899 0.002960 0.548160 -2.924430 34.590270 -4.384690 10.052640
900 2.665330 0.207590 -2.930380 51.251460 25.224770 52.509800
901 -1.662830 0.686550 -2.412970 -3.327530 61.525630 24.771620
902 -1.320030 -1.196450 -1.446160 -24.450570 15.331240 46.966620
903 0.063500 -0.110980 -1.441400 -17.752950 42.221580 7.473940
904 2.467620 -1.158510 -0.229970 12.296860 34.052520 53.344840
905 -0.468860 0.532340 -0.000170 3.996380 -22.526760 19.728310
906 -1.055030 -0.429420 1.572160 17.568360 -27.241230 30.074630
907 0.478590 1.015080 -3.115810 16.809360 26.951440 -13.243550
908 2.405280 -0.722180 -0.076410 -10.328760 35.270250 96.042860
909 0.146320 -0.573520 0.012590 -38.102810 -17.770560 32.246330
910 1.152980 -0.457640 -1.934790 42.780860 58.446630 55.290630
911 -1.245130 1.311050 0.018860 27.066970 -7.538950 10.445310
912 2.813740 0.640640 -2.751410 82.465010 10.962360 34.577370
913 -1.132120 0.107350 2.807400 47.922730 0.764000 14.249160
914 -1.520050 0.087720 -2.157600 2.432800 78.701160 30.301850
915 -0.573820 -1.040130 0.543360 -14.938880 -1.353480 58.152120
916 2.421180 -0.508250 1.571050 9.907920 -30.731380 60.759960
917 0.636430 0.551980 -1.305220 22.630850 43.958800 14.742820
918 0.352420 -0.263100 -2.432670 40.324320 57.799580 24.673680
919 1.298190 0.773650 -2.231600 45.391890 12.951800 26.077120
920 -1.126980 -0.143850 -3.090360 63.659160 53.365360 38.326170
921 -3.140920 -0.037330 -0.698780 -17.777880 14.255950 52.801120
922 -1.292750 -0.715680 1.779580 49.354200 -38.555260 70.739040
923 -1.052210 0.811980 1.369260 35.628130 -39.476490 17.389390
924 -1.904440 -0.598290 -2.549840 35.141670 18.873650 64.217510
925 0.145310 -0.074350 -2.619040 24.585840 33.893730 26.136950
926 -0.101070 -1.450500 2.137680 56.505030 -2.807710 65.858360
927 1.968410 0.689560 -1.557800 25.568680 59.937070 5.335040
928 0.846100 0.112170 1.073300 1.299360 -31.982530 7.416520
929 -0.172550 0.153170 -0.306550 -34.464460 -10.982330 5.921530
930 0.625510 0.720150 0.560280 9.677980 33.421480 -15.338070
931 2.352960 -1.219420 -1.695180 51.819240 -13.838490 93.276310
932 3.086310 -0.040850 2.628150 38.582510 -40.454460 64.852130
933 -1.806290 1.019760 -0.742510 -21.775780 22.733600 31.944390
934 -0.844120 0.209130 0.672640 18.173420 -12.019500 17.834790
935 -2.330010 -0.211330 2.800690 36.340370 -3.289000 48.369020
936 2.296330 -0.830060 -2.657460 34.769350 19.540980 62.926450
937 2.727980 -0.298030 0.138830 -18.618070 45.178970 66.155290
938 1.240420 0.232090 3.065110 54.886490 -4.764500 32.828820
939 2.938930 0.405850 1.477820 -20.766680 -30.071040 27.493620
940 -2.579520 0.469500 1.569070 35.128020 -22.706520 58.714770
941 2.588270 -1.121730 2.920260 14.881340 5.977010 94.369000
942 2.543210 0.446400 -3.038310 43.536240 16.440190 45.087590
943 -0.287830 0.418560 -1.736170 14.226750 55.672930 -7.627210
944 -0.986130 -0.018170 1.103190 35.186610 -41.876580 46.428760
945 -2.789990 -0.420880 0.563390 12.980260 -25.067570 95.343410
946 -0.135990 0.595410 2.956440 22.438570 14.202910 -30.608800
947 -1.912450 -0.002460 -0.368820 -10.835590 -17.831030 57.358990
948 1.913980 -0.463230 -0.633260 -2.212450 65.297360 41.102030
949 -0.932130 0.392550 -0.435340 -12.306420 -17.247270 -7.401250
950 -3.084070 0.669400 -1.236410 -2.929960 75.853300 29.238640
951 -2.302100 -1.117980 -1.100740 21.001250 13.493060 80.843550
952 2.881890 -0.548420 -0.411960 17.307420 43.354950 71.596620
953 1.261470 -0.057600 -0.410050 -22.653620 24.797370 11.429980
954 -1.160730 -0.098330 -2.377930 26.243400 31.904210 20.097850
955 -1.219160 -0.187070 -0.013240 -19.384500 3.163030 25.497450
956 0.417300 0.165640 -2.479880 60.599070 9.990790 20.226610
957 -2.171280 -0.230340 1.992620 51.773400 -2.298080 86.631840
958 2.343440 -0.893920 1.296650 -3.733760 -19.367120 89.320220
959 -1.476460 0.818670 0.293740 -20.581440 -38.247730 -0.569010
960 -0.648450 -0.053160 0.460590 -17.060460 -1.096040 23.089890
961 2.746390 -0.253890 -0.108240 -26.483780 10.318150 51.307590
962 0.311200 -1.237740 -2.412790 38.008300 53.354020 51.853730
963 -2.984040 1.207180 2.459210 47.884220 0.005050 30.683610
964 -1.511110 0.100560 -2.951380 65.639470 48.155940 42.961210
965 1.484850 0.070580 2.560860 23.652360 -6.535660 23.031480
966 0.345930 -0.197600 1.644590 -1.544030 -48.699540 -1.476790
967 1.492470 -0.303860 1.564960 3.302260 -38.940580 60.496670
968 2.538710 -0.359520 2.544590 4.441720 -18.160770 81.918720
969 -0.553510 -0.176620 -1.431400 -21.596330 67.160840 26.592490
970 -2.881790 -0.005060 2.412070 34.122220 -14.937950 39.495800
971 2.507630 -0.684410 2.681640 13.869950 -7.401730 50.354200
972 -0.785810 -0.835120 -0.860100 -7.200150 8.115800 42.487750
973 -1.020630 0.454090 2.063890 24.887610 -13.097330 6.952170
974 1.553300 -0.693040 -1.339000 42.463210 54.670720 33.383260
975 0.062400 0.469760 -0.180770 -9.333170 19.542790 -28.393020
976 -1.356870 0.771380 -1.043380 -11.122760 -2.571180 -3.786310
977 -0.899310 -0.240600 1.264280 17.251250 -60.505570 37.531320
978 2.060570 0.173260 -3.132050 45.027960 -13.665140 13.404200
979 1.144180 -0.613140 0.759180 -34.205760 12.983620 66.267720
980 1.548720 -0.665510 1.983040 4.801760 -26.329270 79.761370
981 -0.448320 -0.351120 -1.574030 -15.377770 43.084020 53.349840
982 -1.725460 -0.673450 2.171550 69.506180 16.715390 69.801430
983 0.969940 -0.294790 -0.816820 20.835490 66.588460 33.766960
984 2.312880 0.001880 2.331780 6.472810 -51.407020 41.279100
985 1.869020 0.003440 1.879050 -6.847810 -53.149530 23.472940
986 0.424750 0.900720 3.013680 23.474990 -10.915190 13.993970
987 -1.166730 -0.410690 -2.743170 42.428980 30.758100 25.479730
988 2.568160 0.768220 2.390270 34.332410 -50.980640 8.318460
989 -0.602400 1.115360 -2.396710 20.720980 35.408270 5.584920
990 -0.301570 1.114260 -0.149700 34.332320 -20.570750 -17.875000
991 2.205510 -0.318360 0.885110 -29.842840 -10.441680 34.273090
992 -1.271710 -0.242330 -1.255580 -27.199290 59.921500 48.243180
993 3.030090 1.437320 -0.740520 -12.361080 47.945020 -14.139890
994 -0.679530 0.697910 2.596610 35.798330 45.517930 -3.425420
995 -0.851110 -0.273640 2.691000 36.134520 9.660690 46.892520
996 0.580230 0.598910 2.448100 21.099910 7.972440 -21.163430
997 2.832000 -0.328590 -2.654420 42.975140 24.860320 93.680240
998 1.106400 0.178340 -1.218720 5.441630 46.369970 -4.315950
999 3.098250 -0.096440 3.105960 23.207220 6.171230 69.094370
1000 1.172190 0.137720 2.730110 57.633930 -38.665900 19.854690
1001 -1.536340 0.802450 0.186750 7.366150 -43.904860 19.723550
1002 2.457340 1.136650 -0.835990 -8.219040 70.466980 11.114020
1003 -0.829390 1.102040 1.655160 13.556390 16.922610 1.792650
1004 -1.056930 0.416790 -2.246970 15.672200 68.455510 1.248870
1005 -0.460620 0.493560 -2.953480 7.682510 23.430110 -9.804990
1006 2.850800 0.747000 -3.117490 39.538390 17.439380 27.026410
1007 2.640140 -0.096710 -0.722040 -11.114680 20.306550 59.298620
1008 2.654810 -0.780670 -1.661020 40.214420 34.796880 91.362340
1009 2.542710 0.822730 2.767120 35.400680 -30.787880 -2.239520
1010 -0.130130 0.389100 2.367170 52.300320 13.040470 8.220540
1011 1.048440 0.674360 -2.257650 37.588720 19.677570 21.891580
1012 -0.542960 -0.596680 -0.118440 -52.961010 5.311090 44.924870
1013 -1.373200 1.035030 1.774630 59.620860 -11.795040 25.172870
1014 -1.538830 -0.926460 -1.092570 -32.618570 0.378660 50.031650
1015 3.084690 -0.292100 -0.761280 16.503390 12.901010 74.289270
1016 2.534490 0.545100 -0.540580 -17.905120 20.120870 41.507780
1017 -1.906830 0.934690 3.004060 27.074100 19.423730 4.334040
1018 1.001360 -1.465060 -0.080790 9.866870 50.258500 73.615280
1019 2.144290 0.373320 3.004340 55.436540 -15.934980 58.746560
1020 -0.919340 0.946840 0.713900 13.149570 7.781550 5.959180
1021 -2.501470 -0.369140 -1.965370 20.719330 24.779710 95.812590
1022 -1.610330 0.120410 1.578150 35.895810 -28.873080 13.476840
1023 1.045030 1.416350 2.245990 -20.760980 -8.019850 -21.430030
1024 0.770290 0.105100 1.389570 -20.645580 1.459530 12.688560
1025 1.838010 -0.306760 -2.284710 38.571960 29.403240 63.747530
1026 -2.744490 0.256320 -0.123390 -51.580660 6.928570 41.437100
1027 0.041740 0.452930 0.506020 12.365040 9.768840 4.476170
1028 2.858880 -0.045390 2.162900 33.185310 -4.666450 58.015220
1029 -0.977470 0.026660 -2.630170 12.329730 46.916230 8.653040
1030 2.082120 -0.460340 2.143610 23.805150 -11.758860 56.616300
1031 -2.339710 -0.140080 -0.423360 -45.541860 19.032140 54.891440
1032 -1.010390 1.136720 2.555990 52.550530 12.618340 -9.239510
1033 -2.263890 0.425220 1.256000 15.596820 -63.048160 48.662090
1034 1.708400 0.730740 -0.733550 -13.125830 41.352120 2.111080
1035 -1.288780 -0.942730 -0.402290 -2.267680 -8.610260 87.660970
1036 -2.751010 -0.667160 1.438920 1.219930 -19.759890 64.922230
1037 0.231030 -0.366040 -1.768690 29.732750 33.812280 44.627000
1038 -2.688750 -1.275980 1.453790 30.226270 5.452200 59.410520
1039 2.074690 -0.206510 -0.192000 -14.009370 15.008730 64.602570
1040 0.543060 1.085830 -2.081210 -1.573910 3.428980 -22.065230
1041 -1.713840 0.705650 -2.972790 34.514790 22.491340 4.544800
1042 2.361440 0.780930 -0.298030 -34.244590 35.649710 4.727950
1043 1.595490 1.365340 0.976710 -9.233670 -4.043090 12.925810
1044 0.638350 -0.782460 -1.363330 25.072340 30.540700 57.872880
1045 -0.405860 -0.287710 -0.417230 -54.969590 3.730700 21.337520
1046 -0.565750 0.012730 0.088650 -22.490200 -36.876840 28.182740
1047 -1.774130 -0.231690 2.775780 44.992790 45.042100 56.879530
1048 1.099320 -0.598660 -1.530510 43.733010 26.248310 35.787400
1049 -1.945010 -0.936050 -1.409040 -7.866110 -2.161410 94.988080
1050 -3.040760 -0.354170 -0.506670 -28.496740 34.055690 81.553310
1051 1.026400 0.041030 2.607830 33.443410 -7.861620 34.242940
1052 0.445300 -0.533280 2.816700 46.642100 -20.672660 9.653120
1053 2.889710 1.012170 -0.171440 -14.030960 7.899780 6.670560
1054 0.900070 -0.678300 -1.462690 24.989810 26.939620 58.447770
1055 -2.362740 1.174570 -1.705220 -1.773560 20.220100 6.049910
1056 0.485160 -0.075450 -1.645610 20.592860 64.003890 34.305980
1057 2.519490 -0.067390 2.855200 59.029510 -7.677970 69.815630
1058 1.809380 0.252110 -0.834940 30.391890 43.552620 20.301180
1059 1.759540 1.240420 0.372340 8.378710 18.464130 23.238430
1060 -2.256460 0.731340 -0.547710 -32.259280 22.415060 5.423730
1061 -2.610470 -0.219780 -3.078790 49.334660 -5.470480 78.408040
1062 1.317530 0.760630 -1.442050 26.463520 55.312680 3.963670
1063 1.989930 0.356900 0.418730 -53.674160 14.759240 22.286640
1064 1.350720 0.792070 2.413770 18.026930 -12.610060 -20.454370
1065 0.551490 0.130130 -3.125820 42.190900 16.339160 -9.604510
1066 0.039200 -0.411040 1.406690 9.617500 -62.035470 31.878120
1067 -0.477920 -1.339800 -0.331140 -46.182710 7.244170 71.971670
1068 -0.780940 0.271340 -2.117770 5.566010 54.793450 -14.391520
1069 -1.934250 0.341090 -1.564260 1.716320 61.294800 18.503670
1070 -1.535300 0.262050 1.507930 56.262960 -17.043890 41.775730
1071 -2.026880 0.391570 0.554370 3.896180 -47.702660 57.656200
1072 -2.435730 -1.063260 2.783270 24.766000 -2.289810 70.628940
1073 -1.173580 -0.784090 -3.074980 38.679340 65.046190 54.423680
1074 1.094380 0.694620 2.532270 28.854430 -40.424980 -2.834550
1075 1.425470 1.286440 -1.380730 32.243980 31.984810 -17.729690
1076 2.800110 -1.330460 -2.801460 -7.460000 14.409150 84.557270
1077 0.487760 -0.897750 -2.286690 42.830600 58.707410 46.510250
1078 0.976990 -1.415650 -0.065760 5.804690 10.621290 59.239270
1079 0.097570 0.836760 -0.549010 -3.839260 13.577450 -27.787720
1080 0.159610 0.188870 -2.275020 47.341540 51.895870 12.000240
1081 0.976020 -0.220050 2.157010 -3.118890 -41.459050 11.950500
1082 2.750550 -0.672970 1.367800 2.879240 -28.568780 66.536280
1083 -2.220790 0.036410 -2.908230 69.589840 33.798170 53.143780
1084 -0.085770 -0.317720 -2.029990 19.513960 30.711510 9.791070
1085 -0.837160 -0.566030 -1.896570 -4.882900 48.762420 21.279560
1086 2.578510 -1.091240 1.961790 19.510280 5.402030 79.432300
1087 0.354880 -0.511420 2.490330 51.024110 -43.260560 49.484900
1088 0.354720 0.031320 2.133520 17.506220 -34.688760 31.878900
1089 -1.387370 -0.411150 0.063120 -24.692710 5.888280 57.765660
1090 2.748130 0.646000 0.611770 -9.751950 9.611250 36.430910
1091 1.648350 0.126800 -1.966880 36.701900 31.793720 50.066100
1092 -1.758290 0.823220 -1.963500 22.781700 36.031210 33.832240
1093 0.861060 -0.499060 -0.425980 -24.643220 68.095100 29.224560
1094 2.781520 -0.062210 -1.788510 10.927830 42.034060 56.693700
1095 -2.972140 0.235750 1.010200 -15.195390 -50.591730 53.376670
1096 0.508220 0.762770 0.319660 -10.148990 15.148540 15.787900
1097 1.611500 -0.341450 1.040690 -37.773200 -21.677220 28.845330
1098 -0.674420 -0.100010 0.513360 -25.414660 -9.226820 14.540520
1099 -1.967200 -0.495620 -2.544360 -1.216480 41.353190 53.965260
1100 0.899630 1.236830 0.041750 -1.385720 19.454420 7.704510
1101 -2.998740 -0.150680 -1.145390 17.985990 55.544480 60.296220
1102 -1.453950 0.358100 -2.991000 29.666100 23.775460 12.326720
1103 2.532970 -0.763540 -1.517860 8.644210 14.789730 71.405290
1104 -2.674150 -1.259570 -0.479290 32.270700 -29.596550 75.114170
1105 1.746830 0.074590 1.758980 -29.405900 -20.484410 41.494240
1106 -0.700700 0.771450 -3.093430 25.120080 3.457300 6.708920
1107 -1.404590 -1.008130 -1.864340 2.296310 11.915960 55.562640
1108 -2.682490 -0.395330 -2.870720 15.571660 28.896700 93.307370
1109 -0.555260 -1.300900 1.409350 38.545970 -3.805070 79.525900
1110 -0.384300 0.398820 1.520150 19.168200 -41.489170 -0.332770
1111 -0.140430 -0.001770 -1.410700 -13.569650 61.957370 -0.271860
1112 -2.474820 -0.328040 1.719490 17.055160 -10.815200 90.993680
1113 -1.803820 -0.477920 2.082950 36.080590 -7.893780 42.394140
1114 -0.211800 0.623350 -0.098180 -5.260110 0.184380 -31.022760
1115 -0.804430 0.543140 -0.977990 -34.272920 23.634220 23.544940
1116 -0.882230 -0.777000 -0.510050 -18.274320 25.349290 43.046290
1117 3.090510 -0.440030 -3.067730 27.902730 30.981120 80.040280
1118 -1.027330 -0.376250 -0.449860 -37.372890 -15.400710 62.154080
1119 2.504790 -0.748910 -2.595240 44.211320 -22.325020 63.606510
1120 2.610920 0.494960 -2.305850 47.252540 20.928910 9.844530
1121 2.521090 -0.336960 2.734300 43.514680 -39.481450 79.987530
1122 -1.504500 -0.745690 -0.684960 -38.324200 0.168590 83.370670
1123 0.436560 1.199930 0.384610 3.196300 30.067380 8.415140
1124 1.192990 0.432040 1.105930 2.278950 6.199690 7.725600
1125 -2.935440 0.242460 -1.247570 11.132640 28.769600 40.388800
1126 -0.283280 -0.705280 -1.372830 -16.506360 74.440910 37.083790
1127 0.322050 1.162140 -2.412330 -3.857980 -19.274340 -23.421990
1128 -1.379910 0.368550 -1.643470 1.945100 25.652600 39.945570
1129 2.425120 0.021240 -0.978520 22.507970 43.394960 78.271950
1130 2.752670 -0.524250 0.102870 -22.608840 31.009610 92.893940
1131 -2.961910 -0.113500 -2.439900 26.974710 12.345220 51.566860
1132 0.989130 -0.105420 -1.703560 30.444060 45.118190 -0.911430
1133 2.336600 -0.201640 -1.861190 21.108370 29.076920 62.951420
1134 -1.094900 -0.105110 0.461490 10.896830 -46.339000 45.266510
1135 -1.401950 -0.513030 0.425040 -0.259880 -20.296830 29.850490
1136 -2.201250 0.063760 2.985040 41.000390 -1.391550 43.022870
1137 -2.968150 -0.251490 -2.787260 44.655730 25.114680 47.006930
1138 -1.053560 0.403350 -1.125860 -30.805370 -1.186360 12.863780
1139 2.034110 0.136030 -1.392030 56.315150 42.816750 33.617550
1140 -0.544070 -0.433620 1.696640 41.892590 -53.592770 19.274720
1141 2.551150 0.650110 0.128350 -24.969090 45.515490 23.511500
1142 -2.939390 -0.287930 -0.034200 -27.855230 -11.612630 63.957550
1143 -0.190570 -1.062880 -0.427570 -41.340380 -5.009360 63.790760
1144 0.931260 0.501860 1.499100 13.841250 -25.173720 17.538920
1145 -2.688870 -0.503150 1.298920 34.026200 -30.268040 71.892000
1146 3.141120 0.708270 -0.238690 -54.254760 19.165740 44.879050
1147 -2.546520 0.751380 -2.878020 76.670650 32.636660 33.639360
1148 -2.047230 -0.264390 -0.997470 -45.207900 15.894300 73.955320
1149 -2.062260 0.009160 2.939290 74.186940 7.718320 48.387810
1150 3.005950 -0.098750 -0.999300 23.189050 48.967540 74.611970
1151 -0.743060 0.272860 -1.742630 17.705230 33.392180 4.766030
1152 1.080410 -0.320800 0.470510 -32.504420 32.867720 19.777380
1153 1.926570 0.520410 -1.655890 60.039440 36.485360 45.864090
1154 -0.434150 0.377600 2.772510 60.117050 -5.367610 1.638250
1155 -1.144910 0.798630 0.690370 7.834660 -3.600950 -6.742050
1156 0.233140 -0.276580 0.222370 -49.808710 -5.839230 34.042860
1157 1.496850 1.407200 -0.353170 -1.814200 39.025280 -1.425030
1158 0.999790 -0.750410 1.225320 -2.370270 -38.377850 35.241920
1159 2.420740 0.152030 2.500470 18.484780 -33.897930 70.944340
1160 -1.943920 0.260280 2.360250 30.474850 -1.473000 42.810980
1161 -1.216280 0.307830 -2.860170 14.910730 39.121490 28.297850
1162 2.640950 0.308940 0.043370 -12.442830 38.805470 54.255120
1163 -1.889830 0.339910 2.433780 69.399400 -22.092770 29.335100
1164 2.055380 -0.306420 -1.509660 23.929460 24.883940 41.386910
1165 1.947500 -0.617010 0.245930 -36.555440 41.969850 76.036540
1166 2.991880 -0.624680 -1.226690 28.848960 31.244430 99.599010
1167 -1.016930 0.127700 -0.467470 -36.551480 -10.911950 -2.886930
1168 -0.700580 0.430450 -2.957140 47.496090 37.644920 29.044310
1169 1.953890 -0.775640 0.240840 -2.969470 17.773380 89.691910
1170 -2.724600 -0.272440 -0.842560 -9.523640 34.415310 48.124460
1171 -2.940310 -1.154760 1.515220 15.773720 -1.875080 100.308240
1172 2.015790 -0.407690 2.551390 -0.577670 -37.035530 58.180600
1173 -2.712320 0.829180 2.637270 53.818890 17.809080 22.045300
1174 -2.027120 -0.140240 -1.648620 -16.767090 20.960030 58.807520
1175 2.479990 0.595470 0.931440 -34.022710 -34.778940 24.197150
1176 0.760630 -0.204470 -2.973820 69.017910 -23.802440 14.614020
1177 -0.232380 0.255900 -2.648300 8.958580 31.074970 8.737820
1178 -0.698320 -0.429930 -0.648510 -24.649880 -5.420820 23.875720
1179 -2.305920 -0.099720 1.930300 27.648640 -33.555720 80.431960
1180 -0.511600 0.386760 3.129130 64.240040 14.256950 5.651940
1181 0.819020 -1.102980 2.034900 7.221690 -49.236960 42.654290
1182 2.927270 -0.697800 2.054950 29.089350 -14.728270 96.215480
1183 -0.745320 0.519910 0.860400 -2.503000 -4.961690 2.133460
1184 1.294770 0.152990 2.235720 15.384600 -56.196700 6.593000
1185 2.578820 0.235410 1.088870 -10.489250 -6.791910 65.295650
1186 -2.466600 0.080700 1.043130 -9.034750 -7.113530 53.440800
1187 -1.134370 -1.181310 -0.206630 -9.172080 13.058740 63.578180
1188 -2.985490 0.483510 0.229170 -32.730320 25.033280 34.785380
1189 -2.669270 0.222970 -0.048940 -6.113010 11.389820 52.619880
1190 2.020600 0.518370 -2.740430 48.675170 24.592310 23.146320
1191 1.042730 0.655320 -1.785580 51.224270 36.253170 16.096160
1192 0.596950 1.051690 2.359640 28.967450 10.487820 -5.644340
1193 -0.306570 -0.191180 2.139490 68.540370 -29.441570 20.175130
1194 0.813570 0.237880 -0.265910 -29.257510 17.671910 -5.688820
1195 2.593280 0.821000 -2.589740 60.959640 -10.085470 17.584990
1196 -2.320940 -0.519890 0.016840 -17.797190 -16.368820 97.454090
1197 2.097700 -0.066950 -0.984300 24.291600 34.813350 68.533200
1198 0.204980 0.092080 0.043330 -42.382360 5.537740 -7.394870
1199 -3.098510 -0.521820 -1.243130 23.007200 51.190560 75.252690
1200 -0.407960 -1.519360 -0.799720 -21.340560 20.283570 50.446000
1201 -0.603690 0.224530 1.432360 40.538270 -33.593640 34.354060
1202 -0.954050 0.563810 2.326090 42.037680 33.172630 8.988190
1203 1.476040 -0.037040 0.388070 -32.365720 38.235680 51.815370
1204 2.400660 0.422410 0.738140 -9.695550 -18.093160 42.538010
1205 1.807170 -0.370110 -0.074770 -2.458530 19.599300 41.780510
1206 0.680310 -0.703790 2.764880 61.916390 1.121600 42.594720
1207 -2.178920 -0.343250 -1.659720 18.459730 25.621210 58.596040
1208 -1.287740 0.056060 2.361080 68.235810 21.414090 45.040900
1209 0.092300 0.110000 0.477500 -39.242210 -19.840170 7.211470
1210 2.898980 -0.049300 -0.410790 -14.349600 53.598310 45.961600
1211 1.982350 -0.757500 2.181500 15.039810 -45.569310 53.256470
1212 1.876410 -0.190910 -0.462900 9.586730 66.416580 54.524770
1213 2.718320 1.030890 1.198950 -1.922560 -40.715660 35.121360
1214 -0.918450 -0.955120 2.302420 51.000240 5.473390 86.902440
1215 -0.822930 0.563730 -0.011090 -21.288190 -35.938040 15.867160
1216 0.685240 0.507200 0.157210 -0.888030 -3.409070 17.266010
1217 1.041120 -0.312970 1.651080 -8.238040 -59.000620 34.926770
1218 -0.029020 0.892250 -1.770260 31.409170 2.247430 -21.141320
1219 0.473130 -0.274860 -1.754330 40.642060 41.996360 45.318870
1220 2.552990 -0.455100 2.742060 5.846970 -23.002010 84.016200
1221 -0.161470 0.050900 0.249590 -28.292190 15.681980 -0.621370
1222 2.999310 -0.081740 -2.846480 42.342500 -4.082900 42.508430
1223 2.225830 0.352690 2.989950 56.575450 -43.632720 55.258730
1224 -3.047510 -1.037630 -0.752150 -3.081840 8.388280 66.257480
1225 1.996760 -0.502020 2.855330 41.261540 -48.317670 53.428220
1226 1.305440 0.427830 2.454500 42.772490 -35.484680 -0.541910
1227 0.475700 -1.032440 -1.534400 9.066890 30.541030 41.445710
1228 1.305980 -1.177230 1.581960 8.020690 -4.044150 74.841690
1229 0.361210 -1.011980 1.509330 29.875090 -25.887390 52.327930
1230 -2.628690 1.014140 -0.164580 -22.260610 -13.609990 3.320790
1231 -1.216780 1.094350 0.118970 18.041920 -0.762850 -6.690450
1232 1.983830 -1.115690 2.618530 -15.671270 -20.247650 61.508530
1233 -2.363120 0.925570 2.434750 72.263300 -23.086380 18.863840
1234 -2.482680 -0.097110 1.008630 24.134790 -11.711210 59.937630
1235 -2.075940 0.854530 2.574290 78.475290 -0.982140 18.453420
1236 1.908490 0.480830 2.007800 15.757970 -17.329720 37.081830
1237 -1.494180 0.181650 -1.543860 -24.145870 43.135210 6.292870
1238 -1.724490 -0.775620 1.084830 15.762800 -43.627010 56.465350
1239 2.950230 -1.030800 -1.113140 12.072550 15.729560 103.293540
1240 0.069770 0.909650 2.332050 23.889460 32.643730 -14.333480
1241 1.455010 -0.500040 0.209920 -15.394660 47.599320 37.954450
1242 -2.294270 -0.008340 -0.674880 -20.926090 39.646730 71.067180
1243 -2.738620 0.242660 -1.811920 42.680480 52.293180 37.474400
1244 0.828410 -0.157550 -2.303920 69.683880 8.072010 36.334100
1245 2.261620 -0.842270 0.716870 -37.442980 5.278370 66.346210
1246 -2.234490 0.699190 2.361920 75.943690 9.700760 33.777280
1247 1.403560 -0.678400 2.484620 32.510030 -54.731190 63.303890
1248 -1.956880 0.712060 2.772090 73.177250 -2.062170 32.137230
1249 1.325200 0.838460 -1.112700 37.256140 17.342850 22.528630
1250 -2.555790 0.573650 -0.109790 -14.792490 21.603850 35.018950
1251 3.098550 0.266070 0.182140 -43.532820 26.146110 37.742760
1252 -0.543460 -0.985880 -2.038300 32.602520 33.414020 57.125140
1253 -3.125340 0.146110 -1.722710 4.629780 39.946070 41.077770
1254 0.848740 -0.898440 -2.351440 34.793470 47.511390 53.551120
1255 -1.905140 -0.114690 -2.421310 46.823100 34.044640 50.911140
1256 -1.285270 -0.999100 -3.123860 39.920280 15.537300 50.687870
1257 -2.339920 -0.231500 -2.733260 10.003860 33.082880 62.190190
1258 0.225270 -1.057510 1.895410 5.629920 -13.872360 57.772870
1259 0.509150 -0.823960 2.959890 70.749280 7.094960 59.830020
1260 -1.564800 0.339760 -2.235010 0.278680 78.621400 29.126930
1261 2.627640 -0.586890 0.841130 9.168850 14.629470 78.482730
1262 -2.593300 -0.039510 0.090590 -3.232620 12.155640 66.095820
1263 -2.949230 -0.225350 1.341970 -18.560010 -30.282890 68.354680
1264 -2.353820 0.722350 2.476170 52.961650 -32.783620 36.226710
1265 2.031470 -0.100130 -0.289390 -22.702510 49.275110 25.878010
1266 -1.975740 -0.990000 -0.425470 -10.389740 -15.419940 52.509280
1267 -0.389570 -0.227070 -0.124460 -8.425720 10.078860 31.817150
1268 -0.516180 -0.947850 -1.541800 -8.498330 74.005510 45.788670
1269 1.194380 0.110280 -2.927110 48.079380 -33.700450 14.847530
1270 -2.157100 0.433460 2.475060 60.549510 1.323590 11.770880
1271 0.615500 1.175980 2.767900 -6.896300 20.081810 -16.672040
1272 0.501230 -0.322610 0.342580 -52.671750 -7.823840 18.194970
1273 2.404550 -0.890460 -0.298570 10.387170 4.907310 73.619420
1274 -1.077870 0.198720 -2.259220 28.082080 69.444940 10.366520
1275 3.005860 -1.251510 -3.127220 8.997280 19.364870 66.852710
1276 1.484660 1.324040 -2.424920 54.425540 2.399220 -2.024420
1277 -1.327730 0.405470 -0.349730 -50.441460 -13.311360 13.349800
1278 -2.985660 -1.309040 2.712760 14.752980 31.218730 86.926630
1279 -1.356480 -0.050600 -2.305790 -7.297840 59.991120 28.412090
1280 1.393420 -0.420760 0.098880 -4.854820 21.571920 58.178250
1281 1.354370 0.862810 -0.077950 -9.930520 21.959520 25.706130
1282 -1.380530 0.751140 -1.848560 13.064840 50.647240 28.961840
1283 -1.079420 0.211460 0.304950 9.560880 -39.919960 17.855140
1284 -0.054160 0.431150 -2.232460 25.457330 45.603000 -20.605570
1285 -0.647640 -0.202480 0.147900 -32.533100 -34.180640 8.576150
1286 1.561780 0.280140 -0.801110 32.059700 61.380500 15.614630
1287 2.777400 -0.501800 -2.490220 29.750160 8.573890 50.010740
1288 1.320900 -0.751970 -1.719560 52.785680 42.353230 77.427290
1289 -2.563370 0.435690 -1.609390 11.690800 61.323000 17.887500
1290 -0.759110 -1.253090 -1.095150 -4.462710 22.801290 91.471340
1291 1.267130 0.215470 0.389090 -48.378440 24.048510 2.961270
1292 -1.136200 0.550510 1.951430 64.864490 -17.934880 1.861920
1293 2.866150 -0.235580 0.344780 -24.981950 34.932850 75.225470
1294 -2.869790 -0.813440 1.656250 -5.391090 17.686010 87.441710
1295 -0.310170 -0.784910 -2.517600 50.030460 36.092950 72.632720
1296 -1.029170 0.598440 1.861470 42.563530 -3.794660 -20.580910
1297 -2.458220 0.092160 -1.297780 -26.900740 60.981600 49.070600
1298 2.437270 0.864460 1.898130 -18.606770 -31.697690 11.938220
1299 -1.623920 0.591870 -1.914420 6.295140 52.487500 45.917760
1300 -0.534180 0.417450 1.044300 16.823410 -42.269610 27.006340
1301 1.860080 0.415060 -1.636550 58.279730 22.157680 36.089420
1302 -1.325340 -0.210790 -0.418970 -25.734660 18.637000 62.871630
1303 -0.973380 -0.214930 0.302480 -6.340900 -50.691030 25.052030
1304 -1.265270 -1.191120 -0.490660 -15.337320 14.302470 55.658750
1305 2.068530 -1.057850 2.862030 12.284800 6.620210 73.988780
1306 2.948730 -0.220040 -1.781140 7.998660 41.383110 54.558140
1307 -2.341740 0.128030 -2.011310 31.482570 51.137400 75.553650
1308 2.710100 -0.014770 -1.629570 18.329700 66.733980 55.184500
1309 0.842990 0.922090 1.307520 -3.451380 -12.424630 -21.743470
1310 2.082540 -0.226750 1.950750 -1.795940 -57.921350 64.342410
1311 -2.641910 0.789880 -2.219020 44.421760 71.419560 25.571090
1312 1.102510 -0.595700 1.061370 -52.846710 -13.969270 42.906560
1313 -1.652640 1.459190 2.313530 53.215060 25.950420 21.106370
1314 -2.348040 0.531590 0.962100 -13.458830 -46.781550 56.991470
1315 0.656460 0.716110 -2.392950 45.879230 8.340990 16.665410
1316 -1.086390 -0.216590 -0.339680 -22.373260 21.065640 32.373810
1317 -0.509770 0.533540 1.724090 9.813750 -15.764280 6.031620
1318 -1.109800 -1.113790 -2.979320 43.479940 15.150850 61.652840
1319 1.372120 0.261910 0.554880 -11.353520 28.602150 12.243650
1320 0.167730 -0.240750 -1.291110 -22.581580 44.717580 29.883040
1321 -1.812900 0.600410 0.098960 -10.902930 -44.434360 36.629990
1322 -2.464080 1.130010 0.226300 -1.613000 -24.947630 30.906990
1323 -2.062770 -0.594120 1.280070 17.020210 7.223850 70.968350
1324 1.685530 0.814250 -2.048680 64.135740 27.472420 29.233420
1325 -2.544220 -0.579690 2.636300 44.772320 6.402950 101.853760
1326 2.633910 -0.810660 1.356420 -12.266840 29.885160 86.496250
1327 -2.057620 -0.225450 -2.455240 47.514170 30.673010 74.237270
1328 1.933810 0.019020 2.885570 56.351460 -18.736110 61.612110
1329 2.863300 0.990510 1.617650 18.378750 -11.640160 21.544170
1330 -2.625570 0.858910 1.937090 44.353320 -11.241680 9.676490
1331 -0.414050 0.489930 3.031220 48.056130 40.835780 -9.762950
1332 -1.202500 0.051290 -0.643010 -35.145760 35.859500 26.221070
1333 2.578720 0.276470 -0.910980 1.410970 78.898250 49.636270
1334 -0.620020 0.630230 1.936630 14.894900 0.090940 -16.222160
1335 -0.457740 0.405170 -0.782210 -21.642720 29.944640 25.439980
1336 1.145710 0.710430 -1.525210 61.999360 29.045220 0.034810
1337 -2.451510 1.173840 -2.052450 34.404070 26.508520 25.180620
1338 0.690180 0.686100 -0.860230 -6.664570 44.479320 -8.281490
1339 -0.941190 0.571760 1.635610 16.921960 -5.508060 -1.850750
1340 1.573730 -1.260590 -2.968200 9.301270 -18.026430 81.689640
1341 -2.436070 -0.011760 0.730820 -20.095250 -46.452260 58.900310
1342 0.223140 0.318820 2.483190 47.482350 12.315500 1.150510
1343 -1.177580 0.018130 -2.571720 42.688470 38.603450 7.321490
1344 2.810590 0.941660 2.295190 45.963170 -11.620700 15.641910
1345 0.041170 0.671360 -1.003320 2.741770 41.662770 -11.751730
1346 -1.168730 -0.277080 1.735670 67.783970 -33.361540 27.151540
1347 -1.734950 0.702870 -1.049580 -51.439120 18.803600 10.031560
1348 -1.780060 -0.732240 -1.350560 -42.817170 20.062630 73.455930
1349 -2.429750 -0.440890 -0.424790 -3.496540 -12.059750 95.435790
1350 0.146520 0.194020 -0.300770 -21.678640 -4.550650 -6.904000
1351 -0.210540 0.670950 -2.535800 26.229130 2.747660 -22.654600
1352 0.751630 0.908250 2.951030 33.309990 -16.601510 10.540820
1353 -2.851740 0.474290 -0.429290 -11.511470 8.174980 58.012790
1354 0.480290 -0.938930 -0.143380 -38.850030 4.311880 36.566280
1355 1.574780 0.093530 2.855110 35.726560 -18.312660 51.518020
1356 0.631220 0.552090 -0.888580 14.011580 51.274030 11.497950
1357 -2.497260 -0.663580 1.818150 40.650870 12.854430 96.792550
1358 0.463460 -0.363100 1.167080 -1.676960 -49.249980 20.595670
1359 -0.563140 -0.214600 -0.018470 -50.652370 -2.219730 19.390540
1360 0.157930 -0.699820 0.070610 -48.555610 17.728240 53.760090
1361 -2.085200 0.287760 2.122420 77.367380 -8.599440 35.703210
1362 1.876220 -1.249990 -1.051450 16.545340 52.514100 79.548370
1363 2.680540 -0.174940 -0.650950 -28.256920 47.014680 57.835690
1364 0.177200 0.287220 -0.166390 -17.004050 7.290920 -26.146380
1365 -1.698410 -0.776950 1.201880 44.770070 -14.227420 89.124510
1366 -3.003020 1.168300 -1.683000 7.543810 76.124980 18.794540
1367 3.131240 0.963720 -2.549730 29.071630 38.186090 14.717020
1368 0.699010 -0.364010 2.084970 50.454960 -36.783120 34.040600
1369 0.585130 -0.511720 2.277200 17.138840 -20.541270 48.124660
1370 0.872160 0.694390 3.052600 44.878700 -26.218970 10.980900
1371 2.665520 0.879700 3.111750 46.042160 -29.135600 7.546980
1372 -1.043300 1.280530 -0.688020 -18.801030 -16.418220 -19.247780
1373 1.628170 0.221360 2.300270 -8.048840 -35.679180 28.763720
1374 3.131690 -0.439030 -0.437830 -27.033210 15.769050 84.815520
1375 1.792620 -0.722940 -0.260500 11.832990 55.375690 80.143980
1376 0.494400 -0.296620 -1.226460 -20.492310 53.741080 21.863700
1377 1.266610 -0.376180 0.901170 -4.025900 -9.732340 33.930270
1378 -2.603850 -0.005650 0.826750 -14.690700 -40.460340 45.548220
1379 0.879050 -0.726080 -2.243520 37.863460 10.801260 32.079610
1380 -2.620600 0.182550 -2.185320 17.099540 40.587580 80.393020
1381 -1.915220 0.007100 0.496340 12.797300 -39.451770 39.552520
1382 1.835600 0.620510 2.120730 24.160900 -41.260300 -2.250500
1383 0.773150 -0.447450 -1.006620 9.307880 41.305160 56.004890
1384 -2.866030 0.479630 1.847510 38.949910 -50.614600 67.368650
1385 -0.984550 0.621010 1.849820 63.449170 5.713790 11.736040
1386 -0.877490 0.057410 -1.363300 -2.512010 28.806690 45.186800
1387 0.315220 0.732480 -2.905910 11.996130 -2.174740 -31.735670
1388 -1.301770 -0.810720 2.867710 67.571340 12.760090 53.100050
1389 0.074640 0.811840 -1.611470 -11.837440 28.511450 -12.356490
1390 1.382700 -0.776790 1.062600 -43.840960 -17.633250 38.633650
1391 -0.630630 -1.374730 1.474880 7.728830 -10.782180 59.745220
1392 2.036800 -0.425850 -2.819430 62.127500 -25.830360 76.676370
1393 1.710280 0.120600 -1.123260 41.032900 72.537010 28.917150
1394 -2.792070 -0.273930 1.409630 13.740110 -3.606970 93.330490
1395 -0.184620 -0.504950 0.195910 -42.028880 15.759410 31.016460
1396 1.875700 0.198550 -1.900350 39.381590 19.566020 13.149240
1397 0.605580 -0.498580 0.856830 -22.196470 -35.611480 15.314130
1398 2.866380 0.331300 -2.139220 68.028970 46.345090 55.861760
1399 2.793240 0.222490 0.342290 -26.890810 12.699700 21.921500
1400 -1.809580 0.177380 2.228970 59.613350 11.374320 61.029180
1401 -2.343000 0.176020 2.103520 37.560400 -6.419620 32.269170
1402 0.456080 0.515660 -2.723570 29.896860 39.609330 2.660140
1403 -2.815150 1.077240 3.109270 51.947780 39.854630 19.677400
1404 1.477080 0.222860 -1.422750 40.905520 66.827030 9.610770
1405 2.938200 0.733650 1.441030 -17.547960 -52.481810 26.551910
1406 -2.876110 1.002650 -0.753540 -1.306870 52.447430 5.714410
1407 1.598220 1.265050 -1.674520 26.714000 32.556230 14.435020
1408 2.859440 -0.983860 0.010230 -9.633430 39.673640 82.315950
1409 -0.244040 0.275540 0.379380 10.024380 -26.867650 -8.109790
1410 -0.616460 0.399020 -2.720680 36.391950 10.353980 8.209200
1411 2.631080 -0.319440 2.007720 32.542180 -16.465680 66.113160
1412 -0.432890 -0.365410 -2.980990 50.370740 4.167200 38.761630
1413 -2.995430 -0.769350 0.688650 9.498980 -14.192100 64.402210
1414 1.670410 0.794380 -2.373480 22.087460 8.440610 9.849950
1415 2.278340 0.456680 -2.182380 33.262410 42.499740 37.386470
1416 -2.330280 -0.689300 -1.877050 26.861460 25.443330 95.016250
1417 -1.830560 0.512740 -1.340940 -5.592360 16.688190 23.066880
1418 0.865380 0.177280 -3.086160 69.479890 1.356600 6.609950
1419 3.068550 -0.109080 -0.731950 -0.842380 12.434910 81.446700
1420 -2.144470 0.969460 -1.724020 11.121450 29.039060 36.684650
1421 2.486870 0.127150 -1.136220 -4.434750 69.875100 50.702440
1422 -0.640880 0.427980 -0.000930 -8.336210 3.553140 25.371610
1423 3.046460 -1.160030 -1.028270 26.303710 23.417040 99.962200
1424 3.098820 -0.093940 1.900290 17.962000 -49.253520 82.076430
1425 2.085830 -0.320240 -1.843740 25.154370 35.934510 68.130650
1426 -1.878720 -0.676290 -0.113720 7.544730 -15.233440 90.361760
1427 1.950320 0.423430 0.850160 -56.496400 5.368550 37.570940
1428 1.745330 0.257590 -1.363030 21.107430 37.625110 49.351870
1429 -3.071800 0.870620 -2.039920 43.749380 61.925470 9.012520
1430 1.947830 0.300560 2.636150 25.461760 -5.187720 32.632460
1431 -2.708850 -0.078430 1.202730 31.393490 -37.210830 84.807850
1432 0.147750 -0.305610 -0.621460 -0.462870 42.051720 19.195510
1433 -2.232020 -0.439750 -2.366230 20.859110 55.280450 51.832430
1434 -2.708920 -0.756350 -1.952720 27.611420 32.641850 94.243680
1435 2.688980 0.131880 -0.961540 14.532180 27.599380 45.174900
1436 -0.021150 0.319040 2.257670 22.411910 -15.003840 -24.456780
1437 -2.991490 -0.351330 1.116760 -23.779210 -9.206480 65.772340
1438 2.205750 -0.949180 0.553880 11.173970 13.802700 58.024930
1439 0.930660 -0.684790 -2.404380 44.888080 46.981860 37.773300
1440 1.655950 0.976890 -0.532930 16.584310 52.422290 -16.548680
1441 0.840100 1.186630 -2.108130 40.083570 -28.015290 -12.551390
1442 2.726520 0.476480 -2.510250 65.147420 9.624640 16.089340
1443 -2.708940 -0.859010 -1.923170 23.874620 -5.038350 72.859520
1444 0.647960 -0.690990 2.699820 41.179970 7.565330 43.904060
1445 1.836250 0.267750 0.880130 -7.380570 -9.565300 43.586390
1446 1.827840 0.815030 -2.469070 66.225110 -16.319930 0.282150
1447 1.899500 -0.880450 2.844910 19.073730 -27.681300 44.104430
1448 0.302270 0.035100 -2.106840 35.416490 18.476150 -11.198490
1449 -0.505630 -0.355520 3.027700 69.450120 27.271920 52.197690
1450 0.502300 0.140190 -1.909910 46.082840 54.384550 -3.916730
1451 -2.742510 0.950200 2.528220 37.047310 7.495190 12.353340
1452 0.127070 0.238780 -1.736380 -4.047840 44.985240 -8.665110
1453 1.664070 0.461890 -0.028060 1.406840 21.160430 5.659510
1454 0.739150 0.218000 -2.210690 68.422250 26.880110 5.376170
1455 -1.138800 0.022490 0.963540 38.315640 -39.535800 24.717560
1456 1.396370 -0.513680 2.063240 2.941850 -15.836230 62.066750
1457 0.161570 -0.752540 -1.161230 -29.935730 41.185700 42.093950
1458 2.487220 0.903060 -1.454950 53.842810 44.172150 21.530540
1459 -1.307180 -0.373700 0.954590 16.072140 -16.027850 67.094950
1460 -0.530830 -0.955100 -0.021190 -7.979240 9.884520 43.714890
1461 1.333330 -0.036870 1.604090 -15.500710 -3.127400 31.771050
1462 2.782020 1.259860 -1.736020 49.391800 27.864140 29.022510
1463 -2.585000 0.199500 0.407830 -3.651750 -39.455840 49.021620
1464 -2.181890 -0.415460 -1.487090 -10.097160 34.933050 95.119740
1465 -0.261860 -0.152580 0.887990 -18.562620 -41.814170 -0.822680
1466 1.628800 0.772440 0.142680 -2.585740 47.797710 21.892510
1467 2.913660 0.686870 2.264090 58.398310 -25.574570 35.289180
1468 0.606550 0.559140 1.362880 -13.649400 14.308050 -16.028150
1469 -0.059380 0.386540 2.073550 41.923430 -1.981250 22.865070
1470 0.275490 -0.425110 2.148610 45.942540 -52.654930 38.575260
1471 -2.866800 0.963940 -1.246030 -4.442110 19.638450 24.107800
1472 -1.066430 -1.010150 2.955640 38.431900 41.699790 41.276440
1473 -0.839450 -0.736280 -0.707550 -14.514600 0.650480 71.973520
1474 -0.918110 -0.694450 2.369330 46.649070 27.035980 50.237980
1475 -0.293210 0.431380 0.620020 -1.535790 12.713500 -6.753590
1476 -0.283830 0.056370 0.600420 -15.284690 2.635790 24.324720
1477 -0.716070 -0.022550 -0.994970 -32.093540 24.736080 50.052620
1478 1.780440 -0.145840 2.344100 30.177400 -35.497320 69.951920
1479 2.411880 0.563240 2.540570 8.132190 -32.513740 34.099180
1480 0.245270 -0.034900 -2.156110 54.487140 22.385190 -1.764800
1481 0.827250 0.144860 -1.604870 37.159630 64.422730 4.426010
1482 -2.922520 0.111370 1.390880 10.356800 -57.194810 64.594700
1483 -0.796680 -0.739190 -3.046920 36.465260 57.404140 59.364140
1484 -1.662700 -1.348150 2.157760 52.336290 5.353340 91.234850
