1 1.844240 -0.646300 -1.249810 101.727810 49.112030 108.740610
2 2.987430 -0.231330 -2.840530 67.336540 14.874960 142.274930
3 -0.593260 0.341060 0.725460 54.215900 -8.173860 0.634550
4 -2.075390 0.357110 1.461160 97.863560 -29.575170 96.289330
5 2.441720 0.226150 -0.924300 60.065400 75.335140 113.093640
6 -2.910850 0.933180 -2.303050 85.068460 70.346450 90.365510
7 -0.981770 0.341200 -2.999090 59.577270 76.420590 39.149620
8 0.266960 0.710840 3.081100 -4.904850 3.955050 4.850010
9 0.548550 -0.130540 0.167750 10.906230 45.151660 31.244900
10 2.929280 1.433350 -3.122720 113.138380 11.379550 60.785890
11 -2.560200 -0.770730 -0.185900 59.885360 -12.275600 135.072540
12 -1.633410 -0.389420 0.107950 33.061440 -39.778080 96.868390
13 -1.793880 -0.359670 0.909710 84.275570 -33.402770 101.450990
14 -0.973070 0.988970 -2.426580 7.568030 46.651160 37.028620
15 0.766340 -0.189480 2.866250 74.104160 -30.967160 41.326950
16 0.797400 -0.146870 0.040300 3.216190 64.243100 18.237610
17 -3.119800 0.381680 1.804340 42.404300 -22.805600 145.395420
18 -0.597420 -0.395280 2.265390 98.204220 14.382510 24.208500
19 1.960730 0.610360 -1.647220 103.865430 66.814270 91.420850
20 2.048090 -0.812560 2.417500 14.940060 -20.591050 120.189030
21 0.898630 -0.964010 -2.006410 100.904040 54.525830 58.213940
22 -1.119350 0.208530 2.660070 90.040330 74.102790 62.497540
23 -2.628790 -0.451910 1.170330 69.162280 15.490290 154.362980
24 -1.717090 -0.061440 -2.259310 22.316660 80.085510 87.570530
25 2.616020 -0.886040 1.104260 32.673980 53.761760 130.041350
26 0.505000 0.856330 2.215700 6.294730 26.763760 1.018440
27 0.809200 -0.478530 -1.604230 95.164470 66.692960 56.057360
28 2.522490 0.982580 -1.822840 90.143420 71.432330 60.507980
29 -1.284880 -0.521690 1.678240 99.039220 7.461420 100.665540
30 -0.472120 -0.037010 1.198920 54.666910 -24.374410 3.590560
31 1.687350 0.454700 -0.997620 46.818570 73.012880 62.330860
32 -0.913700 0.637650 -1.933060 -31.185710 34.402820 20.958470
33 -0.040080 -0.073030 -0.721080 7.746960 37.683780 -3.509130
34 -1.527080 -0.116330 1.222380 85.686160 -23.589330 57.946130
35 -0.032490 0.884510 -1.451870 50.486550 -10.023300 18.532510
36 2.279520 0.104580 -1.820580 92.881560 50.520960 132.027890
37 -0.737160 1.259140 0.100220 83.602700 -31.965260 34.968010
38 -0.577540 -0.062640 2.933660 88.934220 43.153490 29.737070
39 1.660280 -0.053910 2.741030 14.482550 -47.056100 72.741980
40 1.226670 0.211990 -2.303570 94.159070 6.473130 70.765720
41 -1.195480 0.204880 -0.396450 -1.851570 -15.655190 32.448660
42 -2.145230 -0.658170 2.082620 88.128910 66.867880 126.111540
43 1.377870 -1.348580 -2.627370 92.225560 -0.464370 109.591330
44 0.571040 0.234610 2.664980 44.929870 -1.232950 32.185240
45 1.989560 -1.286080 2.159320 -4.699890 -5.996900 112.568810
46 0.234470 0.237880 -0.867630 11.785410 32.795960 2.906640
47 3.071490 0.367230 -1.861080 50.114990 67.682170 145.022340
48 0.511940 -0.740970 -0.783720 30.599050 77.152820 58.105660
49 1.592470 -0.422950 0.089200 -6.722340 61.394780 82.786140
50 -0.269740 -0.454040 -3.034440 90.511220 45.223520 17.242330
51 -2.987060 0.739250 1.406840 48.529870 -41.824310 104.456500
52 1.509380 0.366970 -1.331400 89.378400 58.728980 38.311660
53 1.355880 0.700950 0.001510 38.119310 80.374550 48.903980
54 -0.122980 1.179450 -1.214800 14.765930 -23.831730 21.413440
55 -2.436650 -0.345300 2.297530 45.283290 33.818560 125.957320
56 -1.755220 -0.887540 -0.490980 -0.905190 -25.105380 130.023390
57 0.762130 -0.201160 1.861890 -13.355960 -35.145760 28.187840
58 -1.262600 0.412600 -1.659690 -49.566060 51.128790 46.189670
59 -3.074720 0.597480 2.201300 61.035780 -43.294370 106.812590
60 -1.774020 -0.235720 2.698790 100.182460 69.480320 100.548430
61 0.373500 -0.952570 1.011780 -37.124350 -19.588190 52.340350
62 2.287250 -1.098910 2.310230 -10.280100 9.742930 99.636110
63 -1.166480 0.878080 -3.077370 23.941100 76.493940 62.902980
64 -1.918200 -0.204400 2.664510 73.898280 40.846330 108.509870
65 -2.384910 0.030180 -1.655240 -25.456970 50.789280 111.146120
66 -0.681920 -0.536560 -0.722020 -22.729390 30.025480 71.477790
67 -0.727930 -0.112210 0.582080 45.902290 -33.222820 38.640070
68 2.633020 -0.500750 -1.694130 84.003550 18.104490 132.351410
69 1.283610 0.541920 0.240700 10.513480 69.235250 23.342890
70 -0.365710 -0.952590 1.620470 57.860990 -39.171080 89.259110
71 -1.160040 -0.350580 -0.944020 -38.048940 -2.814190 66.751790
72 -0.346080 -0.479960 2.000690 93.044860 -9.877850 47.660330
73 -0.093370 1.081250 0.513410 88.529660 33.979640 29.582700
74 1.837850 -0.409180 1.411850 -44.199640 7.220200 83.002350
75 -0.127340 0.578420 -2.648850 31.981150 28.512350 -8.168970
76 3.052570 -0.257290 -0.845680 24.001500 40.994250 167.049790
77 -2.425460 -0.644980 1.522590 88.908520 21.932070 134.822600
78 1.268470 -0.276520 3.134670 67.792790 -56.973540 64.481410
79 -2.489380 1.009440 1.483370 40.997120 -20.970290 73.084640
80 0.088680 0.063270 2.110620 48.332520 7.053790 34.485460
81 -0.130930 0.268170 -0.301230 -4.574310 9.120430 11.343510
82 1.661000 1.093620 -2.847390 75.693800 -27.114100 33.567350
83 2.095310 0.867440 0.492320 -9.767840 44.531040 75.651760
84 3.009330 0.096770 -0.941300 27.299550 57.956590 113.207470
85 -1.100620 -0.856070 -0.805710 -50.481400 9.264670 65.652240
86 -3.025380 -0.453250 -2.420430 42.954520 43.196540 151.217380
87 0.087060 -0.562720 1.228980 24.857030 -47.176640 38.105650
88 -1.565170 -0.659110 2.657230 78.430010 67.964310 119.053050
89 -1.026000 -0.543880 2.945150 90.728570 75.059150 85.160060
90 2.388410 0.541750 1.645410 2.030440 -22.825030 80.134620
91 -2.801220 -1.183420 -0.365160 81.486880 -24.440380 127.847500
92 -1.469390 0.900230 -2.734580 31.007180 109.714260 58.544160
93 0.469550 -0.622360 -0.313230 -29.228160 53.051450 38.037830
94 0.516960 0.475610 1.228190 19.326230 34.179860 -1.678590
95 2.779940 0.208020 3.022780 77.839980 1.745980 107.143590
96 -0.296650 -0.431800 -3.068280 94.240720 59.478870 47.608710
97 0.492870 -0.384950 1.182060 -15.001720 -11.872660 59.639380
98 2.305690 0.130900 0.537430 -24.775820 44.179690 135.318300
99 -2.323150 -0.886020 -0.116100 19.680730 -25.854140 118.478320
100 2.719480 1.081700 -1.469620 63.923590 96.544000 93.568980
101 0.449820 1.006130 -2.193930 54.455940 -16.529810 21.520820
102 2.716080 0.688890 2.003010 46.294460 -28.103670 112.625620
103 2.746790 0.180570 1.111440 -31.108550 -5.603990 123.462910
104 -1.347570 -0.745030 -1.250200 -56.226820 25.020050 84.707090
105 -2.966740 0.277110 -0.204850 6.161800 20.452160 125.941980
106 -1.296000 -1.364550 -1.751250 -39.407060 47.596190 89.669890
107 3.043700 0.478690 0.409430 -16.366530 4.812600 95.763750
108 -0.310360 0.571420 -2.630010 30.701700 47.225410 23.955540
109 -1.449990 0.956780 2.392370 78.946910 38.621570 45.063870
110 0.672100 -0.241790 -0.586460 33.765200 87.855560 47.312470
111 1.341920 -0.504160 2.814520 63.420960 -44.441000 78.063810
112 2.831270 0.048510 2.556970 45.840790 -20.970180 154.998960
113 3.095090 -0.296170 1.620670 3.456120 9.498010 153.421650
114 2.216970 0.254580 -3.090810 90.126280 -31.312910 108.947050
115 -0.575540 -0.289110 2.232110 63.414950 7.279560 29.214280
116 2.472070 -0.668670 1.207840 10.807980 54.713660 144.644740
117 2.831700 0.017090 -0.496800 30.246870 67.500640 143.177440
118 -1.969270 -0.761380 -0.452160 0.265490 -46.986710 119.419860
119 -0.777420 1.028530 -0.777030 15.977210 -22.377400 53.197530
120 1.777600 0.687030 1.851170 -40.299080 -26.119010 75.339290
121 2.144640 1.333340 -1.553380 61.587150 58.241560 48.913130
122 -2.752520 -0.351530 -1.845010 27.546310 42.412450 155.895950
123 0.542610 0.820360 2.827300 23.554070 -1.024760 23.966310
124 2.146200 -1.223940 -2.492230 67.554270 -39.895850 115.311740
125 -0.170810 0.029150 -1.329060 2.994220 41.751450 38.088140
126 -1.588210 0.215570 -0.267860 -14.587310 -49.269310 69.690330
127 0.009020 -1.054280 0.356600 -24.829010 6.518390 92.271220
128 0.420660 -0.705220 1.586710 21.790720 -34.409510 34.013370
129 1.502650 -1.026120 -1.067110 57.656120 60.405150 87.954600
130 2.561530 -0.657820 -2.437030 49.922040 5.331820 113.656590
131 -0.445000 0.662330 0.203800 27.724480 -4.612170 5.595100
132 2.622080 0.461770 0.707490 -44.094980 12.582370 96.866230
133 0.090560 -1.249700 0.703540 -45.373290 -21.018890 83.204060
134 -2.076300 0.226080 -1.278250 -52.285770 40.954280 112.821320
135 1.450970 -0.515200 -0.062610 -18.963680 94.238340 77.953440
136 -1.167530 0.136900 1.414260 96.424890 7.388930 59.058770
137 0.086580 -0.417970 -1.961800 65.461640 80.236030 15.907940
138 2.783820 -0.457130 -1.586300 69.347790 43.237080 142.527370
139 -2.605060 -1.148480 -0.480520 59.350300 -17.723060 105.146680
140 0.855520 0.562140 0.468130 -12.941980 58.596060 19.101000
141 1.445980 0.132640 0.979090 -34.313240 30.539450 86.632200
142 -1.133100 -0.227810 -3.078630 62.959870 104.703450 48.548130
143 1.657190 0.618200 -2.130170 118.335400 12.788100 59.951260
144 -0.931570 -0.169000 -0.100320 5.301480 -12.391960 62.264060
145 -1.226290 -0.765070 -0.493140 -33.047710 -16.867470 105.661100
146 2.912580 0.700900 0.161170 -23.697460 37.175950 83.372850
147 2.456360 0.597630 -2.792090 102.164080 7.980650 117.795200
148 2.475540 -0.412560 -2.705190 67.397640 3.868610 147.482450
149 -0.571750 0.151010 1.733170 73.967770 17.224670 2.553580
150 -2.353600 -0.948570 -2.635960 14.487030 49.440040 126.119370
151 2.032570 0.249310 -2.608360 82.116490 -27.317470 98.059790
152 1.400810 0.871510 1.066420 -10.731780 60.746440 56.060090
153 0.090270 -0.634810 -2.159280 67.054960 66.365180 67.607330
154 -0.023480 -0.227630 -2.945270 70.204180 30.273830 1.947480
155 -1.750730 -0.273740 0.779550 59.011630 -44.145810 120.966770
156 -2.346180 -1.091040 -0.772650 29.640260 -17.261950 142.451200
157 -0.472680 1.477120 2.509970 9.308260 72.048990 20.097330
158 2.931250 -0.139150 0.114760 7.482080 46.265920 163.332370
159 0.645390 -0.150870 -0.979580 51.577130 75.884300 13.262470
160 -0.892080 0.644640 -2.699640 20.412190 74.587100 8.500560
161 -1.664300 -0.550330 2.777140 82.947310 77.862010 78.914160
162 -1.578390 0.962950 -1.823830 -3.700990 60.879490 60.331250
163 0.307150 0.663190 2.623060 -1.720510 11.670560 -6.643990
164 1.333040 0.504350 -2.754140 71.937960 -34.438250 25.147950
165 -1.980510 0.228730 -0.156230 8.623070 -31.583610 96.587100
166 2.893290 -0.102240 -0.303070 -3.487050 40.844720 125.753100
167 -1.256140 0.392120 -1.428990 -48.392770 32.461420 66.685770
168 0.636710 -0.903910 0.249030 -49.505470 60.936570 59.427640
169 1.038020 0.195270 -2.566950 77.836170 6.707180 18.564610
170 1.933620 -0.376570 -0.981240 83.934110 86.108890 116.717100
171 -1.036130 0.138930 2.007810 74.277820 19.749690 62.708610
172 -1.591520 0.015610 2.798720 83.892740 80.476850 102.342270
173 -0.780050 -0.493860 1.455850 51.501660 -34.424490 42.644290
174 -0.133680 -0.171490 2.209650 44.422260 -2.971240 8.262150
175 0.981620 0.170940 2.838990 48.382790 -19.830220 18.479360
176 -2.295080 1.251650 2.413230 80.275600 12.415970 53.958310
177 0.448560 0.769020 0.274640 60.849490 44.317500 17.534890
178 -0.102720 0.271590 -1.852960 6.980020 57.950600 9.324970
179 -2.264860 0.608410 1.805940 104.368860 -7.068970 99.780620
180 -2.662740 1.094080 2.997630 111.897000 22.426780 74.914770
181 2.614700 -0.484580 3.109020 16.055070 -11.640760 155.438390
182 -1.128920 -0.475360 -1.302620 -22.803410 41.928460 47.263160
183 2.886920 -1.397530 -0.443370 81.537350 11.873860 139.076570
184 -2.735940 0.186250 2.431370 96.278790 11.141840 123.787250
185 2.826400 -1.013050 0.168280 77.169380 54.463480 144.345830
186 1.733710 -0.073800 -1.536810 103.168360 53.619670 67.185170
187 -1.931420 -0.299200 -2.875580 43.630420 84.303520 86.276620
188 2.931820 0.394830 1.504870 6.651330 -28.815060 142.818660
189 0.560270 -0.242680 1.171440 -3.017800 -6.752840 11.970110
190 0.465270 -0.251320 -1.017840 15.513070 73.365080 10.750610
191 -0.810600 0.847370 -2.805760 -17.392190 75.139910 23.459440
192 -1.571540 -0.163520 2.296830 101.685840 36.465160 60.969300
193 -1.769090 0.521480 -2.718450 51.391590 105.826520 85.987270
194 0.243280 0.854620 1.174530 22.077850 31.285340 23.437320
195 -2.169240 -0.036680 -1.403970 -13.179710 41.877650 135.691530
196 -2.083080 0.425010 -0.989890 -52.432190 24.332460 79.727320
197 -2.182660 0.206090 1.477190 64.050420 -19.957740 129.206950
198 2.421340 0.066470 -0.026790 19.997740 62.372220 122.998670
199 -3.117630 0.217110 -0.262240 -8.432470 28.719380 153.019940
200 0.117350 0.034000 -1.309420 4.593890 61.862500 12.742250
201 -2.982720 0.769910 0.796340 14.197590 -27.216670 97.322610
202 1.354650 -0.464990 -0.742160 50.035590 98.240540 54.418320
203 -1.017110 0.824280 2.231360 76.828380 59.358280 12.394390
204 1.795390 0.436160 -1.364430 79.565110 43.959390 73.428620
205 -2.612580 0.404680 2.531490 69.562560 19.725610 99.403690
206 -2.145310 0.545140 1.302560 50.769410 -36.323760 80.227400
207 -0.177920 -0.897180 -1.789990 53.072280 88.501320 67.947790
208 -1.996440 -0.934560 3.044000 30.899630 55.107470 114.030370
209 -2.127440 -0.654600 0.894440 84.523480 8.451560 127.112150
210 -0.535900 -0.923110 0.928910 0.061130 -27.306500 64.482930
211 -3.067410 1.075540 2.558050 64.475590 -4.847470 75.978210
212 -0.062530 -0.573080 -0.347890 -26.217100 36.054110 64.069240
213 0.388820 -1.128680 -0.795030 5.267960 61.522570 73.300200
214 1.688040 -0.455300 -1.343870 69.841260 60.080610 75.486350
215 -1.112450 1.306000 -2.106880 -26.014560 15.035720 42.100560
216 1.566060 0.198400 0.165650 -24.937580 74.444240 57.891290
217 1.280110 -0.284270 -2.139690 120.285450 22.255510 59.694340
218 -0.697230 -1.005200 -1.723980 0.059050 81.961540 99.287080
219 -1.923600 -0.840740 3.020450 20.932190 74.600750 103.518710
220 0.606680 -0.180400 1.399230 -16.169100 -29.275870 34.774570
221 -2.215390 -0.285900 -2.785500 46.281810 91.354140 129.282410
222 1.179810 0.222580 2.069180 7.375580 -1.872050 45.893860
223 2.550800 0.553930 2.613820 63.470700 -34.742190 82.910770
224 -0.906910 -0.688920 -0.389160 -9.318350 -13.906020 70.725750
225 2.303220 0.700680 1.957960 -12.389000 -36.214990 72.108550
226 1.341180 -0.126590 -0.588430 45.354110 96.402340 86.453020
227 -0.183360 -1.045800 2.766070 107.196500 36.576730 78.278660
228 -2.296960 -1.271180 1.811130 44.997020 64.033960 107.360220
229 2.660450 -0.595510 -2.530970 41.915230 -25.353740 133.489520
230 -2.751970 0.724590 1.159600 15.081920 -18.764870 88.814160
231 -2.341560 -0.083510 -2.618950 51.291860 65.283330 127.580410
232 -2.538210 -0.096440 1.967670 86.502190 25.693290 140.621700
233 1.538610 -0.038880 1.407370 -27.258810 8.005770 96.477580
234 -1.834320 0.891970 1.192740 68.548930 -30.058900 88.537810
235 0.041540 -0.417550 -1.111880 7.427480 85.358550 14.469820
236 -0.523700 1.326780 3.044590 -25.919050 54.195520 21.721290
237 -1.443910 -0.527760 -1.395580 -20.062360 53.127910 100.173240
238 -2.215240 0.947590 -1.313820 -25.333650 58.204650 97.523030
239 2.743200 0.205040 1.724580 31.727490 -27.852820 125.524460
240 1.263790 -0.660880 -2.161390 106.514300 45.666310 71.111310
241 0.172780 1.435750 1.052750 66.982970 88.867990 50.544600
242 1.962330 -0.778720 -0.143640 39.693170 107.746900 118.420930
243 1.874110 0.834900 2.629270 37.520110 -36.391020 87.187330
244 -1.016700 0.660650 2.892240 28.961520 66.511820 26.029120
245 -1.979230 -0.555880 -3.035730 33.611330 72.579490 137.110310
246 -0.183200 -0.117470 -1.487660 34.232860 52.876850 26.484360
247 2.768010 -0.951770 0.373630 44.782540 33.318740 136.718260
248 1.146190 -0.632760 1.945800 12.269400 -28.753360 81.823550
249 1.705450 -1.362280 -3.129810 25.483570 -57.217190 101.286960
250 0.897730 -0.841860 1.311410 -21.191730 -33.256460 67.469760
251 -0.290860 1.278190 -1.282160 45.720760 -38.872940 33.747080
252 1.113890 0.064330 -1.752110 107.531300 31.034200 49.721590
253 1.687590 -0.736270 1.163700 -17.527500 12.214870 99.552660
254 1.953930 -0.419350 0.526380 -5.086510 70.952360 128.069790
255 1.171860 0.416860 0.220570 -3.254430 52.584330 44.357860
256 2.953940 0.571080 -0.621130 -4.876460 58.988930 88.934660
257 0.367630 -0.017370 0.585480 -13.897100 35.313190 -1.418180
258 0.373730 -0.625540 0.274700 -37.280450 6.806390 36.261090
259 -0.748140 0.695400 -2.837530 24.187620 86.233740 21.366010
260 -1.788590 0.293550 -1.111160 -18.495730 27.807910 93.130950
261 -1.001710 0.749670 0.820540 63.795330 -34.669660 39.186740
262 2.009010 0.819930 0.168040 -11.301350 93.781420 56.317500
263 -0.066770 0.331650 0.683880 29.524720 17.692960 34.137950
264 1.183620 -0.590520 -0.635790 40.720030 88.344700 51.242450
265 -2.514670 -0.069270 0.080350 21.140410 -3.667190 146.209230
266 2.423120 -0.626220 2.562990 10.486060 -6.049100 153.532070
267 -1.519410 -0.758640 0.662740 54.229980 -31.083130 119.152270
268 -0.500030 -0.558420 -1.896900 1.195170 78.565250 35.761220
269 1.074480 -0.457810 -1.021800 37.578670 103.185110 53.909980
270 -0.025630 0.694470 -2.586750 8.145150 43.989710 4.036060
271 1.781690 -0.350850 2.437720 8.644300 -40.064000 120.890910
272 -3.096140 1.478380 -0.284290 -33.120230 67.979510 46.911780
273 1.238230 0.495230 3.094330 21.027690 -40.574200 42.863160
274 2.524380 -0.542420 -2.477760 45.233460 -26.253420 140.505480
275 0.098090 0.232020 -1.506370 48.846770 49.735360 26.180990
276 -0.698270 0.781700 2.203070 39.929620 51.396030 9.838490
277 0.904700 -0.123470 -1.684370 72.195300 72.658520 28.445880
278 1.047950 0.723870 -3.114940 29.400760 -50.033530 33.955840
279 1.195170 -0.112190 -1.931380 91.751050 31.709850 79.306240
280 0.411500 -0.328180 0.950620 -3.758920 5.461200 14.827720
281 -3.133630 0.383010 -0.926760 11.006510 91.378830 128.506230
282 -0.676940 0.459330 -0.474330 -15.047390 -17.141690 29.840530
283 -0.269030 -0.992730 -2.938360 85.580830 71.015550 51.639890
284 -2.645850 -0.505640 1.293790 42.973800 12.716760 121.316760
285 1.844550 -0.549060 2.080310 1.801430 -7.035210 119.748720
286 2.493860 0.382570 0.286870 -36.580990 66.722820 97.197080
287 -0.298420 -1.017560 1.495200 67.948850 -40.314170 72.463910
288 -0.342880 -0.000760 1.462670 72.305210 -7.834010 16.900880
289 -0.314050 0.107920 2.306960 61.255410 21.251360 39.853970
290 -1.868050 -0.268020 1.842420 69.929560 10.437400 109.096220
291 1.341330 0.730890 1.209020 -25.226690 29.727120 24.031040
292 1.238960 0.062320 1.523120 -8.917800 -15.074070 54.028630
293 2.002310 0.104660 -2.626990 83.531880 -13.168380 120.039570
294 2.189170 0.421020 -0.142400 -25.578220 89.563160 92.454700
295 -0.335480 0.202320 -0.335230 -15.252700 22.048700 10.625620
296 1.851470 -0.946910 1.178690 -21.991580 39.869030 86.467470
297 -0.783460 -0.800350 -1.317560 -19.832820 68.184590 90.430650
298 -3.013390 0.634510 0.274300 -44.906680 18.022500 102.021210
299 2.899370 0.686270 2.313210 77.199550 -14.730270 107.762440
300 -1.065650 0.029010 1.186630 69.202110 -28.626830 24.868910
301 3.088390 0.917100 1.850300 30.744760 -55.783600 80.699100
302 1.422440 -0.089410 -0.916680 53.932390 97.789030 47.462940
303 2.022200 -0.277380 1.494880 -28.038770 -14.754250 105.490670
304 1.996940 -0.824810 1.046730 -42.263780 51.738010 104.643260
305 1.211720 1.363380 -2.300700 57.948420 -46.699830 55.749690
306 -2.319780 0.509080 -1.459960 0.887330 49.859180 101.487930
307 1.131660 -0.183230 0.904050 -51.669740 49.792470 51.727600
308 2.490010 -0.356900 0.185520 25.689070 63.398280 112.659930
309 1.410630 -0.438610 -2.103530 77.857350 14.722710 70.179530
310 1.908340 0.801310 0.052830 16.194180 77.899830 64.313480
311 2.148930 -0.650350 -2.244020 52.519440 -9.500980 133.585660
312 -1.505950 0.828300 2.782280 89.054080 64.631580 61.802280
313 0.370010 0.257840 -1.889570 37.492940 43.626450 -2.897340
314 -1.432750 -0.160820 -0.197900 -7.091020 -38.160900 52.173370
315 -2.410480 0.292020 0.815630 6.863670 -29.934740 126.618960
316 -1.379610 -0.986020 -1.671390 -51.411370 67.192240 97.752330
317 -0.055870 0.936280 -0.986850 52.664350 -28.007740 14.797360
318 -3.047020 0.702890 -1.688920 45.315690 64.014650 101.153000
319 -0.452450 -0.323400 0.012250 -14.985420 -19.710200 14.518990
320 -3.044950 -0.143290 -2.486580 56.336480 40.857210 122.324110
321 0.404670 0.934860 -1.228610 75.058870 22.663020 30.713160
322 -1.715000 1.360010 1.569950 99.049040 -16.276150 49.082540
323 0.545610 0.025330 0.078120 -0.727740 73.357320 8.967000
324 1.250290 0.856480 2.785420 11.333330 -32.649300 65.058080
325 1.393350 0.407380 0.614070 -32.405680 52.220890 74.274690
326 0.008670 0.124680 2.574570 69.710420 13.871040 16.306050
327 -2.674070 0.665090 -2.038150 53.429130 94.183840 110.631520
328 -0.394420 0.231670 1.001650 63.882110 -8.542100 24.001780
329 0.018930 -0.771200 -3.026460 83.857880 23.981570 74.657720
330 0.290100 0.069380 2.833930 61.263590 5.744680 35.363560
331 1.164990 1.382000 0.032070 51.158740 55.765530 41.465160
332 3.032110 0.685630 0.373670 -49.893850 1.092480 99.784370
333 1.470510 -0.250140 1.666630 -29.242880 -33.623470 86.915210
334 0.469970 0.680640 2.787350 26.180910 19.660290 22.806090
335 2.817020 -0.491500 2.109350 6.699670 -8.367440 147.799680
336 -0.482430 -0.333720 -0.268000 -0.011550 5.560830 38.440490
337 1.697740 -0.759060 -2.444510 94.441930 -31.451620 97.637500
338 -1.883870 -0.335670 -0.866050 -23.790150 -3.663960 129.867780
339 2.565230 -1.256960 0.122750 70.875320 60.511650 98.116360
340 3.020220 0.771900 -1.415580 12.799540 77.677730 88.854160
341 -1.844230 0.415570 -0.141720 -29.453080 -37.774310 72.717950
342 -0.952370 -0.516750 -0.718320 -49.875400 7.380050 80.039330
343 0.606700 1.197070 2.138250 -2.421730 46.332820 45.987600
344 0.850980 1.045460 -1.469190 70.104060 -0.639840 9.175160
345 1.140840 -0.771540 2.441150 32.266570 -46.114490 55.450500
346 -0.547690 0.557180 2.639970 40.476580 30.652800 18.433040
347 -2.446630 -1.076500 2.630060 3.109520 84.155910 118.750810
348 2.036160 0.239570 1.038770 -31.283500 27.452060 118.518890
349 -1.950900 0.172230 -0.322090 -29.488190 -38.867230 106.249590
350 -0.543690 -0.635320 0.980710 20.832440 -45.656460 73.869570
351 -0.509840 1.202930 -2.188770 -30.371670 35.805400 28.554680
352 -0.184590 0.044040 -1.816100 26.877590 43.969750 -6.076580
353 -2.220830 0.663330 -0.271860 -10.695390 4.307750 99.356970
354 -0.809790 -0.545930 1.813790 103.748410 -8.833100 42.529300
355 -0.446160 -0.229310 -3.118240 73.317700 59.300750 54.320320
356 -1.773340 -1.049550 2.668380 66.870340 102.306200 110.542070
357 -0.373240 -0.337510 0.623850 7.839050 -43.231250 45.229970
358 0.748230 0.736220 -1.454050 88.629680 29.328600 34.444860
359 0.682550 0.500170 2.717580 -6.006980 1.202320 17.097820
360 -0.377820 0.246470 -2.401820 24.158610 43.735270 38.066080
361 2.733080 -0.189320 3.035660 50.441060 -11.087940 113.513790
362 -0.009950 0.714600 1.634150 26.263920 62.189370 -3.015760
363 0.536310 -0.177210 2.234380 23.029560 -29.151880 7.747180
364 1.388640 0.583340 -0.535360 48.031660 82.184780 73.338760
365 2.135840 0.061060 1.520000 -0.641000 -5.448000 106.133120
366 -0.165870 -0.365610 2.931150 83.365270 22.912470 53.110600
367 2.411300 -0.032930 -2.890860 50.625170 -16.465930 109.501810
368 -1.179470 -0.278790 0.288380 29.682860 -21.099240 68.274380
369 -3.056540 1.161520 0.909770 -9.979080 -53.446600 85.645420
370 1.621450 0.740860 -1.119040 90.175260 89.229640 61.541950
371 0.528380 0.566280 2.370940 26.687390 -4.917040 20.581130
372 -2.013260 -0.107180 -2.719020 32.970490 91.011050 133.261200
373 -2.925580 -0.066220 -0.454920 0.733430 2.693810 135.860260
374 -0.656830 0.543530 -0.150780 6.748870 -0.507800 39.294760
375 -2.167270 0.793220 -1.540620 -17.694600 96.826030 89.173810
376 -2.347570 0.617680 -1.616140 -17.265090 68.141650 116.937920
377 -2.735060 -0.460870 -1.233410 -6.173330 14.402810 123.811830
378 2.590010 0.502170 -0.226970 6.072730 86.348780 110.173190
379 2.196700 -1.065530 0.074320 61.667300 61.501300 121.420730
380 -2.147130 -0.638660 0.265350 24.462730 -31.291990 139.731930
381 0.720610 -1.546590 -2.943850 82.676210 -27.396080 104.542530
382 0.024590 -0.184780 -2.089980 45.575480 35.449580 22.902960
383 -1.758230 1.146180 1.297470 86.242650 -13.112920 77.424480
384 1.687120 -1.057680 1.707940 -38.622980 2.068910 127.259490
385 -1.052020 0.661200 -2.821900 2.942440 94.831290 27.273160
386 -2.956400 -0.687750 -0.094190 58.778050 35.256020 146.567370
387 -0.184600 -0.317100 0.467610 -1.205840 -16.273990 51.551070
388 -2.444250 -1.076960 -1.069640 -5.504700 -26.578420 112.121480
389 0.599960 -0.665220 -2.873350 70.064490 20.130950 48.399580
390 -0.796070 0.214820 2.525980 72.360990 64.527760 11.410560
391 -1.074000 0.153430 1.235780 72.487640 -39.100830 38.671080
392 -0.301470 0.226440 -0.062200 14.018040 -20.245890 15.356090
393 -1.928770 -0.114990 -0.278240 6.638600 -3.922070 101.541370
394 -2.877280 1.140390 1.224300 -4.653520 -45.103500 77.349230
395 -1.934090 -0.861430 -1.012160 -3.072930 14.764490 114.066600
396 -0.577650 -0.497510 -2.989700 83.555280 80.004120 29.882690
397 2.904990 -0.322130 -2.367930 39.561290 12.974020 161.931300
398 0.766760 0.942160 0.938050 23.919300 84.869350 22.903590
399 -0.447160 0.077130 2.513550 72.628040 26.276970 -2.381970
400 -0.836380 -0.071600 -1.387980 -9.108110 52.763300 20.872730
401 -0.380460 -0.306470 -1.695070 0.342850 72.238660 11.104460
402 -1.603190 0.512790 2.885780 70.107750 54.015690 79.505970
403 2.248690 -0.937640 -0.397010 37.846620 64.080700 117.399190
404 -2.465290 -1.102550 -0.218250 34.271210 -20.735130 110.520520
405 -1.935290 0.049400 0.473880 9.714990 -25.606500 89.860230
406 2.649120 -0.842210 -0.177490 74.866930 61.900530 139.551650
407 0.255180 -1.119510 -2.989920 110.101190 24.568800 96.303530
408 -0.523750 0.795850 -2.001290 0.652660 18.821080 -3.112050
409 -1.335660 1.397810 -0.827660 -13.671210 -41.892750 36.726810
410 -2.417880 -0.312070 -2.223440 -11.226700 52.141810 145.559010
411 0.539710 -0.249370 -0.251050 0.032420 43.672060 49.075540
412 -2.566210 -0.370630 0.991180 33.433980 -7.180080 128.756060
413 2.569630 -1.257440 3.104260 3.865130 10.306460 127.932320
414 -2.689820 0.130020 -2.032490 19.347500 45.145320 126.743800
415 0.811930 -0.298150 0.434880 -5.574970 29.998590 45.041100
416 -0.402350 0.100620 -1.476230 19.083560 62.269030 25.934050
417 -0.826980 0.505600 1.437000 90.537720 23.628520 41.082300
418 -0.013790 -0.646180 1.828350 70.533870 -42.832100 45.281850
419 2.840750 0.278420 0.845360 -38.850110 18.023710 127.317120
420 0.652540 0.696150 -2.804360 22.677470 -1.032830 -0.751720
421 -2.577650 0.076830 0.512750 -4.544640 -6.106080 142.651920
422 -1.142170 -1.343560 -0.678470 -10.166420 6.430800 110.614850
423 -1.574070 -0.621970 -1.200390 -12.547330 19.586720 91.229110
424 -0.578810 0.073050 -2.831620 40.702600 69.929760 50.294550
425 -1.791490 1.001900 2.439640 74.420360 47.511640 79.948920
426 3.026470 -1.056190 1.380890 31.288220 67.069530 156.565400
427 -0.682990 0.893290 -1.005640 -17.954910 -1.733890 23.538660
428 -2.834940 0.337060 2.098860 78.363450 -3.136150 144.019040
429 -3.126020 1.049230 -1.171930 -2.044680 103.960330 64.580630
430 -2.648450 0.500800 0.036250 -21.974940 13.092430 94.558140
431 1.785800 0.914720 -1.560040 82.596880 46.144130 83.245120
432 2.470630 -1.047590 1.327990 13.050990 79.302190 128.956390
433 -2.319170 -0.868680 1.947730 53.740600 46.643630 147.077790
434 1.130890 0.114990 -2.824840 55.377220 -24.157400 31.838810
435 -2.481170 0.185190 2.737870 55.505950 36.834710 119.967150
436 -1.462100 0.494950 0.643270 70.643340 -40.595790 58.854280
437 -1.763750 0.038660 1.662290 114.166930 -5.493820 98.804920
438 2.154570 -0.234220 -0.661460 44.905780 103.753770 105.155940
439 -1.640680 -0.377490 2.998930 66.316830 72.938490 71.118870
440 1.530530 -1.550740 -2.598500 86.139070 -15.123020 112.193670
441 -2.454030 -1.294970 -2.706460 -17.257710 41.852870 140.825060
442 -2.402650 0.866380 0.108270 -20.424620 -25.955540 107.874470
443 -2.336170 -0.845560 -1.939800 -13.546480 3.252240 135.673070
444 2.026240 0.672420 -1.511800 60.500470 77.338990 73.205870
445 2.803080 1.078780 -1.503660 56.876400 99.442350 58.639180
446 2.496150 -0.327080 2.030750 18.198100 15.171650 134.571640
447 2.250420 0.727080 0.280420 -32.319270 79.914230 71.256100
448 -1.164760 1.304090 -2.620360 -0.158020 71.462170 63.281330
449 1.443330 0.476050 -0.354550 10.631080 104.222020 49.654630
450 0.635000 -0.901830 -1.392030 35.595870 82.342810 84.461550
451 -2.599680 1.091080 0.047190 -18.577510 16.864990 81.765110
452 2.971750 -0.494410 -2.564120 14.833680 6.724560 133.611390
453 -1.176650 -0.178710 -2.985460 71.759110 97.730830 66.419690
454 -0.038430 -1.073820 -2.743320 69.512990 58.846690 87.864500
455 0.331600 -0.197370 0.782450 8.892780 13.373790 34.587750
456 -2.928430 0.046310 1.171570 25.655250 -32.949290 140.973220
457 1.039110 -0.093430 1.417640 -25.047730 16.542800 28.399260
458 -0.776370 0.828640 -2.270220 -25.080170 46.137570 8.104010
459 2.364320 -0.795620 -1.013800 54.108940 54.044080 119.151410
460 3.065920 -0.180520 0.626020 31.041030 2.400390 140.970600
461 -2.189130 0.260770 2.266730 86.696110 19.411270 128.276790
462 0.757220 -1.173910 -3.039740 76.367260 12.355490 99.038640
463 2.194000 0.076960 -2.508900 79.979610 17.982160 89.924490
464 -1.516240 -1.009930 -1.414480 -33.066570 51.340310 84.474780
465 1.028250 1.113040 0.678940 25.037640 82.588610 17.558160
466 2.077370 -0.344830 1.324160 -45.377980 33.606780 129.004210
467 -1.311920 0.906390 -2.825100 36.295360 65.734740 44.442300
468 -0.461480 1.049080 -2.085940 6.252150 29.290750 24.100560
469 -1.234170 0.907070 -1.741730 -19.535920 46.053510 65.632900
470 -0.060420 -0.229150 -2.885710 71.777920 67.705220 24.641290
471 -1.314030 1.320850 -1.080740 -12.628020 -7.635950 67.079610
472 -1.624230 -0.555990 -2.243710 -8.009900 56.116870 99.173290
473 2.831000 -0.158750 0.971940 23.205410 21.952590 144.095570
474 -1.318850 0.166610 -3.129840 53.335020 110.834960 53.396070
475 0.495520 -0.663980 -1.188790 28.479850 65.107060 44.191200
476 0.713340 -0.649870 -0.157840 2.873610 88.249190 58.335540
477 -1.415470 1.071740 2.110410 100.763390 69.423420 43.438150
478 -0.562720 -0.208920 -0.903810 -14.583920 30.778880 55.416790
479 1.782460 0.194470 3.131820 81.392520 -37.170460 87.291670
480 -3.076490 0.253840 -1.129750 6.608670 38.426910 132.012050
481 0.610090 0.277480 -1.405150 42.266700 36.059540 34.068160
482 1.167860 -0.601880 -0.331520 26.943390 94.390620 87.456540
483 3.107570 0.978440 0.344710 -20.537840 4.738900 67.623410
484 1.014720 -0.444810 0.012350 -28.262030 77.602410 41.636290
485 2.254590 -0.143360 -2.512980 92.765610 16.694490 125.719620
486 -0.059810 -0.032890 -2.421910 64.707110 68.682910 14.135030
487 -2.510180 0.928170 -1.922040 24.807010 87.668590 105.498740
488 1.938170 -0.465500 2.982490 27.228900 -53.538870 98.347000
489 -1.550300 -0.116710 0.545130 28.592100 -44.643520 105.118680
490 -0.089940 -0.586090 3.037360 85.072310 3.073150 41.717930
491 -1.075620 0.572960 -0.717160 9.426560 -10.469590 40.604850
492 0.075320 -0.370130 -1.938890 60.543870 73.427890 51.218690
493 2.801810 -0.891720 2.762880 -22.652830 3.296240 132.163300
494 -1.887270 0.300700 -0.173360 -13.974700 -22.540750 112.625410
495 2.584290 -0.103570 -0.808220 48.294310 72.917310 150.232150
496 0.147730 0.369430 -0.079670 5.933860 28.981240 25.130460
497 2.312740 -0.910110 0.867420 1.064580 59.190790 100.584590
498 2.693490 0.177550 3.111400 67.903170 -0.823100 148.925810
499 -0.364930 1.179260 1.689930 54.338690 68.015310 51.324890
500 -2.656550 0.998440 -2.928060 76.210600 43.972530 75.625080
501 0.825620 0.326200 1.341540 -33.255480 31.264740 11.736060
502 -2.229900 0.335240 -2.161410 28.122930 104.591000 101.878310
503 0.877520 -1.060620 0.109560 -41.494220 61.260490 99.294020
504 -0.922680 -1.151850 -0.122070 -32.333540 1.105080 80.354550
505 1.864830 0.783070 0.105820 -5.481790 91.541250 46.305440
506 0.468420 -0.942480 2.742910 80.852580 -25.952650 45.670430
507 -2.104650 0.111100 0.393370 26.118140 -28.364430 128.273620
508 -1.948510 -0.940530 -1.333730 -46.114110 4.684800 120.321760
509 -2.032270 -0.960630 -1.492640 -29.171810 -8.058840 112.494610
510 3.108440 0.001970 0.837250 8.801420 21.577560 118.993200
511 1.822470 1.197780 3.129990 42.350330 -12.080340 48.221570
512 -2.647090 0.769580 2.572310 92.420130 20.757420 119.823650
513 1.974040 -0.289210 -0.574460 36.813030 79.388380 130.249890
514 -0.607690 0.170750 0.821780 21.270360 -15.672620 38.048940
515 2.889470 -1.087530 -1.595950 42.893860 -33.993060 146.042130
516 -2.803280 -0.822340 0.681650 81.722400 21.338960 136.047730
517 0.861040 0.594490 -0.231330 48.197400 90.910140 17.993810
518 2.399690 0.031630 2.192820 5.310530 -44.512860 107.561550
519 -2.089660 0.798630 2.296930 113.133400 45.025760 85.727070
520 -1.289850 -0.398330 2.868860 54.639270 67.389540 83.929410
521 2.703230 1.198430 1.939010 12.627540 -47.698720 88.839510
522 2.077790 0.203880 -1.877370 80.090680 33.578900 80.078830
523 0.136640 -0.721050 -0.494350 -6.396170 38.219040 47.672640
524 -2.611950 -0.582740 -0.605730 39.609580 0.941420 141.193040
525 1.951470 1.225470 0.383780 -39.812030 59.372160 68.044080
526 -3.090470 -1.320210 1.588730 51.750190 69.200710 125.783550
527 2.385430 -0.692670 -0.204430 27.388280 66.243500 112.147580
528 0.591180 1.430540 -2.930870 -0.237830 6.334730 34.808480
529 1.184460 0.379390 -1.234310 54.926200 50.623470 48.965580
530 1.033660 0.218060 -1.332510 72.267760 33.486520 43.936570
531 1.415440 0.356790 -1.470430 109.105550 48.189840 53.434510
532 1.386520 -0.490520 -0.621090 49.371160 114.456640 75.207950
533 0.301700 -1.154860 -3.024990 93.940500 -7.910920 90.115900
534 1.244860 0.217750 1.514830 -35.994430 -17.592340 44.944880
535 2.388850 0.554020 2.790330 39.375750 -14.640320 95.187390
536 -2.677660 0.641360 0.620380 -15.159620 -35.237090 88.771640
537 2.037540 -0.625640 1.106800 -43.722930 31.839260 110.924990
538 2.615960 -0.212400 -1.581920 82.453990 25.792570 132.939880
539 -2.126990 -0.050400 -1.761560 -12.187530 53.493550 87.762150
540 0.928630 -1.070320 1.897090 18.730670 -22.165940 90.232700
541 0.289170 -0.605680 -0.381890 -25.375890 79.682870 29.991090
542 2.095800 -0.580080 1.814430 -42.158230 16.425590 114.357600
543 -0.574670 0.639180 -1.547460 -6.760700 38.198740 5.789460
544 -1.339000 -0.144310 -1.052390 -57.638340 21.379810 59.143390
545 -0.390150 -0.275140 1.420660 23.656760 -15.899200 27.602580
546 0.103010 0.260120 -2.992130 39.140010 -0.658230 20.396290
547 2.214980 0.061920 2.235120 -4.988520 -44.911930 125.731090
548 -2.084400 0.169560 1.260160 67.487690 -46.877560 100.873700
549 -1.818110 0.402240 -0.143530 -30.058450 -23.633570 100.199970
550 -2.147000 0.836190 2.363110 118.152810 39.993920 82.014540
551 -0.060530 -0.228300 -1.752190 43.390370 61.092330 3.623460
552 0.242200 0.024400 -0.882440 -2.109130 54.454890 12.812030
553 -2.337860 0.070900 -2.134290 -11.068290 85.785860 112.942140
554 -2.327330 0.556920 2.207230 109.938770 19.416580 112.138440
555 -1.912800 0.314140 2.275130 89.168760 14.662550 78.128500
556 -2.709030 0.019270 -0.799270 -11.679350 44.428540 113.408900
557 -0.571620 0.688930 -0.482120 26.609230 -11.295280 -3.873780
558 -0.030920 -0.700400 3.112750 88.187960 48.761640 36.014820
559 -0.062080 0.350820 -1.815380 21.310030 31.308300 -15.715370
560 -0.871240 0.213620 -2.226640 11.592650 93.823620 23.500140
561 2.661550 -0.625000 -2.157270 59.622960 -3.591050 114.330380
562 -0.853400 -0.705700 -1.445070 -3.849950 78.654150 74.366910
563 -2.135150 0.974550 -0.201220 -36.231640 -20.788330 92.990780
564 1.945480 0.289440 -0.088790 -5.313230 98.305920 68.629780
565 -2.468240 -0.139970 -0.536810 -9.055670 -12.234780 149.008390
566 0.166490 0.686810 0.232570 58.133480 48.751920 -2.627010
567 0.875530 -0.861880 1.191540 -54.830500 -0.806620 70.998350
568 2.534370 -0.510970 -1.847270 59.052110 13.908130 156.887080
569 -2.031510 0.767600 2.675210 99.253620 51.221410 99.932950
570 1.209560 -1.194040 2.474110 37.549750 -60.046880 99.064700
571 1.121750 -1.457410 -1.724250 108.678570 43.380500 110.209080
572 -3.117480 0.767430 -1.955190 76.622220 81.808250 109.268490
573 1.019470 -0.032080 1.323070 -50.291940 17.588650 41.208350
574 -0.956970 0.175830 2.280900 60.012280 51.784010 34.432950
575 1.460170 -1.291930 1.331480 -44.836220 0.901910 108.405280
576 0.925040 0.321900 -0.364600 32.646440 62.527550 8.769650
577 -0.231860 1.344810 -0.860470 34.922160 -41.081030 29.376010
578 1.010340 0.340630 1.775640 5.284170 -4.053990 33.406000
579 -0.566680 -0.006990 1.264370 48.797520 -36.984760 34.461070
580 0.385450 0.196090 -0.503340 34.267900 64.115080 -3.514460
581 -2.834250 -0.356330 -3.107360 14.724630 38.961690 154.932970
582 -3.090420 0.830990 1.651430 52.468300 -21.863770 104.165120
583 -2.857490 -0.390310 2.905810 22.750140 24.215510 132.046140
584 -1.188230 -0.114510 0.431190 44.981550 -56.838930 59.351550
585 2.313210 -0.145260 -2.010710 76.951240 47.184330 108.559090
586 -2.526630 1.036270 0.353370 -26.150690 -48.650390 85.749610
587 0.818080 0.182030 2.891090 40.706100 -20.880500 54.686290
588 -3.045180 -0.565320 -0.983640 33.055970 37.938990 131.692000
589 -1.009530 -0.265380 0.011950 0.417840 -49.669650 71.663580
590 1.438040 -0.820600 0.435950 -35.023140 58.652840 74.250060
591 0.554540 -0.205440 -2.748800 100.460370 7.068290 27.587960
592 2.550200 -0.862250 1.204050 1.744710 31.645890 141.295150
593 -3.060140 0.062960 1.096020 24.688560 -4.951810 157.111890
594 -1.641840 -0.341470 -2.509340 34.732770 73.766090 94.966790
595 -1.608570 0.339390 0.547860 47.642240 -32.806630 52.375220
596 1.865220 -1.360240 2.838740 11.854270 -21.445830 87.777350
597 1.996630 0.314060 1.865770 -7.709320 -48.961770 87.432080
598 -2.340830 -0.934350 -1.382380 -31.245820 12.704880 123.229290
599 1.194860 -0.962040 -1.391860 92.557320 67.812640 67.582810
600 2.265080 -0.409040 1.990500 1.952030 -10.902290 101.297170
601 -2.520860 0.893140 -0.846770 -37.890030 23.582040 76.829730
602 2.175170 -0.543540 3.084480 12.653800 -13.787460 114.808100
603 1.286110 0.168110 2.615410 31.305640 -48.714110 30.859260
604 0.095760 -0.614790 -2.346980 54.544760 57.296710 35.345140
605 -1.361650 -0.318420 3.027660 90.259410 73.641240 73.421850
606 2.794040 0.502170 -1.333360 47.801740 83.610360 132.491520
607 2.403380 0.839870 2.981270 74.914730 -44.378150 101.219970
608 -0.424380 0.149490 2.618050 75.773820 59.104220 20.440040
609 -0.702630 0.023710 0.486420 21.218840 -5.559060 13.878480
610 -2.759100 0.097620 2.195090 83.720540 28.370690 125.367390
611 0.564540 0.868720 2.759080 1.607210 22.511340 3.751760
612 1.961960 0.485080 -2.663930 84.140940 11.374440 69.162680
613 -1.644100 0.463990 -0.712050 -43.058480 -20.610620 62.810230
614 -2.422090 0.626060 -1.732330 -15.704280 78.588800 80.608510
615 2.867380 -1.219580 -1.527800 52.555690 -27.974260 148.257430
616 1.676450 0.370720 -2.567750 79.705480 -31.006210 65.036590
617 3.057310 -0.008820 -0.269810 -3.506960 16.020250 144.868870
618 -0.578370 0.548310 -0.187830 25.375360 -6.474610 43.431190
619 -2.429230 -0.262050 1.981070 47.889540 36.214940 127.647270
620 -2.598420 -1.091340 0.184940 53.468220 23.738020 122.137250
621 -1.848670 -0.059070 1.253880 96.404340 -35.399010 104.491390
622 -1.016510 -0.993570 -3.140290 54.123360 66.625330 74.304730
623 1.167100 -0.314020 1.693650 -22.096160 -23.961800 37.809260
624 -1.865800 0.911050 -0.307440 -17.467380 5.952720 61.177930
625 2.329680 1.070850 1.920020 26.571090 -33.404830 75.374340
626 1.892600 -0.069050 -0.885450 42.251810 74.426640 82.976310
627 -1.448260 0.531420 -0.701730 -46.254640 5.770890 48.751840
628 -1.622180 -0.022720 -1.160090 -48.346290 19.725720 104.955000
629 -1.299810 -0.404570 -2.283260 21.395160 90.635710 55.679530
630 2.202270 1.108740 -0.195270 -1.542300 83.164540 90.047250
631 1.725860 -0.478920 0.693690 -6.933510 67.685270 105.825800
632 2.934720 -0.438930 -0.568650 47.250360 31.510890 121.626020
633 -2.492260 0.851330 1.712690 59.781460 -46.981020 97.312550
634 1.976070 -1.277750 0.828800 9.005740 78.165300 91.330770
635 -0.650440 0.542060 2.896720 19.943750 58.760020 9.386600
636 1.163700 -0.811470 -2.833450 68.985070 1.028430 68.765490
637 2.436380 0.099210 -2.106180 93.630020 55.724120 114.134690
638 1.310990 0.159870 -1.387250 85.252350 66.766680 78.373860
639 -0.039320 -1.046430 1.737790 29.414950 -47.817980 56.660190
640 -2.661390 1.165100 -0.518700 -43.915300 8.871090 78.213690
641 2.831540 1.448490 -1.946350 81.676300 98.547310 58.244930
642 -0.581640 1.118400 1.584530 58.018960 52.128890 51.562850
643 -0.124120 1.169420 2.799650 -11.951610 40.632550 50.501720
644 2.491440 -0.764060 2.409120 -20.759420 -2.197320 119.202020
645 -1.680880 0.776450 -2.637150 44.098400 105.242390 65.578960
646 1.725380 -1.464780 0.332290 6.385850 60.882100 114.630570
647 2.417660 -0.464630 -0.107480 17.532000 92.865940 128.526280
648 1.466490 0.047170 2.953990 39.617120 -62.185770 75.925520
649 0.219640 0.215340 0.798840 27.863350 35.237720 22.746010
650 -1.035460 0.336370 -0.077840 19.002430 -26.273930 60.234020
651 -0.172150 -0.064440 -2.323250 28.369890 62.117490 0.649600
652 -0.477220 0.372030 1.204280 39.665450 25.727820 7.904760
653 -2.813190 -1.151430 2.047060 4.128800 71.403140 142.684970
654 0.578280 -0.572580 -2.469280 84.503620 8.775300 55.661900
655 2.989370 -0.818990 2.682850 -6.614480 4.128660 153.858520
656 -2.496610 -0.116680 -1.301580 -33.600160 33.683140 126.263110
657 -0.589980 0.285960 -0.734470 -8.510930 -15.127580 31.923510
658 -1.264220 0.168310 -1.847120 -0.442670 73.392850 65.396430
659 0.828000 0.411920 2.109430 -18.918680 -10.848370 45.061460
660 -0.419700 0.240450 1.572980 59.738500 2.977680 40.205160
661 1.944860 -0.491140 -0.781820 61.068460 74.593030 132.011990
662 2.812990 0.348100 2.122930 51.051860 -22.294000 101.352030
663 -0.302390 -0.444880 -0.860480 -27.998390 43.203290 16.406470
664 -1.736040 -0.684710 -1.826480 -23.800660 42.676130 126.957830
665 -1.624920 0.946150 -1.810320 -27.079090 75.852050 37.414110
666 0.532210 -0.470050 3.126780 96.453320 8.390970 52.374340
667 2.982230 -0.435200 -0.445650 11.914540 46.872740 138.626160
668 2.045790 0.121410 0.169930 -2.246120 96.505000 89.610990
669 1.276800 -0.280510 -2.642500 79.432940 -17.028390 89.165210
670 -2.713970 -0.284580 -1.515840 24.535740 33.883520 124.005340
671 -1.024400 0.028770 -0.001340 -13.823640 -37.154960 31.201920
672 0.843020 0.770870 0.680900 -7.866740 66.014930 8.446220
673 0.700270 1.078280 -1.002940 79.643220 37.274730 9.346450
674 1.358770 -0.097120 2.587020 40.340360 -25.456570 74.382570
675 0.865710 0.459550 2.588420 -3.074630 1.008870 20.236740
676 -0.119750 1.114060 -0.651240 44.662540 -15.977960 43.755260
677 -1.640760 -0.290470 1.830270 91.959240 18.059520 115.556270
678 -2.678200 0.022830 -0.708370 12.436580 17.691930 137.954740
679 -0.887290 -0.782460 2.643220 86.211710 21.261330 79.176680
680 -0.250120 0.647830 1.719730 46.775340 49.066050 37.202710
681 -1.127300 -0.992750 -2.766830 28.199090 105.392610 75.317280
682 0.184950 0.994290 0.205160 38.582060 35.448430 24.554260
683 -2.641870 -0.356650 2.632640 52.867550 24.423780 155.223790
684 2.463630 0.743820 1.107800 -18.876010 18.756850 87.385060
685 -2.942020 -0.095810 -1.308390 34.626470 58.068410 145.743870
686 1.472260 0.625950 2.487590 3.465780 -46.726300 30.795180
687 -1.343020 -0.023270 0.308660 2.253510 -44.310060 50.579220
688 1.170260 -1.018790 -0.304550 -0.627910 82.687030 108.931690
689 2.695650 0.030620 1.521180 -0.072670 -12.624310 152.755220
690 -2.331880 0.121980 -0.111300 -14.137760 8.906830 106.092970
691 0.148080 -0.121820 0.856170 13.971870 -18.882790 4.258560
692 -0.785480 1.185880 -0.285410 45.591670 -36.275830 10.428340
693 1.928710 0.609110 0.456440 -44.129950 49.595860 67.417040
694 -1.711000 0.715440 -1.417240 -41.262920 64.783980 52.750400
695 0.896620 -0.316190 -0.859010 17.226870 81.343410 59.483000
696 1.702260 -0.290060 -0.806800 47.663530 105.552510 75.040920
697 -0.322290 0.347060 2.259250 73.321820 31.280740 3.651790
698 2.986370 0.045170 -2.493560 44.073630 31.203470 120.896600
699 0.921470 -1.366150 1.733480 -21.724750 -42.917110 87.336280
700 -0.137310 0.045250 2.665240 49.003590 39.833740 0.920400
701 1.029160 1.312930 -1.731470 92.381970 10.817860 44.367260
702 -1.241880 1.111830 0.012100 51.757610 -19.607300 51.813850
703 2.711450 -0.744830 -0.095660 47.467720 41.020760 112.779880
704 1.546500 -0.273730 0.075310 18.924790 80.740510 86.764680
705 0.877310 -1.368770 -0.841180 32.262930 107.827410 80.710940
706 1.172150 -0.187730 3.140170 68.190960 -28.628340 32.912950
707 -0.672560 -0.716540 2.304050 76.774390 24.784630 78.240410
708 0.477990 -0.953480 -1.086030 40.897850 109.451010 76.656620
709 2.921680 -0.190530 2.317200 27.652690 -6.750580 117.331150
710 -1.649210 0.831420 0.845730 37.532670 -25.451560 52.040730
711 -2.002890 -0.481730 -2.892070 21.297500 81.953240 139.670640
712 0.498430 -1.238970 -2.956890 100.131230 11.570610 109.865150
713 -2.347020 -0.380070 -2.762780 21.509130 90.885570 117.359080
714 2.378960 1.326440 -1.515780 61.236820 53.732660 69.666020
715 -0.480460 0.798870 -2.483070 -23.476060 42.044490 6.579380
716 1.788490 -0.893190 -0.915750 86.615290 89.417920 114.520920
717 1.421480 -0.326210 0.123580 14.851710 73.046620 75.122240
718 0.547290 0.150270 -1.680070 83.756570 44.646390 25.107680
719 -1.345940 -0.992170 1.585070 103.191770 23.341360 92.581680
720 1.651110 0.750760 1.967970 4.263530 -32.065410 65.874540
721 -0.861870 -0.663170 -3.094900 80.394670 56.593170 83.430300
722 0.171800 -0.796460 1.977570 58.453050 -35.228840 75.235150
723 -1.966190 0.380990 0.174560 11.461360 -37.491440 66.430980
724 1.467150 0.085410 -2.732920 88.844070 -14.208300 45.912710
725 -0.295060 -0.542470 2.241800 102.172680 5.325020 43.550630
726 2.498780 -0.913050 1.120100 8.212680 36.148670 127.001820
727 2.919750 -1.212340 0.092460 88.040950 62.073960 115.766780
728 2.298590 -0.939190 -0.083840 31.019080 92.073870 128.586880
729 -1.355860 0.468770 1.664270 84.280730 24.834290 34.658350
730 -0.568880 -0.090800 1.882210 87.711880 -2.648310 9.995910
731 2.432270 0.627010 -1.122990 60.895790 103.253720 84.008520
732 1.661400 -0.929830 -3.028470 51.841520 -31.703950 127.076270
733 -2.457950 -0.019210 1.311430 40.021240 -15.103750 143.204420
734 -1.117500 0.429530 3.124350 42.705760 101.317340 27.865840
735 2.667060 0.145690 -2.844390 80.719210 20.121700 106.219270
736 2.623440 0.449280 -1.139710 16.831040 80.054700 124.770260
737 2.856420 0.778800 -0.690150 14.470370 61.588920 102.761390
738 -2.627850 0.332860 -2.919240 70.732720 58.367970 95.482380
739 0.658320 -0.234040 0.744670 -46.018220 16.080330 39.902130
740 -0.740220 0.357950 -1.353800 -12.428170 36.831650 50.356520
741 -0.526540 0.670670 2.206290 72.638470 49.316480 26.300970
742 -1.590910 0.760460 2.546250 65.891750 81.885350 54.441600
743 -1.519980 -0.574930 -2.412090 -6.084180 110.091450 91.286020
744 -2.231940 0.117900 0.467080 24.571910 -5.091290 112.720110
745 1.969970 1.174910 -1.352850 96.744200 68.555600 69.948360
746 -1.388310 1.484990 -0.189790 25.065850 -13.411950 34.631830
747 1.014050 -1.419810 2.767240 25.142490 -47.603080 104.086440
748 2.925060 0.973350 2.733220 104.495900 -27.685660 85.589100
749 3.110530 0.600560 -3.056650 82.232990 23.652360 134.309270
750 1.641710 -0.255660 -2.414810 111.506610 7.184620 96.289030
751 0.301630 -1.199710 2.042930 48.326160 -14.103600 76.447050
752 -0.048430 -0.110810 2.160430 34.500430 -16.481150 20.313010
753 2.489000 0.841130 0.890130 -50.517010 27.181280 79.729110
754 -2.315330 0.665730 -2.535780 46.285930 79.692720 114.842090
755 -1.194130 0.019240 2.551610 97.536700 77.432250 45.045410
756 -1.699720 0.262030 0.423530 5.897030 -51.673350 76.184870
757 2.675820 1.385790 1.546730 -24.488730 -26.150240 53.938310
758 3.049470 1.114850 -2.929900 81.458110 50.192670 66.875830
759 -0.335390 -1.146820 -1.865420 2.867780 100.774170 76.048340
760 -0.270690 0.349390 1.747280 68.443660 38.255780 7.646080
761 2.818620 0.073260 -0.965740 27.675570 55.182330 154.359330
762 -2.132290 0.088130 2.847810 73.055630 82.227560 90.865560
763 0.002150 0.472300 2.656300 34.891360 27.167980 -16.255850
764 2.377670 -0.389410 2.172450 -19.194380 -5.512000 145.589170
765 -2.896220 -0.169590 -1.643030 -2.312660 34.605240 137.988980
766 0.813900 0.066700 1.729480 -31.581780 -7.402790 26.497440
767 -0.800780 -0.671130 -0.340820 -36.457310 15.271020 44.769110
768 -0.265410 0.558370 2.879830 47.439580 59.358560 4.372630
769 2.451360 -0.980520 -2.187950 51.819220 -22.477450 103.586200
770 0.403830 0.289020 1.540330 23.344320 17.067920 30.937560
771 0.351560 0.004980 -0.800630 45.905790 55.903200 15.658820
772 -2.756210 -0.237720 0.542380 4.138270 4.021160 135.866270
773 2.033000 0.242900 2.843190 64.862400 -55.520200 101.569410
774 2.843340 0.131540 2.619180 43.202600 -33.814120 134.335890
775 1.052430 0.191240 1.529460 -28.722950 25.972400 28.670340
776 0.719760 0.675180 -3.079440 22.276380 -32.954780 5.716810
777 1.097730 0.669700 0.872160 -29.015420 77.546980 35.272460
778 -2.594530 -0.385030 -2.408120 1.354200 73.530400 130.463500
779 2.049900 1.235890 3.011600 49.384970 -49.670700 39.819070
780 1.433080 -0.377940 -1.110500 48.750210 72.659890 77.638020
781 1.363680 0.379420 -0.686310 27.011240 80.287730 54.817140
782 0.066980 -0.058310 2.920450 45.094710 33.435700 33.387730
783 2.636540 1.015730 2.191510 62.382060 -45.742080 76.422970
784 -0.086810 -0.182450 1.632990 38.381940 -38.556280 20.656400
785 2.423810 -0.765190 2.164770 9.607590 -6.131320 136.712190
786 0.996870 0.100340 -2.185080 102.747370 35.538960 34.172180
787 1.756450 -0.207810 -2.960100 72.918350 -4.283390 87.441860
788 1.314520 -0.556240 -1.603540 91.521420 78.339810 61.481830
789 2.639130 -0.729400 2.271300 19.891730 13.148500 128.114300
790 2.277300 0.179350 0.804700 -48.398240 41.479450 95.829990
791 -1.790710 -1.002750 -0.182390 29.155430 -55.184080 99.674820
792 0.113810 -0.312820 2.376840 36.534250 -18.661210 31.643370
793 0.767820 -0.196510 0.142200 -10.348820 52.583370 63.263780
794 -2.543460 -0.865290 0.441460 59.717190 24.090640 116.633480
795 3.088040 0.159310 -3.054960 76.195020 16.373170 156.333300
796 -3.098120 1.267470 -0.048960 -62.604000 29.255780 75.915910
797 2.219580 -0.818330 -1.288070 87.064990 33.926440 144.937380
798 -0.265110 0.104760 1.386310 22.079770 10.316600 8.368950
799 0.762380 0.780000 0.616790 -9.745340 73.889340 19.930190
800 0.335800 -0.297350 0.555890 -28.010840 12.351050 52.173640
801 -1.364460 -0.673390 1.908170 120.400180 15.235340 96.877880
802 -1.291610 0.595670 1.918500 112.451670 26.637570 34.200370
803 2.511440 0.474970 0.928840 -43.999530 0.399670 123.651440
804 0.336060 0.302760 -2.151350 39.170190 45.023190 3.013100
805 0.726200 0.045930 -2.509890 65.835040 5.010600 6.118270
806 -1.476030 -0.193910 -0.048950 8.225040 -39.143330 56.022690
807 0.969280 0.799480 -0.586160 54.565980 84.384420 16.798160
808 -0.315980 -0.601760 0.510800 7.281010 -2.091340 53.876330
809 -2.207550 -0.097020 -2.756790 29.983890 55.872580 109.735030
810 0.665860 -0.461320 1.907890 18.689260 -26.819070 68.705170
811 -0.939730 0.421160 -3.017650 42.616750 61.730180 55.523030
812 0.359730 -1.243350 -0.985630 8.758150 115.567990 80.644150
813 0.594840 -0.851040 1.667250 17.990520 -15.943640 54.600510
814 -1.823160 -1.244110 -1.601820 -34.970080 45.537570 102.654500
815 0.138260 -0.026860 -1.523240 30.568450 32.341840 27.967300
816 -1.468830 -0.153120 -2.325280 3.753310 65.248500 91.490240
817 0.710600 0.716860 1.183980 12.129250 58.832800 37.952880
818 -1.712130 0.804020 2.010210 90.597920 48.683580 53.082550
819 -0.741300 -0.221280 2.164640 105.167020 29.355380 51.995610
820 -1.889550 1.109070 1.663210 69.368620 3.020320 78.462340
821 0.486720 -0.956850 3.062600 70.035160 -10.865050 86.521480
822 1.745690 -0.412750 0.585580 -27.055670 39.898510 98.581940
823 1.682290 -0.248240 2.765500 24.424310 -23.705730 71.823560
824 0.788450 -1.287170 -2.765430 88.253390 -17.749260 84.886280
825 1.707880 0.217540 -1.866810 101.828630 30.495510 100.849290
826 -2.304140 0.717570 -2.663490 33.011770 96.862440 79.736860
827 -1.768850 -0.241850 0.483800 13.797620 -42.909280 109.694750
828 1.146020 -0.903280 1.767960 -21.328660 -40.434680 62.729020
829 2.604570 -0.740020 -2.088770 55.099790 23.246540 129.009550
830 -1.307030 0.018550 -0.215400 -11.000060 -4.302260 48.032270
831 2.525670 -0.535830 0.969860 7.229510 56.442190 112.875080
832 -0.149920 -0.027890 0.418050 1.939030 -21.450290 21.884310
833 0.272270 0.379370 2.825940 17.512160 12.716060 -8.950530
834 -0.134380 -1.262210 -1.686870 9.172250 103.196120 102.577500
835 -1.253650 0.650640 0.769290 55.457200 -47.267630 59.452890
836 -0.581360 -0.530210 -2.064170 14.629600 81.761890 72.191910
837 -0.319070 -0.900490 -1.137320 -42.065290 72.278080 71.183640
838 1.713600 0.399540 2.851770 26.319100 -54.430540 57.836040
839 -2.743220 -0.329980 0.394600 29.480030 1.167570 167.031520
840 -0.247440 -0.270500 -2.684610 38.669780 58.843480 41.091390
841 1.911670 0.166060 2.762660 14.781810 -48.465720 94.856480
842 -1.023370 1.530820 -1.339260 -38.221690 1.059750 47.941060
843 -0.807790 0.943150 0.166820 67.278340 3.797310 23.278020
844 -2.395610 0.778610 2.222210 98.594120 -4.757680 111.887390
845 0.322630 0.063500 -1.840270 74.124420 28.891740 21.413570
846 0.825020 0.706030 -1.859030 65.864460 -14.886400 22.073970
847 -1.724360 -0.509470 -2.490280 -8.661740 81.362170 86.467850
848 -2.125970 0.275650 -0.277050 -33.912460 1.411970 120.491430
849 -0.825920 -0.608930 -1.985210 -2.595290 62.927930 69.656460
850 2.737600 -0.341720 0.821960 13.196540 30.749280 115.075120
851 -1.449780 -0.352380 0.138320 9.581280 -54.336070 103.126780
852 1.510720 -0.090120 -2.211350 72.273450 25.568490 72.113640
853 -1.837460 -0.499700 -2.638960 16.741790 95.687970 85.462660
854 0.647260 1.075520 2.313160 -14.521220 0.678620 40.426990
855 -2.630300 -0.465060 -3.113360 15.264950 45.487460 124.021260
856 -0.913450 -0.640030 -0.784830 -37.459440 -3.561790 76.951200
857 -0.491880 -0.578020 -2.958080 61.910510 84.885730 41.708390
858 1.268220 0.528980 2.951080 50.442150 -14.580520 43.804180
859 1.420990 0.396490 -0.289110 43.176820 106.422230 51.573590
860 -0.731260 0.739070 -3.074740 27.114040 93.079800 25.160680
861 0.998580 -0.103400 -1.564710 73.479410 50.032280 69.415890
862 -2.706070 -0.575010 -2.757050 3.936030 63.438230 125.998090
863 0.029230 -0.513370 -2.919160 67.039790 30.318250 23.047520
864 -2.318440 -0.362750 1.179510 48.231720 11.795560 114.019750
865 -1.122010 1.047100 2.377530 70.227570 95.744020 34.563560
866 -2.768380 -0.382660 -0.975920 23.036810 31.906080 123.833780
867 1.790910 0.554030 -1.612810 112.778320 63.971260 72.755900
868 2.746660 1.215740 -0.490620 -0.821450 99.417950 60.055790
869 -3.027420 -0.782170 -0.281120 43.122090 -7.787960 135.521940
870 2.784850 -0.309330 -0.835290 39.865280 23.988830 149.432130
871 0.597180 0.249380 -0.668040 57.622500 74.646410 25.178470
872 2.969010 -1.261190 1.679760 -0.947220 91.005170 114.530820
873 -2.703590 -0.486560 -2.913990 36.526530 57.878250 158.676390
874 3.120560 0.324280 -1.212110 41.392010 65.876550 121.731570
875 2.827540 0.105290 2.229330 22.998430 -4.474260 110.779340
876 -1.894630 0.819120 -1.996600 -28.009340 75.377080 62.394740
877 -2.253120 -0.327030 1.024080 62.634270 -35.735930 135.508830
878 -0.154090 0.087740 -2.508980 18.241650 56.009770 11.946220
879 0.960860 0.531880 -0.645850 74.353320 65.300160 19.164890
880 2.816880 0.155290 -1.886890 69.038890 46.323960 151.264280
881 -0.449590 -0.928050 0.887340 24.072680 -14.700430 71.613010
882 2.373730 0.250480 1.504550 -25.128870 -34.784260 122.323970
883 2.392750 0.054510 -2.803130 69.677550 -27.974560 109.605550
884 0.585770 1.052670 1.817590 14.896550 48.345270 26.854350
885 1.707120 0.347350 -2.782030 61.560850 -24.503360 55.128450
886 0.631920 0.392380 0.627210 18.372520 68.204060 27.268930
887 0.715470 0.279330 0.752900 -8.543110 21.589770 38.676670
888 0.198200 0.296310 -0.829770 44.372190 60.470450 15.169440
889 2.808600 1.158580 0.236430 -17.333820 41.986400 81.147160
890 -2.006870 -0.400330 2.554880 88.437820 58.966270 93.994060
891 0.310890 0.728810 -1.506410 33.622180 -2.117660 -4.688870
892 -1.255700 -1.222720 0.536890 17.861950 -50.116300 92.040240
893 -2.980550 -0.956710 0.957120 68.332620 59.601960 150.073090
894 -0.382550 0.520740 -0.043230 27.170970 -10.778680 36.958180
895 -1.439670 -0.150810 -0.535180 -51.047070 -5.683210 68.750350
896 -0.894890 0.427430 -2.132260 16.938350 54.004800 28.262060
897 -0.215180 0.524240 0.133870 43.024570 -0.204460 34.734380
898 0.128880 0.502730 -2.022770 20.077690 11.090680 29.084640
899 0.487290 0.736150 -0.178100 62.179350 52.461590 36.802720
900 -1.421430 0.010770 -0.267790 -29.103590 -39.210090 88.410590
901 0.478350 0.017740 2.518400 35.811240 -38.166440 30.692170
902 1.983180 0.198040 1.827660 -36.455290 -10.906990 81.243640
903 -1.364740 0.615310 -2.659350 -0.110760 108.357650 51.755120
904 -2.346400 -0.637090 -1.750850 -4.439980 30.793220 151.293580
905 1.882710 0.488830 -1.920280 75.233890 36.902880 67.713090
906 -0.451660 -1.346930 -0.804690 -53.047270 61.292300 86.556030
907 -0.053630 -0.062050 3.080670 55.469070 5.501850 12.544250
908 -1.843070 -0.112260 0.856370 71.162830 -30.291190 80.288340
909 1.441010 -0.400070 0.794970 -39.050570 64.403530 64.090230
910 0.525590 1.175580 2.844170 -24.859040 1.375930 51.576980
911 -1.270090 -0.795110 -2.823250 58.605830 110.293610 93.699550
912 2.003190 -0.117640 -2.163640 112.304030 12.352740 90.105970
913 -0.042790 0.906840 -2.987440 -25.467700 26.575300 14.014950
914 2.362370 -1.214060 -2.807420 41.006090 -29.353430 116.659710
915 -2.050560 0.669900 -2.847010 29.053010 96.824640 80.054550
916 -1.113080 0.454880 1.790940 97.939350 0.216680 36.385810
917 2.368140 0.754850 -2.316070 114.720960 51.679840 82.990850
918 1.964250 0.523750 -2.079160 76.851920 16.373540 77.810980
919 -2.494690 0.270880 1.474470 67.485370 -28.989660 92.440080
920 0.901580 -0.676940 -1.976860 90.639500 75.518230 58.308280
921 -1.890680 -0.006890 1.282050 69.850090 -42.165870 103.523730
922 -1.185160 -0.241550 -2.537170 13.802000 109.118900 48.798610
923 -2.436920 -0.931800 -1.239710 -22.990450 -3.791610 122.624210
924 0.594390 0.541640 0.562220 17.375720 49.880820 -8.436760
925 -2.756390 -0.145040 2.583100 54.096430 13.638310 157.431030
926 0.721420 0.805720 1.646220 -32.802240 34.167210 36.961220
927 -1.246420 -1.375840 0.773210 59.638240 -10.648490 88.661170
928 2.872430 -0.318470 2.591310 19.703450 -8.877550 164.522550
929 -1.550500 -0.005500 -2.166000 -26.847960 99.861390 81.986930
930 3.037570 -1.071050 -2.185420 34.325540 3.950330 128.464540
931 2.982520 0.267770 1.697560 31.763490 -33.081670 148.929570
932 -1.297730 -1.165810 -0.695330 -43.691310 -21.389290 93.549770
933 -2.152460 0.482890 -2.176610 22.542530 110.916870 85.482590
934 1.484650 0.067570 0.276100 -4.186130 72.625120 90.708280
935 -3.047990 -0.376010 1.147810 27.042140 39.133250 128.583570
936 -2.121570 0.287230 1.660470 88.057410 4.816100 78.989210
937 -1.275590 0.924090 1.749980 68.585880 25.980900 32.493330
938 0.971270 -0.296830 -2.930150 60.327200 -25.634320 39.713410
939 0.879750 0.746810 2.210040 -28.971870 -11.288550 26.600060
940 2.776690 -0.929950 -0.799780 58.079890 -1.128440 145.007480
941 -0.549680 -1.096410 2.880950 71.256800 49.028660 74.605930
942 1.832330 0.213990 2.678340 22.731010 -47.478500 107.508130
943 1.359730 -0.675340 2.163090 -19.899700 -52.182100 85.209900
944 -0.567750 -0.570230 0.544620 26.467890 -34.969140 58.539730
945 -1.881990 -0.441380 -1.606850 -28.443510 55.858770 133.377350
946 0.413120 -0.657300 0.824720 -2.996810 -10.451820 49.335140
947 -1.339070 0.558100 -1.397250 -34.920640 31.536090 77.376550
948 -1.551980 1.418500 0.092920 11.681340 -36.884370 37.385040
949 2.514480 -0.505550 1.424740 -31.796720 24.194820 134.235720
950 -1.847840 -0.177150 -1.369730 -54.075700 28.642590 107.673130
951 1.743410 0.293900 1.121870 -16.983800 23.913140 64.703770
952 2.070240 -0.251280 -1.055680 60.860630 45.376860 118.325260
953 0.134380 0.638660 3.116610 18.449510 -4.655150 5.830760
954 1.106380 -0.516420 0.372090 -26.316790 62.519340 90.822390
955 -1.119670 0.439940 -1.039860 -12.726760 11.620360 61.560020
956 -0.127900 -0.275340 -0.744590 6.263860 67.683260 19.733560
957 1.845390 0.524900 -2.136580 95.756660 -2.429880 86.837960
958 -1.245450 0.544170 2.229880 78.854290 25.369880 54.419380
959 2.241600 0.313520 -1.355100 54.278360 64.098850 121.147190
960 2.980790 0.297880 1.958210 21.468560 -1.943060 115.704020
961 2.559040 0.648900 -2.347750 80.710360 24.166920 84.268770
962 0.896870 0.243140 1.970700 3.115020 -5.969390 10.085570
963 2.890540 -0.984470 0.148360 38.867330 33.842260 137.900910
964 -1.651270 0.700000 -0.022710 7.775950 -59.664780 74.048840
965 2.674120 -1.024660 -2.943100 -16.059170 -15.195180 143.259690
966 -2.561000 -1.106320 3.090340 4.720090 83.248670 117.892150
967 1.713420 -0.854310 -2.986910 51.458390 -58.118140 112.559360
968 1.406310 0.489170 -0.838460 82.462710 76.958270 58.800270
969 -2.161320 0.113150 0.218030 5.320560 -39.092590 84.386340
970 1.025290 0.315120 0.172840 2.590170 97.277740 31.224730
971 2.118270 -0.309590 -1.694430 71.658160 54.339490 103.643360
972 -0.484260 -0.446560 2.074970 72.859320 -12.196850 62.494830
973 1.991660 -0.252910 -1.052770 43.484520 76.356350 104.885570
974 -1.733410 -1.255780 2.338310 88.509840 84.850370 105.582470
975 -2.453780 -0.370400 -1.033270 -26.510610 13.969260 119.958630
976 2.553330 -0.763830 1.810320 -29.260870 37.623360 125.064450
977 3.022450 0.559090 -0.012190 -24.745920 12.667390 126.053280
978 -0.888610 0.814940 -0.779990 22.087430 -26.929980 36.938370
979 0.984070 -0.212030 -0.207270 2.898900 57.403360 55.085000
980 1.662330 0.514540 -1.871130 96.050610 23.743340 88.911190
981 -2.287620 -0.712300 1.257030 62.976140 38.432160 117.325570
982 2.731920 -0.653690 1.095990 -2.135520 42.882780 161.598720
983 2.474390 0.494700 1.690980 -1.199340 -3.923390 92.471530
984 -1.429140 -0.608940 1.204000 77.892940 -37.871280 110.105630
985 2.774050 -0.947940 0.202670 52.939720 49.870490 159.137790
986 -2.340660 0.380780 -2.451760 30.846550 61.370790 114.098870
987 -0.824150 -0.580780 -2.575940 23.066260 99.332870 51.339000
988 1.326280 0.736690 -0.498410 32.773800 77.145200 30.532630
989 0.382990 0.127110 1.140410 24.724580 22.769220 21.353340
990 -2.939550 -0.632150 2.491980 23.907550 58.487290 123.919540
991 -2.105150 1.318240 -0.946840 -53.607040 31.037810 76.435530
992 -1.608870 -1.078480 -1.767380 -11.783950 66.434540 95.786100
993 0.339200 0.668370 -1.640040 42.312240 30.809500 -0.577880
994 -1.612130 1.255470 2.741800 70.555010 50.613280 61.113490
995 -1.937080 -0.749400 1.482120 60.205910 27.349230 115.866210
996 -1.650690 -0.679140 -0.187870 10.840490 -44.843350 123.115970
997 0.366310 0.021990 -1.004910 36.001270 35.127620 32.565730
998 1.488320 -1.150610 -2.673290 66.829940 1.121930 89.997730
999 1.723980 -0.607670 0.710960 -5.990310 58.921690 82.451020
1000 2.690170 -0.365300 -3.036680 61.151450 0.770930 142.652160
1001 0.433570 -0.458900 0.546220 -32.534430 -2.498830 35.979840
1002 -0.451810 1.072180 -2.688540 -20.676940 13.026140 37.046000
1003 -3.091860 0.263850 0.424260 5.137290 26.698870 121.271170
1004 -2.701370 -0.357270 2.208840 42.028920 30.570440 116.769880
1005 1.676980 0.254250 2.545960 16.097770 -14.967760 68.241210
1006 0.955830 -0.357220 2.291730 26.278600 -9.799740 55.362560
1007 1.426540 -0.754160 2.185480 -23.163780 -36.165230 82.222650
1008 -0.272500 -0.198890 -0.719470 -32.774410 22.548810 33.238860
1009 -0.651130 -0.374380 2.200020 93.841400 36.916470 38.941870
1010 -0.864540 -0.806030 -0.515570 -45.523120 -10.277980 56.059790
1011 1.473560 0.108100 1.699080 -33.213810 -19.917560 88.328120
1012 -1.932720 0.257370 -2.698110 21.662940 84.075640 111.833660
1013 -2.708990 -0.069520 -1.617830 9.095930 35.351480 156.950070
1014 -0.126110 -0.485840 0.853550 -0.763060 -16.251320 61.311260
1015 0.536010 1.244920 2.062400 -35.202710 61.570520 21.330120
1016 -2.231460 -0.610300 0.943630 68.210620 -8.363620 100.714860
1017 -1.120890 0.326740 -1.965550 -15.060670 39.257760 53.375480
1018 -1.394270 0.545540 0.677330 69.422360 -53.955960 63.590290
1019 -3.063000 0.297860 -2.786870 72.146970 56.469880 151.219450
1020 -0.686740 -0.052410 -2.095850 18.569580 79.659930 54.132850
1021 2.856250 0.096990 1.151480 -28.661870 4.277730 137.406100
1022 -1.427950 0.745250 2.067220 105.997970 40.416910 69.829090
1023 1.230380 -0.882190 -0.747440 66.666410 89.655650 83.938670
1024 -2.512150 -1.008850 -2.681160 -3.848270 23.654240 148.052950
1025 -1.362380 -0.456880 -0.285590 4.577770 -22.644340 92.748980
1026 -0.441430 0.594720 1.592100 62.912250 48.339800 -0.122580
1027 1.178220 -1.097990 -0.227590 -0.375430 63.206020 92.146610
1028 -2.888650 0.549880 -1.393700 9.047850 83.767820 136.434480
1029 -1.415600 -0.459600 2.460190 100.485720 51.951760 105.949960
1030 2.753900 -0.784950 0.984670 10.969200 33.449110 126.477770
1031 1.403340 1.245600 -1.260490 71.736340 33.330760 32.286250
1032 0.641710 -1.147530 0.798060 -11.754060 9.009110 81.987230
1033 -2.330210 0.706200 -1.710180 -15.291750 104.189420 80.168290
1034 2.654160 -0.622200 0.522830 -1.469410 69.738270 144.856480
1035 -3.081940 -0.787760 -1.277870 52.446510 11.776250 151.943390
1036 -3.087450 -1.030310 -2.997300 -30.309200 28.250650 147.290880
1037 2.632250 0.145790 0.175150 -17.753390 38.246120 144.957210
1038 2.641000 -0.007090 2.622610 15.818700 -8.209510 124.800900
1039 -2.044960 -0.982450 3.098900 11.231240 67.024540 136.484890
1040 2.875190 0.271930 -1.768750 50.512870 55.720360 148.803530
1041 0.058590 -0.646000 0.387300 -23.690960 -21.099640 33.360330
1042 1.269060 0.069500 1.041820 -40.349210 29.733270 30.315940
1043 0.791290 1.306020 -1.924210 38.749580 -12.870280 57.436970
1044 -2.244950 0.742290 -0.335990 -10.392080 12.020550 89.616540
1045 1.484790 -0.122780 -0.802030 45.466300 67.815200 59.469070
1046 0.992540 -0.086890 0.423690 -30.481230 80.481190 37.060690
1047 2.119960 -0.263430 2.052590 -27.619530 -26.652030 104.630430
1048 -0.888160 -1.021330 -1.814960 -26.855880 84.304000 101.504730
1049 0.015330 0.127970 1.155340 3.058060 0.590440 1.259250
1050 0.202920 0.324790 -0.211130 17.501040 17.327710 -7.573150
1051 -0.179870 -0.546700 -1.527870 17.758380 69.172640 64.210410
1052 -0.317020 0.277350 0.467370 16.615390 -12.568020 -3.164920
1053 1.478250 1.216000 -1.765860 65.704660 26.527250 44.725070
1054 -2.322650 0.770240 1.810440 93.088270 10.007500 82.626110
1055 -2.043990 -0.234850 2.808490 77.483950 58.051170 135.461470
1056 -1.445270 1.421980 -0.061070 29.339190 -43.660450 70.823290
1057 1.517560 0.364250 0.643930 -50.473330 56.059330 59.040220
1058 -1.686710 -0.440120 2.131880 98.050170 40.458320 74.928760
1059 1.597970 -0.518560 -1.463500 108.980010 59.187740 95.208150
1060 -1.227810 -1.174440 -1.345920 -15.969980 18.326190 103.775440
1061 2.947400 -0.945890 2.428910 20.707810 35.408070 143.156360
1062 -2.807400 0.096450 -0.519820 -19.213620 4.928150 124.811460
1063 -1.501460 -0.069640 -1.029560 -49.532590 6.875770 63.654890
1064 3.027180 -0.293630 -0.355240 36.533150 44.043250 124.789870
1065 -0.008850 1.339420 -3.036140 -43.598820 13.975410 34.496980
1066 -1.818050 0.720890 2.412050 70.416460 41.537080 83.311650
1067 0.553760 0.631640 -0.384740 68.169640 33.624610 23.931950
1068 -1.029250 -0.766930 0.423580 -1.060890 -45.771560 94.617010
1069 0.507890 -0.721470 2.027250 37.020520 -50.638770 31.096000
1070 -1.789030 -0.521500 0.487890 16.534250 -30.348710 98.408160
1071 -2.827500 0.834050 -0.539750 -35.724810 60.880970 118.463990
1072 -1.301930 -0.572790 1.179790 87.531250 -10.278020 95.305400
1073 -2.694890 -0.114420 -3.128480 42.561770 32.703010 120.070920
1074 0.338040 -0.020280 -2.047610 39.017470 42.207860 9.391340
1075 -0.117320 -0.999630 -1.754200 33.552870 65.612860 76.631320
1076 1.310750 -0.108880 -1.803440 95.888340 48.357850 37.704840
1077 -0.123990 0.061980 -0.127970 19.443710 21.699590 -4.149890
1078 -0.846620 0.163660 1.353800 63.201130 7.560260 57.906360
1079 2.225110 0.530260 -0.867770 29.190980 109.798040 80.125480
1080 1.485580 -0.662570 0.869120 -48.321340 27.828080 80.272830
1081 -0.710810 -0.097780 0.684290 48.474450 -15.704440 45.375100
1082 1.079220 -0.741900 -2.267470 71.303340 30.989180 72.299370
1083 0.197570 0.671880 0.069180 65.986980 38.506840 16.199070
1084 -0.754280 1.041080 2.372530 52.326540 48.660350 25.316960
1085 0.174390 -0.311070 -1.672430 48.529270 76.191080 7.240600
1086 -0.695430 0.953850 -2.885280 5.641890 52.578420 51.073450
1087 -2.524720 -0.335340 0.894730 35.377940 -15.974860 121.257280
1088 -1.115100 0.712630 2.109430 105.091290 50.359890 39.801040
1089 0.273640 -0.164610 -3.096450 78.154480 35.683340 14.596930
1090 -0.726880 1.362820 2.364350 28.572980 73.091720 14.361980
1091 -2.764770 0.856090 2.441700 98.159550 -26.561160 99.466900
1092 2.058420 -0.708730 0.215690 -5.255070 91.045850 101.588070
1093 -2.156370 -0.056040 -0.366470 -3.876130 -32.224370 131.269440
1094 1.065700 -1.257730 2.460320 32.861790 -39.015550 117.604700
1095 -2.293820 1.125240 0.440290 5.009550 -9.301520 80.379080
1096 2.237000 0.983820 2.972570 59.564600 -17.984590 54.006520
1097 -0.097980 -0.807630 -1.714530 53.466840 75.719550 63.169350
1098 -0.340680 0.632510 -1.356600 6.372610 0.714110 37.223400
1099 0.853750 -0.045470 1.565930 -29.934440 -14.009560 18.286450
1100 1.056430 1.346680 -1.452900 75.876840 -18.540020 48.521710
1101 2.171590 0.058100 -2.427670 94.213460 -17.008730 100.600650
1102 2.463430 -0.728890 -2.499310 27.122900 -5.235880 150.698730
1103 -0.444480 0.212680 0.225540 28.012290 1.306210 40.886620
1104 -2.352340 1.202620 0.672790 4.864680 -23.707450 49.845540
1105 -3.076780 0.536340 2.711500 86.964750 31.668830 120.657140
1106 3.003870 -1.189000 1.975540 -1.486540 62.646370 152.048740
1107 -0.677840 -0.933600 1.673460 70.756480 -7.938510 54.057680
1108 -2.299670 -0.087620 -1.151020 -6.721710 49.073730 113.911100
1109 -0.707440 -0.096700 -0.299620 -4.355140 -28.401150 29.600280
1110 2.502730 0.880120 -1.506840 67.296490 106.538440 72.484150
1111 1.491810 0.835920 -1.814770 72.140300 32.645160 41.317150
1112 2.081610 -0.254670 -1.058300 77.195790 90.346310 97.129640
1113 2.061680 0.042600 -0.028740 23.030220 65.970010 108.539670
1114 -0.194590 1.043660 2.136150 -0.426290 50.892540 24.447890
1115 1.631030 -0.596560 3.116600 58.061460 -64.482870 100.089120
1116 -1.843670 -0.748390 1.089620 57.543980 -11.881100 95.524720
1117 -0.428380 -0.053430 -1.071720 -1.664780 46.589550 0.912620
1118 2.034300 -0.564910 -0.244080 50.278730 99.247390 108.480040
1119 -3.099020 -0.122850 0.106670 -1.567070 20.566240 166.932880
1120 1.804090 -0.650400 0.639650 -28.394840 78.877780 87.157650
1121 2.716010 0.904860 0.095110 -55.066760 43.641690 77.572260
1122 0.024160 -1.052000 1.659400 31.168080 -20.747690 56.602870
1123 2.887890 -0.188560 -2.870060 54.251760 -13.086370 148.665880
1124 -1.795490 -0.259570 3.015190 44.855610 69.785040 84.636050
1125 1.022560 -0.410770 2.883390 32.649210 -39.578680 71.605200
1126 2.166390 -0.207030 2.461890 27.535730 -18.271210 98.013210
1127 -0.160130 -1.021520 1.000060 -14.212890 -22.399760 59.049290
1128 3.079750 -0.308590 -2.074180 59.955040 26.721570 155.861540
1129 2.488780 -1.200660 -1.725570 87.639560 -3.820990 119.655500
1130 -2.550720 -0.451450 -0.168100 4.799020 9.281100 122.174220
1131 0.093200 0.080320 2.079020 32.135280 -3.964950 39.326480
1132 -1.229020 -0.718060 -2.420540 29.164700 100.612520 62.014200
1133 -2.575510 -0.295720 0.553650 56.350200 2.590600 140.322240
1134 -0.457280 0.249250 -1.027590 -11.216920 2.520480 10.708420
1135 0.072200 -1.312460 0.943060 7.333130 -49.477120 82.907960
1136 -2.415020 0.497220 2.449840 115.221360 15.413100 111.561090
1137 1.543100 0.124570 2.934210 31.263140 -15.552870 66.610540
1138 1.649520 0.295170 -2.841620 87.753820 -36.313580 49.512600
1139 -0.128110 0.343990 0.464270 12.949820 9.684960 -8.391460
1140 -1.414090 -0.005060 1.781600 111.295670 27.605340 69.682090
1141 1.345900 0.314680 2.238660 20.274180 -30.635110 62.196850
1142 2.652560 0.095050 1.091540 -20.503090 22.622430 150.840130
1143 -0.931300 -0.611790 3.042170 102.742380 66.749210 69.954880
1144 2.283460 -0.427720 -2.905300 72.003560 -31.971090 127.836290
1145 -2.237980 -1.437240 0.459310 72.712970 15.143070 92.912570
1146 -0.056160 0.856870 -1.706540 12.944760 13.878040 39.654340
1147 0.419280 -0.891140 0.380350 -44.791130 12.190530 41.841870
1148 1.710020 -0.814160 -0.872860 56.666600 62.066890 83.500500
1149 0.873930 0.066900 2.097940 2.426670 1.067230 18.711840
1150 2.286210 0.956570 0.878190 -14.988710 33.089810 73.568740
1151 2.916850 0.449760 2.731750 52.340060 -18.223870 130.335300
1152 -1.601250 -0.428160 0.853240 68.818630 -21.654290 117.459510
1153 -0.088680 -0.514190 0.070200 -45.780030 4.085490 23.899630
1154 2.948400 0.314070 -2.178580 91.015750 41.691460 137.384520
1155 2.582320 0.698480 -0.600370 -12.796230 105.485440 92.148380
1156 0.391530 -0.675920 2.022680 58.657910 -50.902070 58.223450
1157 -1.988330 -0.563090 2.103460 58.572090 48.681340 105.017950
1158 -2.989320 -0.920150 -2.141620 11.486560 2.880160 112.026060
1159 -1.322980 -0.383760 1.528630 64.357410 -10.895550 87.578110
1160 -3.029920 -0.696100 -0.031740 52.928820 -4.860540 137.484530
1161 3.018530 -0.384850 1.986170 2.536600 32.126100 134.713120
1162 -2.935000 0.772640 2.985610 71.592000 20.330430 94.166950
1163 -0.237100 -0.252030 2.143320 74.970570 -13.438660 49.804870
1164 0.954290 1.068520 0.087800 38.288880 53.631430 21.197620
1165 3.056770 1.006450 -2.619960 95.566190 52.222830 108.822240
1166 2.752390 -0.011560 2.519500 20.406520 -22.068650 116.524990
1167 -1.435260 -0.011330 -1.316300 -49.115170 56.150330 57.467450
1168 1.542490 0.452160 -2.638250 54.271920 -5.539860 65.064420
1169 2.990280 0.977490 2.931460 99.417300 1.383790 63.287380
1170 -2.267730 0.306430 0.401150 -3.679040 -11.766120 102.578950
