1 1.833690 -0.418790 1.024750 -34.717840 1.206130 -60.828700
2 1.622630 0.481180 0.894520 35.380570 70.161380 -77.309650
3 -0.722640 0.332470 3.054260 96.521160 108.034300 39.416690
4 -0.090780 -0.306280 0.798860 67.172760 -5.861310 28.372600
5 2.429770 1.086880 -2.546220 36.829440 -13.335450 -71.598480
6 -0.928430 0.167180 2.035720 75.798130 46.552670 72.972560
7 0.552030 -0.181490 -1.313260 -32.402550 91.511950 -29.931290
8 0.025120 0.441720 -2.531100 -3.176490 150.396970 -15.476060
9 0.803860 -0.880500 -1.560510 -25.357620 134.627750 4.850470
10 -2.778450 0.406250 0.814080 -39.807150 83.058650 2.487490
11 3.070320 0.164060 0.848640 -72.778290 88.402160 -13.076750
12 -2.368410 0.302340 -0.114260 -20.046970 126.630260 53.673230
13 -0.969370 0.227870 0.334740 -24.616620 -7.766070 59.182180
14 2.846260 0.004970 -1.887960 116.272020 74.558130 -17.780030
15 -2.343650 -0.351280 1.644060 -38.943130 33.983200 78.751850
16 3.088200 0.637660 -0.098980 10.073130 146.772840 -18.799830
17 1.035880 -0.853600 -2.160270 37.160870 149.982180 -9.244220
18 -1.894210 -0.457870 2.485680 6.589910 32.558220 99.791670
19 2.095510 0.070570 1.737190 17.833850 28.561130 -73.454120
20 -0.797570 -1.246940 -2.279470 -38.580330 73.345820 69.552410
21 -1.704110 -0.177470 -1.212730 26.738390 87.559560 99.055860
22 1.464780 -1.034820 -2.079710 56.289540 149.591520 1.898240
23 1.884900 -0.886240 -0.207590 -67.384750 101.061470 -17.150330
24 2.686890 0.785450 2.496940 -12.737190 25.491180 -35.085310
25 0.571230 -0.179610 1.995200 108.755180 27.987550 -35.605200
26 1.546100 0.349480 1.635050 21.378670 30.294460 -67.482100
27 -0.621960 -1.233970 1.353720 102.123260 74.119440 62.898410
28 -0.053580 -0.639630 -1.930060 -54.398810 114.910270 27.774770
29 1.896330 -0.524400 3.085260 106.502410 25.995500 -52.192080
30 -1.597520 1.195780 -2.806930 118.893180 80.420640 -3.792940
31 -0.753750 0.300330 -0.145380 -23.738540 33.242160 41.300110
32 1.290300 -1.100170 0.298270 -60.541030 18.772670 15.242940
33 2.544500 -0.076280 0.996940 -31.729180 66.190800 -40.931530
34 0.387120 -0.456910 -1.033150 -46.690700 47.324650 -23.667360
35 2.261130 -0.493580 0.429760 -62.382260 80.370840 -45.796120
36 2.671580 -0.997940 -1.294580 83.882480 128.988110 18.864410
37 -0.395150 0.246020 2.691310 104.013240 104.442920 31.936000
38 -0.516620 -0.057010 -2.606510 22.735080 103.012310 50.236750
39 2.728270 -0.816090 2.442330 22.343940 -45.423630 3.460260
40 3.099230 -1.008220 -0.280480 8.426140 152.353210 38.327720
41 -0.605860 0.076590 -1.822700 -39.674740 118.866250 52.169960
42 2.175100 -0.450160 -0.435020 -16.551920 135.629850 -51.015780
43 3.112020 -0.569840 1.295470 -76.403180 46.695100 20.777610
44 -1.666470 1.050440 2.617730 104.063030 -4.641490 10.699310
45 0.475640 -0.411890 -2.391440 -4.311110 127.730500 -23.289040
46 1.462630 1.310310 2.946320 -45.947140 83.953580 -68.385610
47 -1.441630 -0.187810 -1.063470 0.158670 72.009830 99.872900
48 -2.832450 0.240200 -2.934240 90.128200 9.635900 2.254430
49 -2.143720 0.700660 0.883590 -41.731750 20.925530 2.839710
50 -2.935930 0.500230 0.509820 -43.197620 115.397370 7.359620
51 2.115450 0.636220 1.265620 -13.552200 77.213070 -93.773000
52 2.235630 0.039730 2.191950 14.949520 25.537660 -50.953400
53 -0.130140 -0.389100 -1.089120 -37.247150 62.408740 27.326450
54 -0.777610 -0.726160 -0.449640 12.046710 -5.427040 80.777350
55 2.793430 -0.136000 -0.648150 44.055430 144.200100 -39.979120
56 0.916860 0.027070 3.075870 45.361560 115.725250 -36.859600
57 -1.351680 0.449900 -2.639600 78.152290 104.711250 70.232910
58 -0.420960 -0.556340 0.188770 35.884930 6.539580 60.364300
59 2.222190 0.026390 -3.042670 74.671920 12.149950 -78.956690
60 -1.905400 -0.112520 -1.463790 63.833310 76.256520 55.309190
61 2.662850 0.595570 -1.381820 71.570900 57.683070 -47.949360
62 -2.361940 0.331110 0.877010 -48.130390 64.710560 52.622060
63 -3.126850 0.741470 -2.575480 97.899370 -7.471040 -26.920760
64 0.026380 -0.742650 1.872590 86.139500 76.176710 31.447180
65 -1.761430 0.607110 -2.368260 86.158280 112.233700 42.014400
66 2.774920 0.260970 0.624600 -20.520940 103.194930 -31.849470
67 -2.063860 0.811000 -2.345990 88.086040 60.441630 21.155010
68 2.751910 0.880710 -2.962130 46.899740 6.723430 -41.758900
69 -2.992650 0.664040 2.007680 -32.813040 -21.160610 -19.452010
70 0.106690 -1.353020 3.038720 19.374540 120.668240 26.265990
71 0.476210 0.723270 1.274420 78.681810 49.743940 -32.446290
72 3.032200 -0.043100 -2.161640 124.712250 42.710580 -9.746460
73 -1.298560 0.851710 2.057810 49.360610 0.177720 30.895840
74 -0.565480 0.049180 -2.259330 0.340490 101.416120 41.160820
75 -0.336010 0.382750 0.180680 14.327580 -19.337350 18.781740
76 -1.975780 1.357280 1.307800 -30.366040 -2.993990 3.792920
77 0.039220 -1.380240 -0.815930 -29.721520 22.799050 59.087670
78 -1.890500 -0.149660 2.685640 19.793900 16.242320 54.929620
79 2.358260 1.001930 2.561860 -41.565040 36.706370 -44.165010
80 -2.000170 -0.111520 -0.656940 1.843900 104.441470 81.975190
81 -1.606930 1.221390 0.891530 -47.105480 -13.496610 -0.805920
82 3.037680 -0.002720 -2.160440 100.384270 67.014860 2.103670
83 -2.521660 0.096490 -2.819680 68.388810 0.953490 16.080020
84 -0.223510 -1.007740 2.373530 87.538830 112.756210 53.538480
85 1.055310 -0.610820 -0.377910 -68.064980 41.630710 -39.459580
86 1.604880 -0.467640 2.505000 91.264040 12.866030 -64.981600
87 -2.955550 0.966320 -0.311000 9.431460 151.856600 -33.987300
88 -1.042500 -1.161560 -2.004700 -6.177060 39.126210 60.268030
89 -0.699400 -0.249700 1.945580 97.812840 52.008240 71.003480
90 1.212220 -0.573290 -2.029650 44.358450 137.910950 -42.455880
91 -3.092630 0.911930 1.753410 -26.819390 8.916090 -39.510070
92 -1.864230 0.046730 0.558410 -33.474820 40.921810 74.286590
93 1.064970 -0.618360 -1.637630 -13.528710 143.127810 -40.404600
94 0.731610 0.157700 2.098420 90.889680 47.525070 -68.140870
95 -0.881230 -0.000110 -0.386590 -40.078390 24.934930 77.264720
96 0.611590 0.472120 2.380640 84.657780 103.285320 -68.988440
97 -0.292590 -0.160790 -1.861080 -41.286790 125.990910 29.147810
98 -2.630580 0.220630 -0.913440 67.717210 120.070780 6.478000
99 -0.611020 -1.173650 -0.567160 -3.930200 0.793270 62.580310
100 0.427810 0.086090 0.296920 8.295300 1.343570 -10.864860
101 0.396060 0.652250 0.928280 51.255340 5.109650 -52.510210
102 -0.008430 0.331650 -1.951090 -40.245640 132.907580 -15.326150
103 -0.798210 -1.211560 2.888170 -2.545370 127.341840 68.967580
104 -1.142660 -0.731680 0.844170 52.327530 31.493170 77.721210
105 -0.617450 0.810970 -0.671690 -70.333340 42.934650 -9.980500
106 -1.285570 -0.026070 1.763750 60.891250 13.205850 57.724690
107 3.030390 0.822220 -0.669620 72.984250 129.417820 -45.779880
108 1.632780 -1.388190 -0.113740 -68.837330 77.831480 36.890900
109 2.936360 -0.409650 -0.299430 5.449940 120.314390 -24.294410
110 -1.095030 -0.804390 1.954620 40.108760 105.451870 80.709550
111 0.545330 0.470800 -2.020090 -33.802310 113.133450 -64.459380
112 2.536110 -0.291610 2.725630 22.957760 -16.440860 -37.872010
113 2.553760 0.735190 -2.402510 76.629730 7.232010 -76.300420
114 2.898490 0.475160 2.579220 -2.702970 11.415120 -37.262090
115 0.677070 0.297420 0.877820 64.635030 17.765600 -44.959560
116 -0.438000 -0.213330 1.793960 78.771680 64.547780 51.741210
117 0.414850 -0.872790 1.228080 90.518620 -14.245350 0.831750
118 -0.257830 -0.266160 -3.135730 69.725150 134.154750 21.617530
119 1.562220 1.286750 0.985930 65.445970 116.028180 -76.060780
120 0.243850 0.959290 -3.049860 14.288610 146.303860 -34.468550
121 -2.591830 -0.575140 2.512940 6.739260 15.323320 48.044680
122 2.409350 -0.596410 -1.708390 85.819310 92.449980 -37.211750
123 -2.098590 1.202780 -0.267470 -46.025160 129.517460 1.196390
124 0.863650 1.010070 2.945770 1.031570 128.470890 -69.539800
125 1.840350 0.346040 -2.301210 37.457870 75.367350 -60.948330
126 -1.602010 0.145660 -0.187070 -25.654890 69.618970 88.747560
127 -0.674280 0.628680 -0.006800 -43.090440 -10.968030 31.177830
128 0.630030 0.151420 -1.107930 -56.212360 64.129450 -60.886220
129 -1.857000 1.181420 -2.898850 97.576160 57.859050 17.812780
130 -0.470430 0.127960 2.833610 87.732470 85.155870 17.308870
131 1.456890 -0.969870 -0.212270 -57.553580 65.930280 -34.191990
132 -1.629220 -0.866590 -0.072480 65.317900 56.947240 96.447020
133 -2.770160 0.886270 2.401060 23.437760 -34.947140 -19.400540
134 -1.588390 -0.236640 -1.382500 9.048320 92.600010 72.976780
135 -2.243320 0.850250 -0.741120 -8.625840 132.495330 -4.773020
136 -0.451410 0.224390 -2.343170 2.247880 152.086760 31.981160
137 -0.151190 -0.293070 -2.795160 43.506900 143.016890 30.537720
138 -2.018130 -0.099070 -1.963310 57.964120 51.832190 65.141830
139 0.842350 -0.088860 -0.403040 -47.677920 22.891510 -63.659660
140 -2.888610 0.173090 0.488660 -42.854980 79.467030 14.204120
141 1.041210 -0.710030 2.638810 84.756190 78.969510 -19.142570
142 -1.659120 0.891510 1.061190 -38.479380 -23.060190 15.997040
143 0.573050 0.771870 2.289600 76.628560 98.580730 -22.587520
144 0.744340 -0.255980 -0.699230 -58.277630 64.169930 -40.095010
145 2.989030 -0.111070 2.554300 14.208930 -42.434750 -8.681510
146 -2.888370 -0.761570 -0.422570 38.621080 152.843140 32.472390
147 -2.251700 0.199460 -2.673520 93.050740 51.303590 48.414970
148 -2.485050 -0.633410 2.964600 37.069070 5.945640 56.544110
149 0.330830 0.236230 -2.734330 22.976280 151.488680 -41.588010
150 1.511750 0.440810 -3.033910 5.063350 78.267120 -69.363050
151 2.232950 0.681020 1.956570 -25.094210 43.198470 -90.584240
152 -1.876180 0.805150 -0.849640 17.793120 118.951970 24.135600
153 0.600950 -0.791450 -2.106900 -8.507360 111.143140 8.998550
154 0.289430 -0.599640 1.936990 119.299590 28.886140 10.512490
155 2.351160 -0.616840 0.260300 -53.207970 86.098660 2.473100
156 -2.330670 0.689430 2.832530 55.926700 -6.428410 39.543920
157 -0.652770 0.412980 2.184710 76.006360 44.029560 44.211910
158 3.139270 -1.060910 -1.729940 91.231410 65.551550 54.780430
159 2.493180 0.522150 0.358140 -7.924910 80.804370 -61.808930
160 0.608750 -0.853420 1.887080 120.185940 20.380620 -1.065180
161 -2.415230 0.427010 1.695500 -25.536820 -19.108190 38.045140
162 0.961750 -0.175960 0.453850 23.244580 -6.006400 -38.578070
163 2.734750 -0.428280 -2.070900 83.019440 68.231950 -28.622910
164 -2.007480 -0.764160 1.569960 -18.929450 79.756840 94.248150
165 1.403420 -0.166630 -1.356020 -14.372840 82.713670 -48.516340
166 2.841800 0.401520 -3.124200 64.036800 3.592910 -50.381530
167 2.022490 -0.572560 0.440070 -36.700470 70.702450 -30.001340
168 1.632300 -0.660050 -0.898100 -12.883500 100.374870 -50.955230
169 -2.963310 0.387980 -2.164320 91.867900 31.490890 3.462970
170 0.820970 0.927810 -0.057290 20.178390 20.933240 -58.799140
171 -1.664900 1.330200 -2.540520 75.968220 82.280210 -31.195130
172 1.868240 -1.176010 -2.266930 66.750680 113.417560 -4.380760
173 2.275600 -0.712210 -0.009020 -33.614710 79.882510 -31.942100
174 2.409410 0.412460 -2.036460 68.819820 25.671750 -55.724040
175 1.142210 0.082930 -1.897850 18.198390 105.223660 -57.322010
176 1.525190 0.248900 -1.992160 22.957550 55.690710 -65.776390
177 -0.142430 0.198000 0.986800 38.616490 -17.242670 0.199870
178 -2.446130 -0.164680 -1.244060 63.808890 113.678640 67.321980
179 -2.793910 -0.091950 -1.217450 87.036960 105.762600 -2.184400
180 -2.147840 -0.819360 0.193480 38.321420 106.671730 89.399560
181 2.225350 0.030150 -1.914580 71.050770 87.635590 -37.112200
182 0.346250 -0.224880 0.295400 1.558650 -6.143000 12.379920
183 -2.935630 -0.351940 -1.663650 115.316910 77.179340 36.020260
184 -1.005550 0.908200 2.477840 120.521100 37.129870 18.121180
185 -3.013550 0.194210 3.075840 51.957520 1.147190 18.322180
186 -2.203000 -0.097510 0.960240 -46.027090 55.024030 78.867720
187 -1.949800 1.199470 1.711140 3.267420 -14.283920 16.362500
188 0.608130 -0.566800 -2.371860 40.837550 129.659060 -7.735140
189 3.084960 0.418800 2.175390 -37.373310 -19.565610 -23.194030
190 -1.523040 -0.359440 0.977440 36.855200 56.514260 81.910450
191 0.800000 -0.042320 -0.557240 -18.595370 20.082980 -55.145040
192 -2.148160 0.281000 2.668160 29.787890 4.105150 59.785610
193 2.216980 0.492160 1.564710 -30.997410 41.915390 -81.214130
194 -0.466680 -0.853380 -1.554910 -18.833680 35.564290 48.248140
195 1.155430 0.565740 -3.129570 16.599680 94.080160 -97.021970
196 -2.979680 -0.149090 3.116820 46.801860 -6.498470 -9.085280
197 1.492550 -0.907290 -2.928500 116.641820 77.259920 -1.762050
198 -0.136740 1.022410 0.605460 46.019470 -28.266930 -43.161790
199 -1.703620 0.332190 0.100820 -28.168460 87.726440 56.916360
200 -2.990740 0.073830 2.071220 -34.461680 -28.203950 4.693160
201 0.240370 -0.755850 0.339250 -6.209130 -9.998370 24.278920
202 -3.135540 -1.204010 -1.119600 99.570830 105.347170 36.762970
203 -3.043260 -0.689510 -0.291650 15.403960 130.554990 50.671480
204 1.467890 0.819020 0.641960 36.359690 67.072980 -88.471590
205 0.098220 -1.355410 0.130930 25.403190 -38.312020 35.797870
206 1.959270 0.319900 1.627050 -7.946310 22.984100 -74.066830
207 -1.947560 -1.162790 -1.674730 53.252500 -1.864310 38.986180
208 -1.579360 -0.761210 1.818250 -0.882580 79.223120 56.772150
209 -0.202240 0.738190 1.086690 63.718520 -3.282400 15.872160
210 -1.340270 -1.138570 -0.665510 59.293470 5.583770 83.834920
211 0.489890 0.225770 -2.513800 24.828450 144.574910 -37.051700
212 3.025110 0.281010 2.624270 3.996690 0.573210 -31.146060
213 2.964430 0.447130 0.795870 -47.920780 66.544200 -27.671740
214 -1.885980 0.926580 -0.225810 -62.380560 93.444600 3.906000
215 -1.040110 0.245250 2.201180 99.578060 23.259700 59.473140
216 -2.516870 -0.499180 2.812950 16.233620 -5.300000 22.540190
217 -2.563970 0.203100 -1.546520 86.566010 122.464760 34.442320
218 0.759420 1.289190 -0.706800 5.669270 -4.346290 -22.075370
219 -1.936340 1.266320 2.431360 79.999890 -21.307650 -24.152530
220 0.900520 0.525490 0.683880 30.092480 24.766280 -47.426250
221 3.008070 -0.242620 0.739070 -34.096770 92.556080 -8.119130
222 0.360270 -0.307580 -0.777260 -72.812710 24.337340 -12.311550
223 2.507170 0.819720 0.530020 29.231490 100.772890 -56.164930
224 -1.818500 0.393250 -1.888590 66.958710 111.745300 73.363360
225 1.879230 0.905270 -2.206370 34.312970 31.117920 -68.532230
226 1.331590 1.095370 -2.022940 -4.019490 43.774400 -57.330860
227 2.132520 -0.250120 -2.792090 62.278950 36.228420 -58.813190
228 -1.919080 0.340460 1.310210 -23.399720 -2.920030 69.892590
229 -2.170600 0.116880 1.365470 -15.528560 9.993420 37.431920
230 -1.763310 -0.565670 -0.906970 52.961250 45.495520 67.654950
231 0.388970 -1.370490 -1.110910 -74.706700 54.412070 32.058700
232 2.792860 0.091710 0.364180 -42.893610 124.570850 -34.039250
233 -0.988270 0.020280 0.135930 4.523320 32.171420 56.711430
234 2.212700 0.389250 1.182680 -37.258540 55.536060 -76.286770
235 -2.522210 -0.844230 -0.727470 79.530390 78.214040 45.765530
236 1.739590 -0.147430 0.968580 12.277110 25.185130 -56.742190
237 2.713130 -0.913080 -1.853810 108.955700 107.971120 3.632610
238 2.634180 -1.096040 2.056610 -12.611710 -12.342030 40.706870
239 1.939960 1.008190 1.731170 -10.078030 104.275850 -86.637580
240 -0.258760 -0.086070 2.970950 82.874010 99.083140 20.148250
241 2.587310 0.798150 0.796560 -28.894890 114.310280 -66.897870
242 -0.647800 -0.819630 -0.405950 4.339840 -9.763170 76.450200
243 -1.158120 -0.508450 2.218640 29.817900 90.857260 70.323040
244 1.865150 -0.252510 0.880010 -29.645190 27.631800 -80.413170
245 -1.657740 0.175060 -1.187480 21.845800 124.863910 83.527600
246 1.762700 -0.423520 -0.354230 -39.874080 100.633900 -67.565280
247 -0.014460 0.258530 -0.674520 -69.683330 20.513730 -11.755700
248 1.579230 -0.769420 3.067080 115.980440 39.286800 -15.952740
249 -0.365110 -0.815400 -2.017440 -53.764790 95.789750 54.089220
250 2.239180 1.132180 -1.003790 61.452480 61.778240 -66.148400
251 -2.261500 -0.927500 -1.449540 50.792880 47.375810 70.922560
252 -2.958970 -0.575630 -0.046790 -18.750700 114.739060 33.789300
253 3.140940 0.640580 -2.705590 93.964250 13.091390 -13.230660
254 -0.095970 0.913100 -1.764780 -51.642560 111.790010 -36.710110
255 1.808530 -0.432450 -1.752380 59.055170 128.139680 -43.848090
256 2.734030 0.534650 -1.699630 109.498990 54.883780 -53.952340
257 0.296290 0.256420 1.024550 81.289400 7.777850 -34.069440
258 1.539800 0.038400 0.234050 10.782020 29.010760 -60.066390
259 -1.843420 0.362180 -0.460760 -36.844440 116.329730 59.948620
260 0.130480 0.086190 0.052180 3.016340 -1.290850 -11.894420
261 -0.780280 -0.107870 1.109490 70.024490 18.689740 57.307690
262 3.002620 -0.563710 -2.662530 84.267800 20.793340 -17.701750
263 1.949470 1.503080 1.126590 27.981530 144.389020 -54.509120
264 -2.151480 -0.592250 2.854810 4.357410 6.556670 90.337820
265 -0.976460 -0.833250 1.526260 66.029530 95.415700 68.984790
266 1.876210 0.269000 0.240960 21.520320 77.098820 -67.591740
267 -0.540730 -0.056670 -0.327590 -7.704850 14.630920 58.020400
268 0.553870 -0.450980 2.888380 97.948890 115.614620 -35.439680
269 -2.842320 0.457060 2.535900 28.908090 -8.081970 -0.141870
270 2.208700 0.378160 -0.127430 -4.960980 106.153850 -59.571090
271 0.098830 -1.193860 2.497120 61.123220 116.994070 22.489640
272 2.224770 0.135270 3.131160 41.791940 42.814800 -72.768210
273 1.640440 -0.466530 1.568930 6.137860 -21.647590 -39.816030
274 -1.171450 0.305530 1.704660 65.314940 -1.871370 75.084480
275 -0.757470 -0.177570 -1.021280 -47.767070 66.054570 78.439520
276 2.197660 -0.710550 -2.171730 84.163450 96.130840 3.716200
277 0.477560 -0.529710 1.615430 86.999340 -8.319260 -9.982490
278 -2.833670 0.002130 2.505470 31.295310 -23.876030 29.811100
279 0.868250 0.535550 -1.275050 -15.560090 60.274490 -83.477610
280 -3.104260 -0.366370 2.158900 -31.636170 -23.567740 24.020930
281 0.955520 -0.852810 0.030190 -52.815950 0.686780 -23.377330
282 1.916400 -0.843930 1.558390 18.647310 -5.863780 -13.351670
283 0.108080 -0.247980 -2.227780 -24.642900 114.075390 20.672390
284 -2.732140 -1.425060 -2.140080 55.167880 1.562910 60.562610
285 -1.303900 -1.262240 1.359350 37.978800 110.497060 33.836630
286 0.369780 0.128010 1.617370 107.387950 19.669710 -46.464580
287 2.346750 0.473790 -0.685750 35.748920 118.167910 -60.673600
288 -0.530120 -0.272950 -0.006920 -8.482150 -18.143070 59.457660
289 0.365610 -0.441540 1.942010 104.253460 59.743300 22.605390
290 -0.132670 -0.691590 0.203040 34.598230 -30.571190 27.250190
291 0.330520 -0.247560 -1.652920 -51.515650 121.675910 -19.365120
292 1.818190 0.096200 2.151260 27.450230 15.824680 -96.589520
293 1.613450 0.128280 -2.298110 59.338180 80.422250 -68.048390
294 -2.988910 -0.128720 3.058560 52.390020 4.251360 21.550870
295 2.705280 -0.103080 -0.301820 20.879050 118.832070 -50.191730
296 3.071220 -1.341630 -0.947220 82.303090 132.137050 23.005620
297 2.397610 -0.135400 -2.687380 102.452120 20.367180 -35.764950
298 -2.613480 -0.944260 -2.348110 88.536580 23.415720 43.338250
299 1.427100 -0.553110 0.968380 -10.040090 -22.333970 -55.030850
300 0.012660 0.513600 -0.454670 -16.110760 -8.027850 -13.918810
301 -0.812380 0.629330 1.806630 102.045010 0.779240 10.550630
302 -0.715250 0.910320 -1.815670 -16.087760 155.834520 1.670160
303 -2.624810 1.025480 -1.965740 101.858290 46.795160 -18.858280
304 2.308010 -0.165320 -0.966810 46.754640 101.438450 -57.236040
305 -0.523540 0.866890 2.072390 117.896760 39.037530 14.707380
306 2.917950 0.387520 -1.307330 99.351890 83.282330 -24.074950
307 2.218300 -0.778020 -2.875540 96.848730 42.650120 9.277570
308 0.364880 0.181440 0.659130 45.038110 -33.939910 -40.744660
309 2.018310 0.346000 0.181450 6.341900 92.223010 -98.348590
310 -3.136750 0.318850 1.058680 -64.359180 45.897180 -4.345140
311 -0.533960 -0.093380 -1.132500 -37.912510 49.000950 19.310600
312 -1.326460 -0.533270 2.585390 6.104690 58.871990 71.800190
313 -2.249440 -1.017000 -0.296180 69.733990 76.076960 43.546920
314 3.041720 0.151930 -0.961530 38.369730 131.317660 -9.892500
315 0.804740 0.481180 -2.507210 -6.859190 107.599700 -31.842700
316 -2.799430 0.942950 1.774460 -58.693650 -1.417620 -11.989310
317 -1.875110 0.921690 -2.248240 87.109310 75.351030 10.223140
318 -0.424920 -0.547040 -0.538270 -36.271600 -2.339980 57.577340
319 0.061190 0.063400 -1.553370 -71.030450 90.316990 -2.652440
320 2.243010 -1.384110 0.247180 -45.199090 93.859860 47.563810
321 -0.953550 0.247290 -2.864190 65.577190 82.697530 63.231130
322 1.412690 1.184400 -1.640820 4.958240 -2.590100 -81.708900
323 0.920250 0.004640 1.922660 74.108760 21.135670 -39.327080
324 0.764030 0.406100 0.352500 16.191060 6.721160 -74.903000
325 0.293380 -0.890720 0.541290 25.018810 -41.676250 25.744810
326 -0.405240 -1.119340 -3.123330 -8.177220 104.471480 37.667400
327 0.312550 0.736410 0.648690 61.045430 13.918910 -36.154000
328 -0.996280 -0.851750 -0.523110 15.360750 38.369300 68.769710
329 -0.878100 -0.322830 -0.031310 24.459790 2.501270 71.981550
330 -1.405070 -0.339250 -2.301940 41.156670 51.739700 67.436920
331 -1.398270 -0.002070 2.583260 47.653800 69.151040 70.133710
332 -3.124770 -0.782220 1.657650 -66.595100 17.377650 31.734950
333 -1.380460 0.880060 -1.749090 49.375870 149.014790 16.860760
334 0.066970 -0.782360 2.588850 75.358140 83.543560 30.294210
335 -0.384050 -0.728020 1.712880 70.845970 77.386490 45.277720
336 2.592230 0.108310 -1.101360 77.319100 117.835220 -66.337420
337 -0.933260 0.543850 -2.923870 63.024960 90.091030 41.584480
338 -0.694210 0.434030 -1.693760 -39.399750 98.648880 32.804240
339 2.243370 -0.060670 -0.542410 19.781430 126.125140 -75.741560
340 1.862620 0.345420 -0.375270 41.451760 73.575210 -65.930310
341 1.895150 -0.128240 -0.652580 0.522020 113.949230 -41.328050
342 -2.672670 0.799510 0.439450 -38.776380 85.974220 -30.465930
343 -0.050250 0.168100 0.311960 11.811960 -0.107540 10.313220
344 1.122330 0.752960 -1.056440 -16.314000 25.697920 -46.099180
345 -0.239460 0.587770 0.881070 37.380940 -43.724200 5.318190
346 1.413410 1.046980 1.125960 51.641500 99.410220 -42.280110
347 -0.160970 -0.191600 2.624090 103.180180 88.889400 8.624320
348 2.943920 -0.250540 -1.483240 103.079720 111.106770 7.332710
349 -1.623200 -1.086930 -3.026480 -40.046600 41.916070 53.450340
350 -2.085840 0.698460 1.593480 5.204900 -15.115730 3.490220
351 -2.819820 -0.046050 -1.852110 89.535440 52.020580 24.225770
352 1.185440 0.517140 -1.714640 -10.131210 38.696100 -73.012960
353 -3.085440 1.067060 0.899200 -34.431080 111.722210 -36.171910
354 -1.190890 -0.939500 -2.118360 -27.905690 38.687750 88.919100
355 -2.520640 -0.485290 2.874380 17.014920 16.195420 66.748700
356 -2.133840 -0.597120 -2.465420 49.369370 11.775910 90.808980
357 2.078680 0.284510 -2.918490 47.264130 26.803410 -99.287320
358 0.302980 -0.139870 2.962470 95.138280 112.000230 -25.335270
359 -0.835740 -0.095030 1.149500 63.963460 -1.498410 77.876630
360 -2.853510 0.619450 2.312740 17.114170 -33.933540 -3.377410
361 -1.694280 0.929410 -2.768080 120.409000 77.428390 -0.853480
362 0.859000 0.221390 -0.663870 -30.073410 41.081520 -81.275930
363 1.541850 -0.885980 -2.995930 121.461490 77.494840 -29.798350
364 -2.322250 1.445270 0.949650 -33.994580 59.040700 -31.747100
365 0.695340 1.142480 -1.608450 -43.719730 43.732880 -24.417150
366 -1.895080 -0.193890 1.155850 -11.599880 48.364920 96.826330
367 -3.101510 -0.138360 0.772930 -76.061050 82.222640 11.145430
368 -2.698790 0.653890 -2.684060 110.981930 6.235310 9.423710
369 0.112350 0.725950 2.277870 91.570100 78.582790 1.042350
370 -0.855930 -0.500340 -0.747110 -22.590030 46.405080 61.434540
371 -2.896090 -0.514220 2.270900 -24.753550 15.636900 28.564690
372 0.772090 1.249590 2.559220 5.478600 117.402800 -29.901080
373 -0.886690 0.470210 -0.087310 -48.426200 5.327860 20.190190
374 1.241020 0.429410 1.891880 49.672740 37.040260 -73.472720
375 -2.071900 0.811510 -2.267950 95.561070 102.297880 -3.811090
376 -0.397560 0.169070 -0.429490 -53.130570 19.565470 7.078900
377 2.174760 1.196730 2.105510 -30.847460 85.738360 -33.796230
378 1.880140 0.130770 2.464610 19.255390 44.393000 -73.272460
379 2.811720 -1.343880 -1.713570 90.201560 94.243850 5.651510
380 1.484940 0.747340 2.140840 18.540880 87.151560 -100.164630
381 1.999550 0.883320 2.722070 1.244630 26.740260 -75.387310
382 -0.369480 -0.121420 2.745540 79.406280 92.126050 10.477530
383 -1.510130 0.388510 -0.039390 -25.292840 80.512100 46.951050
384 -1.985520 -0.124670 0.002880 -11.382590 96.774140 91.342510
385 0.356840 0.607680 0.322610 24.836510 -31.614810 -53.936730
386 -1.003770 0.842370 3.085940 99.129010 111.070560 12.808200
387 1.245920 0.270870 -0.539410 -0.291760 63.495530 -63.253250
388 -1.173860 0.984470 -0.506580 -78.453870 71.770450 12.000020
389 -2.320260 0.623140 1.707450 3.460720 -14.653660 9.764410
390 -2.117430 -0.950350 2.054790 -10.343860 40.705780 55.424280
391 -0.666420 0.244870 0.714070 12.502260 -7.407350 15.707290
392 1.281940 0.138130 2.531490 66.597390 45.209920 -86.040500
393 0.528350 0.902530 0.601250 53.218330 3.245380 -20.687110
394 -0.392950 -1.057080 -2.672990 -13.962660 117.046650 19.191370
395 -2.013240 -0.229370 2.429990 36.517220 16.309610 83.500050
396 -1.910290 1.133560 -0.324370 -14.093040 111.157180 -2.548960
397 0.430420 0.336800 1.191540 85.990190 23.885800 -52.495810
398 2.461090 -1.065120 -2.617200 104.093800 66.380310 25.249500
399 1.676460 -1.308670 -1.905590 35.698790 119.256510 3.960070
400 1.693340 0.759730 2.624840 4.536480 81.223280 -56.788720
401 -1.750490 0.385160 1.481170 5.744520 -16.498260 69.466670
402 -1.676020 -0.509620 0.205360 0.395540 69.574310 69.163770
403 0.933690 -0.398210 1.997590 77.132290 7.873760 -28.665810
404 1.656390 0.878540 0.653460 64.743030 72.506770 -53.413600
405 2.161850 0.225810 1.364570 -28.612500 36.629370 -85.707390
406 -0.882330 0.204730 -2.268970 28.736920 137.019470 69.870150
407 -0.943630 -0.183210 -0.255480 -14.435410 15.164620 87.001010
408 -2.347790 0.687340 2.110190 -12.691610 -5.786930 3.343740
409 -0.344750 0.792980 0.250230 9.053120 -3.047740 -5.850740
410 1.269950 0.024250 0.458620 -3.234880 12.255660 -89.565480
411 -1.671420 -0.255950 1.198490 -0.722120 65.482990 61.434670
412 2.479890 -0.347170 -0.488680 -4.457530 104.861330 -27.699000
413 1.158100 -0.538970 -2.694330 60.659210 115.760350 -58.632450
414 -1.218610 0.565400 2.605190 70.572980 48.479480 48.576370
415 0.070900 0.439340 0.896300 66.537640 -35.452800 -19.948700
416 -1.140310 -1.467660 3.098570 -14.566490 75.735860 48.702900
417 -2.273460 0.750410 2.265530 27.181480 -5.768490 35.292880
418 1.480560 0.481190 -1.881720 19.246530 35.205770 -80.420100
419 -2.639370 -0.131500 -2.106380 88.926840 63.013670 59.367200
420 0.452630 -0.071700 1.227390 91.831770 6.431040 -23.118190
421 2.508280 -0.780270 1.152120 -33.393930 40.509790 -12.785390
422 -2.823050 0.443450 0.627790 -32.061830 96.093220 8.229440
423 0.651830 1.270490 -2.903020 4.435410 97.394330 -56.400510
424 2.484400 -0.248540 -0.608920 36.304660 113.801480 -23.862810
425 2.722100 0.359380 0.392590 -2.917330 87.437470 -39.834610
426 -1.901350 -0.061600 -0.788920 23.153510 107.392610 93.520230
427 -0.357680 0.223230 -1.023760 -30.024900 60.988620 27.437450
428 0.529280 0.691000 -2.939850 10.355890 97.284120 -45.779440
429 -1.837710 -0.213480 -1.746640 61.613300 64.167140 49.510690
430 1.401760 -0.689330 3.093430 80.665660 55.218490 -44.179410
431 -0.126450 -0.793780 -2.594910 18.063250 106.143530 48.424290
432 -0.234360 0.117090 -1.799510 -42.370920 91.163790 22.645370
433 -1.012540 0.899790 -2.139230 24.448430 133.390320 34.891530
434 -1.676780 0.124050 0.311520 -23.326290 54.058340 91.407520
435 0.988410 0.868930 0.721470 63.163390 43.661750 -89.153400
436 -1.957470 0.156220 -0.646360 -9.952910 108.460950 40.873430
437 -1.295410 -0.642340 -2.066960 10.904060 41.140750 56.126560
438 -1.605970 0.382510 -1.145760 3.754460 122.489960 26.147250
439 2.782720 0.374790 0.981380 -61.072300 59.920340 -30.338940
440 -2.065230 0.499320 -0.391330 2.947590 113.557210 43.330420
441 0.161930 -0.092440 3.089090 77.238070 141.795810 7.360140
442 1.822620 0.320070 -1.197020 26.559560 53.646640 -64.518100
443 2.025380 -0.039250 0.135630 -2.956650 55.595770 -63.841570
444 0.301900 -0.784520 -1.103050 -74.219140 52.565240 7.582460
445 -0.495060 0.882240 -2.700180 42.568310 156.597930 4.836880
446 -2.755010 -0.848760 2.197000 -40.647170 19.614380 27.027620
447 1.594190 0.409310 -1.318890 40.173170 71.077630 -85.425130
448 -2.679210 -0.882410 -2.857760 20.715030 -6.266930 37.071540
449 1.399900 -0.470950 -2.135310 65.586480 122.307610 -57.539470
450 -1.554500 1.296730 -1.082120 3.277930 115.730000 -34.773590
451 -2.926660 -0.323310 -0.922110 59.400030 140.826020 40.831980
452 -2.978040 0.162710 0.340810 -22.149610 93.304310 -11.039670
453 -0.991780 -1.020380 -2.958210 -6.506110 68.716900 46.133630
454 -3.116450 1.109010 -2.012540 97.049440 18.464180 -58.374470
455 -1.508450 -0.889850 3.081110 -20.809200 72.870420 55.925080
456 -1.329400 -0.251950 -0.594960 -11.381060 70.903350 62.918110
457 -2.187070 -0.292260 0.361360 -12.262670 69.689130 63.887440
458 1.824070 -1.213660 1.712410 10.579270 -25.429600 33.185940
459 2.480380 -1.336940 -2.422350 78.485600 64.198890 38.834330
460 0.158780 -0.172020 -0.800990 -36.936990 20.704380 -14.293140
461 -0.700440 -0.576890 -2.564660 -17.190750 99.687480 42.929400
462 2.228550 0.284010 -2.418720 52.271550 22.340020 -51.806870
463 0.421750 -0.173690 1.955500 94.779950 64.038910 -36.837840
464 2.452680 0.355040 3.096830 52.030730 21.716210 -62.495010
465 0.770240 -0.028440 1.026410 55.577170 18.211730 -39.857310
466 -1.762910 -0.733340 -2.585830 7.539040 20.184580 96.805760
467 -1.671080 -0.083610 0.930920 16.689170 45.274520 83.600080
468 -0.679830 -0.543920 0.219710 23.106760 8.628870 93.518170
469 1.715420 -0.199740 2.679260 49.321900 37.159990 -75.510530
470 1.291670 0.079480 1.917690 39.896110 55.068730 -69.045910
471 3.054010 -1.337640 0.731670 -48.524840 116.673220 44.926860
472 2.641370 -1.215250 -1.104260 45.586770 146.922390 41.937330
473 -2.668370 1.370000 2.955430 54.757460 -33.252530 -40.728160
474 -3.005080 -0.627570 1.854840 -35.291430 33.931610 36.935730
475 -3.052830 -1.001580 -1.387970 110.704930 82.887540 36.984750
476 0.265800 0.307810 -2.875370 58.265350 123.521950 -30.466260
477 -1.386440 -1.038160 -1.872150 22.061100 29.630540 75.304490
478 -0.842620 0.735270 -0.455920 -69.190110 74.758930 18.448660
479 3.019520 0.183090 -0.546020 22.874470 154.586240 -7.182900
480 0.901090 -0.730350 0.292170 -46.301160 -0.999980 -8.072280
481 2.717410 0.026170 2.798890 16.747040 -7.047940 -16.076780
482 3.122580 -1.089720 2.463800 5.669820 -7.214860 54.451270
483 -0.293430 0.019260 -2.844960 53.400260 143.859950 8.504680
484 2.153500 0.750140 -0.400380 32.076760 91.124050 -51.706280
485 -0.088180 0.049980 -3.107130 36.532200 124.423100 -4.682790
486 0.740310 -0.337090 3.038190 58.720110 98.022450 -41.650830
487 0.433390 0.784630 -1.413930 -69.262940 56.465310 -48.440620
488 2.020730 1.023950 0.558950 38.020190 75.800550 -60.564560
489 1.642540 -0.025500 -0.798660 13.395040 70.873040 -81.289850
490 -2.396840 0.208760 -1.841370 84.306340 69.207600 56.651570
491 2.914800 0.251020 1.019190 -53.657820 49.700870 -12.735930
492 -1.405210 0.114550 -2.505430 61.048680 104.175190 46.379020
493 3.117450 0.209130 2.212940 -15.854990 -36.260950 -24.254380
494 1.995960 0.567380 -2.654650 31.856960 21.452080 -96.845550
495 -0.018330 -0.372700 0.752290 35.914560 5.876070 15.326540
496 -0.074070 -0.503150 -1.219680 -33.070570 67.465330 36.897770
497 1.376720 -0.556210 0.368330 -50.908230 0.273310 -46.295000
498 -2.760290 0.174500 -0.769310 22.655700 142.744750 31.621770
499 -3.109510 0.128910 2.416460 27.340000 -22.103920 -7.906210
500 -2.892370 0.608330 -0.800360 34.128020 153.401950 -7.191080
501 -2.671250 0.334170 0.372410 -23.053230 84.667840 9.164130
502 -1.258530 0.175550 2.212620 70.070330 8.470670 44.558070
503 0.936870 -0.839270 1.154700 43.582290 -11.029240 18.403090
504 0.045470 0.092120 1.139950 89.077740 -23.111290 -3.096060
505 2.418190 -0.287340 -0.479850 -6.360680 120.602540 -13.989650
506 -1.115940 -0.517690 0.611560 62.004790 33.931360 79.247800
507 -2.582530 -0.882690 -1.537580 97.785160 53.220090 72.292510
508 -0.314870 -0.041900 0.880810 68.944920 -28.363590 35.680680
509 2.497030 1.152490 -1.126150 82.247350 76.988250 -66.041730
510 0.409350 -0.454580 -1.906070 -25.187300 97.003340 -2.470020
511 -1.708280 -0.332270 0.138660 2.143150 59.742610 100.395930
512 0.715480 0.507290 -1.891050 -39.565140 68.791600 -46.468780
513 0.157390 -0.808650 1.711890 94.797740 18.155940 33.696450
514 -2.669560 -0.247850 1.915310 -43.286350 25.472820 34.528150
515 -2.467230 -0.497940 1.746240 -14.895850 14.588050 58.774680
516 -1.524250 -0.699080 1.731950 27.807140 62.564640 56.271000
517 1.117610 -1.190730 0.972410 14.193790 -44.056170 22.077480
518 -0.654480 0.349870 -1.407120 -16.091150 86.324840 39.890780
519 2.418800 -1.418740 -0.855430 -2.532690 133.709010 19.668950
520 -0.459970 0.657730 -0.599750 -57.618610 34.859200 -18.750570
521 0.851670 1.379870 -0.255150 67.513970 -9.294470 -63.656760
522 -1.339330 1.510060 -2.655480 77.481670 111.520220 -55.902000
523 1.764650 -0.545900 -1.835980 62.796020 132.820080 -57.599200
524 0.537140 0.764750 1.393850 69.578810 34.502560 -62.560260
525 0.052550 -1.013510 -1.728910 -29.232490 100.198810 26.093000
526 2.366920 -0.895050 -0.667400 -8.557370 111.204590 -6.061220
527 2.272490 1.493730 2.252110 -50.922920 69.229930 -14.715410
528 -0.948290 -0.570520 3.000470 12.326930 114.207000 79.940040
529 0.261860 -1.309440 -1.111020 -28.977600 32.143900 22.837900
530 -0.982860 0.400360 0.673960 26.278340 -9.450380 42.686900
531 1.722990 -1.280830 2.735170 90.663760 45.297760 2.855730
532 -1.980240 -0.227270 -2.515000 42.783120 29.635790 78.969700
533 1.723380 -0.476080 -1.052130 -2.391860 127.031980 -69.465260
534 0.562630 0.866150 2.854530 14.530470 120.779050 -39.384040
535 -1.877350 -0.303760 0.642790 -5.647280 48.965880 88.239250
536 -1.047130 0.761630 0.544990 -25.321400 -28.358730 17.633140
537 0.133430 0.462920 -1.301710 -38.853780 82.801240 -10.952460
538 3.118760 -1.250770 2.521420 -13.548300 -1.524550 9.796680
539 0.514240 0.214210 -0.005870 -18.831340 9.224640 -50.131210
540 0.274200 -0.232620 2.232240 87.628120 53.601070 9.214200
541 1.693350 -1.185270 -0.055480 -53.498740 41.846500 -7.673380
542 -1.866870 -1.107580 0.645760 31.129760 85.094860 68.982710
543 2.594010 0.053820 0.626040 -50.901800 100.365630 -53.140370
544 1.266610 -0.374400 0.065910 -14.289750 8.677860 -40.231130
545 -0.215760 0.031490 -1.659300 -41.604030 119.300100 44.833450
546 0.750220 -1.080810 -1.116630 -68.915440 97.027280 16.571330
547 -1.398220 0.648550 -1.260850 -18.441300 142.572450 44.208940
548 -0.998430 0.160580 -1.525280 -20.867660 77.724410 50.325660
549 -0.171070 -0.047600 0.674880 26.905010 -26.127530 -0.812680
550 0.519000 -1.080950 1.823810 100.234660 56.590980 9.947560
551 -1.875140 -0.235480 2.986660 19.040250 14.297080 67.047120
552 -0.808350 0.566820 1.990890 69.703640 11.481030 14.623740
553 2.549260 0.168110 1.951380 -30.541600 31.751620 -43.148060
554 -0.592100 0.039100 -2.362330 4.852950 106.468190 60.825440
555 0.473100 -0.825210 -2.496450 14.884210 136.759670 -17.451490
556 -1.255940 0.257000 -0.818190 -37.322430 86.940740 37.701820
557 -0.360860 -0.375240 -2.110640 -37.269310 125.474590 50.375750
558 2.017450 -0.603750 0.129020 -26.353720 60.625950 -41.577570
559 -0.572760 -0.243930 2.253500 64.840660 84.136890 74.348270
560 -1.940290 0.548780 -2.208110 97.923260 93.522880 59.817480
561 1.633950 -0.082920 -1.352360 -11.580410 85.735950 -61.048790
562 2.325680 -0.029690 1.012050 -26.309120 30.017220 -79.546880
563 -0.082550 0.507800 -0.606280 -27.165580 29.874060 -17.152590
564 -1.372630 0.094280 -2.980490 78.769120 84.598590 70.968860
565 1.364810 -0.249810 2.876280 73.074930 90.340770 -55.857960
566 -2.434340 1.052780 -2.222240 125.940310 62.280980 -10.027410
567 2.596940 0.094590 -2.081990 86.602870 36.994860 -26.947230
568 -2.291550 1.196750 0.752210 -74.178540 37.783080 -15.931510
569 -0.940890 -0.463240 -1.057630 -33.031050 55.149340 65.036300
570 -0.974420 0.587250 1.608600 73.336720 -29.250160 36.816380
571 -2.186470 0.832260 -1.628350 61.349390 123.190120 -11.550520
572 -2.301070 -0.180310 0.782700 -24.535740 86.683780 30.312380
573 0.937160 -0.410710 -1.573340 -37.493740 93.079030 -29.421950
574 1.927860 -0.484470 1.084670 -34.578440 3.223110 -62.762100
575 1.572490 0.607790 0.148480 30.831700 74.669400 -60.150670
576 1.860050 -0.546370 -2.347790 61.206930 110.886120 -26.923110
577 0.333350 0.935490 -0.060440 36.757420 -1.655090 -52.675710
578 -0.295780 -1.262060 -2.696940 -43.498210 111.295840 61.316460
579 -2.570840 0.273690 -0.400530 26.858330 121.478260 33.622130
580 -0.218750 -0.755060 -0.493100 -0.800700 14.507230 34.433140
581 0.241950 -0.811600 1.463410 94.822810 37.270200 36.939250
582 -1.314750 0.550350 1.693070 35.313390 -8.389870 15.078270
583 -0.130680 1.443310 0.559240 37.439760 7.716870 -50.250810
584 1.412710 0.132560 -2.805010 26.002410 87.919960 -55.396560
585 0.042980 -0.202900 -0.173300 -2.643640 -13.089790 22.416080
586 2.991780 0.171780 0.656720 -66.346440 84.655320 -39.058830
587 1.332390 0.788860 0.541080 38.628200 61.825630 -86.866410
588 1.207790 0.634010 1.419110 41.945920 47.817130 -87.228010
589 -1.463370 0.491830 -0.476570 -53.377260 74.907710 34.430180
590 -1.713670 0.752510 0.706510 -64.542080 8.574310 29.604480
591 1.508150 -0.443730 1.493880 27.273630 -7.359990 -20.025050
592 2.445500 -1.233610 -1.077510 37.630870 109.226590 17.224790
593 -2.167640 0.197980 -2.102440 78.865810 56.315780 60.167640
594 0.449970 -1.379160 0.322900 3.068460 -31.847860 44.834470
595 0.529790 -0.580710 1.690790 72.208950 3.882670 -1.058660
596 -0.051180 1.382550 0.903680 58.088500 -10.724460 -11.024100
597 -1.430910 0.125920 3.045840 90.119200 58.351120 68.133740
598 1.641970 -0.144720 -2.745440 79.167610 76.078970 -90.542880
599 1.427590 -0.132080 2.307130 47.349680 47.078610 -72.195690
600 0.987050 0.672390 2.693860 38.988210 110.704230 -89.693260
601 -1.195840 1.214830 1.337790 -1.759810 -22.538270 2.361590
602 -1.527060 1.171210 -2.314080 68.898700 116.733340 20.130030
603 2.641100 -0.896220 0.383010 -47.083900 99.609660 31.292820
604 -0.098770 -0.139480 0.657790 63.104400 -24.774250 9.538450
605 -0.150240 -0.012060 2.789760 102.862550 117.097630 13.979860
606 2.175870 -0.572920 0.689820 -54.045470 36.168880 -6.443760
607 -2.313000 -0.309820 0.720860 -52.098110 94.364810 68.014040
608 -2.732020 0.028190 -0.308840 15.550130 115.036960 5.234750
609 2.233040 -0.812110 -0.832080 5.922320 138.401490 12.166770
610 1.484390 -0.475230 1.217740 36.107940 -4.014730 -55.092380
611 -1.300390 -0.122650 -1.729470 36.345580 71.061540 70.390040
612 1.786070 0.181640 0.755540 25.516700 39.045340 -76.540550
613 -0.911880 -1.132780 0.983840 61.000330 50.413060 63.104790
614 -0.332100 0.414550 -2.464430 28.528240 117.742290 -0.455050
615 2.039870 -0.167720 1.748480 -6.943840 25.833970 -67.069630
616 0.334870 0.106620 3.128470 74.586520 117.727100 -42.776170
617 -1.725090 0.085000 -0.620740 17.139630 81.007390 74.540460
618 2.311000 -0.518610 2.558720 54.272700 9.057340 -48.877190
619 2.330040 -0.199380 -0.940090 57.760960 113.631720 -51.505230
620 0.169150 0.060690 2.492700 104.381360 80.009050 -30.445760
621 -0.475500 -0.856380 0.346080 67.916340 15.246400 52.968710
622 1.631330 0.008500 1.606520 51.041310 4.368640 -81.707210
623 2.808700 0.540910 3.135490 14.315010 -4.947960 -40.298040
624 -0.185930 0.782260 -0.231260 -31.679420 21.506040 -1.339060
625 1.357770 -0.247030 1.721070 42.610490 29.335780 -71.092330
626 -0.223080 -0.018250 2.620420 64.315000 97.986220 33.413050
627 1.214980 1.318770 0.900260 94.268420 88.103060 -73.140300
628 1.590150 0.878360 0.962660 26.153300 78.426640 -86.316330
629 2.477610 -0.292170 -2.188970 73.222410 75.078960 -20.737630
630 0.291630 1.189440 1.698560 110.896130 42.219600 -47.516430
631 -0.209650 0.209890 -1.437580 -49.003490 66.010290 19.879430
632 -1.533490 0.318500 2.042460 30.455180 11.503560 39.284490
633 -2.075240 -0.068800 1.077570 -21.358450 35.519710 38.828110
634 -0.898680 1.236130 2.696300 96.897220 60.806590 -41.502590
635 1.453740 -0.842160 -1.438560 -18.831260 115.642360 -6.555280
636 -2.769030 -0.912640 2.667700 17.027280 4.850100 29.039720
637 -1.476500 -0.765750 0.964990 47.647470 69.984150 100.423220
638 -1.815290 0.577850 2.179300 25.151350 2.557820 47.836720
639 -2.044870 0.307060 2.765000 33.491260 1.297180 51.025540
640 2.699410 -0.228780 -1.904620 98.761700 81.967530 2.590100
641 1.946130 -0.919950 2.396260 54.448290 -6.667070 -34.740320
642 2.843940 0.116600 0.109940 3.898620 122.338590 -18.681640
643 -0.324240 -0.236730 2.644760 97.528340 106.604680 52.463100
644 -0.743610 -0.779260 -0.594450 14.177480 -5.840480 48.543590
645 0.706670 0.329930 3.090810 46.342910 118.709150 -22.961960
646 -2.502610 0.045500 -2.464440 101.973270 20.527690 57.883260
647 3.041820 -0.054840 -1.337970 84.861590 133.674590 -10.628240
648 2.911290 -0.030660 1.261420 -39.141960 53.619430 -40.301470
649 -3.116800 0.806700 -1.185450 67.921780 123.999980 -33.924650
650 1.057820 -0.558230 0.527380 -9.321210 -19.245980 -53.117930
651 -0.401570 -0.987490 0.271280 59.601860 15.063140 35.105830
652 2.416360 1.247180 1.458820 -3.750230 117.426420 -59.886430
653 1.860930 1.358870 1.908940 -24.382590 102.652390 -24.114990
654 -0.359790 -0.549130 -3.128810 26.077980 132.005160 24.286340
655 0.451900 0.252190 -3.024190 32.523380 122.243450 -9.471810
656 0.296740 0.429880 -2.215780 -34.460220 132.529540 -37.688720
657 0.840930 0.118300 -2.687600 47.995240 104.906020 -41.992340
658 -2.320790 -0.610490 -1.629810 66.350090 81.658510 58.802740
659 -2.908820 0.840040 0.153830 -40.782340 129.875890 -21.245980
660 2.115980 0.032170 2.087960 -8.397730 25.674190 -61.185010
661 0.987910 -0.235290 -0.033040 -34.031900 42.056390 -45.559450
662 -1.693900 -0.456270 -1.876490 39.619990 51.416070 106.144270
663 2.988270 -0.781320 1.033950 -33.480350 46.641770 20.730370
664 0.914850 -0.303180 -0.419580 -51.927350 24.213800 -60.306320
665 2.614720 1.460660 -2.499330 36.519660 3.066220 -61.931850
666 -1.480070 -0.092780 -1.189940 38.752810 79.942150 66.803280
667 2.667450 0.067000 2.625720 34.842480 -25.571610 -63.876130
668 -1.159270 0.682470 -0.372250 -33.691640 74.016050 40.111710
669 1.851750 -0.843070 2.788630 103.963170 -0.619180 -23.821480
670 -2.455760 0.188830 -1.396180 51.828080 101.694050 23.724100
671 -2.310950 -0.058900 -1.218690 47.454940 115.028520 30.840310
672 1.943500 0.993370 2.328470 -35.025710 62.414980 -45.165990
673 -2.809110 0.175850 1.883970 -30.749680 20.017080 -5.720970
674 -2.844420 -0.027870 -2.436040 112.442020 22.133640 36.196550
675 0.980800 -0.320050 -1.519800 -41.495160 129.831850 -35.882880
676 2.761780 0.798090 -1.494970 69.640130 47.852410 -45.202750
677 -1.135930 -0.623980 -1.297180 22.456490 36.989940 55.677010
678 2.294740 0.490630 -0.890690 44.097490 63.785960 -75.410130
679 -2.350780 0.560840 -2.599640 123.930890 28.873710 21.504680
680 1.094430 -0.596550 -1.562680 6.457800 105.842500 -39.578210
681 -0.358650 0.195880 0.340320 8.655390 -41.048100 20.261820
682 -1.737060 -1.030590 0.067000 44.707410 70.557450 52.493390
683 -2.218750 1.148420 -0.437470 -31.191380 141.187320 -16.107000
684 -2.309070 0.072260 2.921850 72.119900 -0.191840 54.311810
685 0.245640 1.007270 -2.849800 12.581050 124.342880 -10.274460
686 -1.190740 -0.549170 2.054410 21.686510 69.092270 63.111740
687 -0.486970 -0.806860 -1.201900 -36.096950 32.071520 85.620640
688 -0.260190 -0.849310 -1.634830 -52.519680 53.625710 24.575690
689 1.188860 -0.139630 1.997210 97.490800 14.011560 -47.196090
690 3.079320 -0.860560 1.959730 -32.879420 -27.239670 17.084520
691 -2.657380 -0.636080 -0.389900 54.579280 100.692850 46.015450
692 1.784380 0.519900 1.288300 16.529530 61.329040 -107.190050
693 2.683330 -0.944540 -1.685820 100.327280 98.571570 33.828260
694 -0.611970 -0.189430 0.620240 46.652180 9.224980 40.889770
695 3.033920 -0.214240 -2.911450 79.201010 0.746960 -37.950500
696 2.496480 -0.089170 2.781310 30.478690 9.313710 -57.531530
697 -0.155110 0.351560 0.342930 2.069360 -43.005430 19.260850
698 2.557360 0.651750 0.300600 25.122810 104.974850 -45.885060
699 0.638550 -0.014250 -0.786300 -70.511760 44.017210 -16.345420
700 2.560410 -1.341530 -3.025770 71.061340 8.466840 50.157170
701 1.307300 0.235940 -0.264670 -19.159400 19.999970 -87.425970
702 -0.946120 -0.532120 -0.459280 22.484270 10.498870 55.305060
703 -2.328200 0.217390 -1.361100 46.159670 127.204470 38.900680
704 -1.284480 0.666740 0.984230 0.892820 10.637250 39.575400
705 3.133920 -0.798390 1.592490 -50.794350 -1.863160 26.450110
706 3.107110 -0.616300 -2.238170 124.470950 28.064300 13.557140
707 -0.337940 -1.088170 1.627130 68.800850 57.670180 60.447820
708 2.387450 0.810710 2.466370 5.344170 25.142810 -51.988240
709 -2.041430 0.628240 -0.069840 -20.653640 103.153050 40.289890
710 -0.030180 0.983390 -1.640180 -34.739460 110.164190 -24.929070
711 1.663500 -0.413620 2.350310 76.103210 4.615310 -75.862040
712 2.440150 -0.564220 -1.525020 54.479000 113.637730 -43.614410
713 -2.555340 -0.479290 -2.571330 64.753480 -1.691860 30.366900
714 2.658550 1.210480 0.508410 11.733080 145.743210 -50.625340
715 0.533880 -0.383440 -3.003720 44.346500 123.218230 -35.198580
716 -1.526930 1.077890 -1.834330 57.569370 119.573150 22.341100
717 2.651420 -0.070920 2.881690 66.526470 0.497420 -33.173590
718 -0.133920 1.081000 -1.910550 -53.303990 116.532640 -27.066070
719 -2.677910 -0.880210 -1.703890 95.365680 36.448000 26.605690
720 2.079140 0.189840 -0.912530 10.520660 101.061200 -89.399150
721 -0.535270 -0.564320 2.314140 72.216800 111.189700 36.088930
722 -2.295100 1.196840 0.543350 -43.272190 52.688400 -29.056500
723 0.513760 -0.550280 -2.955340 75.688870 112.205200 -0.886430
724 -1.003930 0.418360 -1.168660 -53.480650 107.063730 48.523520
725 -1.749560 0.286220 0.191070 -15.881090 73.735860 41.490540
726 -1.471630 -0.717180 -3.016600 19.363450 71.874550 62.595250
727 -2.577050 0.639540 0.646840 -41.706510 94.084470 8.208060
728 -1.787340 0.078880 -1.649820 30.564050 79.361950 74.896450
729 0.542160 -1.374270 2.558620 69.922510 101.391940 49.844850
730 0.065840 -1.137800 2.604640 57.088540 114.288940 17.057420
731 2.696490 -1.025130 1.633950 -36.038020 8.813220 39.985340
732 1.381020 -0.091130 -2.685260 51.081990 66.014140 -62.168910
733 1.930630 -0.527120 2.500100 39.543750 5.648780 -24.509640
734 -0.779120 0.772690 -1.684630 -3.067650 104.284180 3.994030
735 2.457440 -1.071610 2.765710 38.887660 -9.707670 -3.264160
736 -2.443130 -0.489320 -2.878470 77.185380 -13.398920 57.361190
737 -2.780390 -0.000720 1.975310 -31.884430 12.550820 -1.256760
738 -2.417750 0.254120 2.175590 4.445700 -27.931450 51.759960
739 2.257510 0.674940 1.046260 -13.338400 64.726730 -57.813620
740 -1.172080 0.129810 0.347720 9.920570 15.262360 73.717820
741 -2.278610 0.394360 2.804350 70.236770 8.841770 43.268770
742 -1.880070 0.864950 -2.933250 106.820610 66.150670 -2.130560
743 -0.865450 0.780930 -1.031700 -53.071080 88.945530 -9.614840
744 0.120980 -0.355020 0.150930 -12.914150 4.360620 18.051550
745 2.849090 1.097680 2.748290 -8.162120 -9.993430 -15.284100
746 1.581440 -1.045200 -0.024300 -46.155400 28.944940 -10.005430
747 -1.999290 0.464180 0.083220 -46.770800 66.830320 23.986970
748 -2.238000 0.751290 -0.622830 -9.951830 108.816360 14.823550
749 -0.957070 0.908610 -0.132750 -66.662700 19.081870 24.991860
750 0.417500 -0.648180 -1.157140 -53.946620 85.825000 16.369470
751 0.335760 0.008980 2.259650 95.004030 49.881830 -10.644240
752 -1.028060 1.017160 -0.241510 -61.309570 71.024870 13.677730
753 1.114900 0.774920 -1.162320 -4.378620 6.479930 -83.534830
754 1.954110 1.095450 -1.089560 80.328310 11.268750 -55.190020
755 -2.403660 1.147820 0.396140 -49.141120 86.613660 13.417010
756 3.139620 1.351150 -0.452680 38.726190 132.626050 -52.982540
757 -1.563060 0.946040 -1.565560 19.593640 134.459120 -12.568410
758 -0.534220 0.150660 1.647220 100.909780 0.750990 48.301050
759 -1.173820 -0.881720 1.386050 64.704610 81.603490 91.524280
760 -2.837080 0.604500 0.781930 -58.474950 83.900090 -40.641300
761 0.292080 -0.555350 -3.111270 82.518540 133.456420 -6.097100
762 2.931240 1.255950 -2.395060 75.585980 -22.092100 -35.469150
763 2.996830 -0.365870 -1.513270 105.314310 116.737490 -14.924170
764 2.174930 0.398480 0.046310 6.428430 107.778380 -89.083250
765 1.872270 0.462610 -2.990110 45.223180 23.151420 -64.469330
766 -2.189830 0.905670 2.316240 20.333870 -0.702830 2.746140
767 2.205280 -0.687510 2.487320 50.479790 -6.026590 3.487030
768 -1.257910 0.644570 -3.013280 85.957050 60.307490 44.614390
769 0.564560 1.030150 -1.660410 -34.017330 62.600750 -24.079090
770 2.609140 -0.674120 -2.441900 87.608960 69.267950 -12.276310
771 0.285380 -0.468500 -3.088680 51.647780 105.169170 -0.869940
772 -2.681140 0.675000 1.342630 -70.524050 23.505830 -23.018740
773 0.920190 1.096950 3.112720 20.291330 101.810120 -50.863340
774 -1.371700 -0.644720 2.440300 41.378850 72.097120 84.550770
775 0.239090 -1.189930 2.124980 100.131300 99.938920 40.069280
776 -1.698750 0.645490 -1.317380 1.844720 132.599550 18.045200
777 -0.309120 -0.113650 2.411830 80.601120 102.873100 16.732560
778 -1.772320 0.265520 -0.222330 -37.220210 78.246220 38.281460
779 2.199130 -0.256400 2.336990 40.168310 -28.100220 -53.361750
780 2.002250 -0.603200 -1.187440 -1.009800 150.506590 -39.641490
781 -1.317440 -0.402520 -1.395950 10.507060 83.608310 64.803260
782 -0.004230 0.503450 -0.037140 -11.321910 -3.128270 -40.853020
783 2.999550 -0.678090 2.336150 -2.937630 -7.364270 -11.675600
784 2.763650 0.052020 2.483190 22.411970 3.967210 -31.489120
785 3.039520 0.179760 -0.502160 46.259270 126.361550 -0.365170
786 0.595600 1.087940 -0.316930 -9.129200 -11.615440 -60.160900
787 1.190320 -0.788520 2.499910 117.768230 57.951050 -15.293330
788 2.745200 -0.645960 -1.454810 77.680910 88.274730 3.713820
789 -1.660660 -0.363310 -1.826190 46.950930 47.904500 61.999310
790 -1.652220 0.373680 0.170440 -13.345790 44.583190 57.968720
791 1.521330 -0.790700 0.480950 -53.525530 -8.332690 -9.950850
792 0.150750 1.051840 -0.047470 11.370440 -35.307660 -37.445300
793 -0.620580 0.747830 -3.055250 52.393830 120.828400 22.120850
794 1.199600 -0.469230 2.846320 74.176650 69.398390 -56.495440
795 1.588080 1.269380 1.184970 58.412590 129.245360 -69.842970
796 0.377790 -0.081440 -1.952000 -4.241390 122.046870 -5.928540
797 -0.067140 -0.117580 -2.350560 -18.554330 121.118450 33.331640
798 -0.558820 -1.092780 2.015600 57.955920 82.159930 66.803670
799 0.943540 0.040340 0.155780 10.595050 23.213070 -57.227910
800 -1.838010 0.805760 -3.001350 82.331470 52.939190 5.365650
801 0.325590 0.243100 -1.025980 -50.218110 67.834220 -42.377590
802 -0.319990 -0.156120 2.602670 72.978120 118.418170 31.429690
803 1.659770 0.759750 -1.733770 9.507280 43.799740 -104.992740
804 0.984110 -0.997930 1.955180 108.321150 6.087620 -18.579100
805 -2.006110 0.311590 -1.691930 54.601160 125.038190 35.173370
806 -0.503190 0.217300 -2.996210 36.722110 137.331390 34.891880
807 -2.744940 0.954580 2.718670 41.268020 -10.981010 11.015770
808 2.212630 0.947760 2.833560 5.059470 20.603940 -80.119780
809 3.002470 -0.252330 1.793690 -25.953780 -8.085320 18.504160
810 1.046000 1.496550 -0.763400 53.015030 4.414740 -34.534140
811 -0.091350 0.057420 -1.036680 -79.482130 44.682060 15.261200
812 2.876980 0.658380 3.003380 38.285790 -34.903150 -42.229670
813 -2.248420 -0.039610 2.339420 32.432510 -11.450710 64.898070
814 -1.925930 -0.232280 -1.341370 71.353000 99.939830 61.166230
815 0.843630 -0.404710 0.535360 -15.447460 -0.256730 -17.798400
816 1.285440 -0.633220 2.988210 112.440140 51.603160 -29.845680
817 -3.010510 0.876700 0.492380 -41.168080 133.895170 -33.026230
818 1.260880 -0.899370 -1.187480 -39.412610 133.990920 -24.858310
819 -1.795340 0.346760 -0.691850 -1.879120 92.007840 32.988480
820 -1.687090 -0.227390 -1.820980 48.994700 95.195380 88.357310
821 2.123540 1.204990 0.873670 25.935070 119.346450 -30.106590
822 -1.858340 -0.780450 1.958090 -3.467650 91.729730 58.758680
823 -2.326620 -0.100870 1.908550 -14.360640 -9.050460 27.836480
824 -2.576270 -0.106310 2.829100 52.220340 -33.124270 21.699710
825 -1.805010 1.263310 -1.556560 19.969570 125.716250 -20.795010
826 0.366200 0.810300 0.484190 61.359530 -11.251130 -65.718380
827 0.889620 -0.291850 1.278180 72.552290 -19.511330 -54.768080
828 -0.222110 0.542830 -2.657480 35.110540 160.240450 -11.087810
829 -1.873620 0.670300 -2.500420 87.241320 100.235680 16.425420
830 1.733940 0.578790 1.540410 -0.609120 52.302210 -65.221610
831 0.754230 0.704630 1.234420 89.786480 50.892420 -47.503670
832 2.634160 -0.106420 0.979320 -72.504800 54.275200 -33.405790
833 -0.125040 0.639580 1.032310 52.691860 13.871070 -9.747570
834 0.351570 -0.741740 -1.620540 -58.172070 117.090970 8.673240
835 0.226000 -1.514560 -1.913110 -13.733210 99.901750 36.242690
836 2.163720 0.397440 -0.482400 6.907550 94.850340 -59.965240
837 2.479090 1.058300 2.375660 -51.856500 27.831080 -57.846040
838 -3.045190 0.144020 -2.414960 84.439900 50.466290 3.357140
839 3.010940 -0.106940 -2.487240 74.577980 24.300290 -20.323340
840 -1.836210 0.501380 1.453200 6.658000 -11.214390 17.316520
841 0.062530 -0.331890 1.646420 122.055380 22.767660 11.505220
842 -0.098610 0.049700 0.778700 29.594000 -20.220080 -6.120010
843 -0.018650 -0.057980 3.037160 71.549140 104.897590 32.828000
844 0.665320 0.135460 -1.235530 -55.339150 52.372580 -58.358470
845 1.298820 1.117580 3.072190 -15.043520 88.214880 -34.687770
846 -1.971690 0.294420 2.390490 48.441980 -14.008950 72.518130
847 -1.491060 -0.266490 2.170410 21.170360 15.686360 79.717640
848 -1.505780 0.629210 -0.327010 -19.710980 77.070520 37.805050
849 3.058820 -0.116610 2.853040 31.225010 -40.031260 -9.553600
850 0.407230 1.522250 2.559960 55.896870 111.545900 -61.882180
851 -1.371090 0.958350 -2.076550 77.558640 140.044270 17.495320
852 -0.548460 0.629740 -2.643180 63.447580 117.914900 3.848070
853 -0.953210 -1.118170 -3.054900 -20.931190 97.681620 87.074710
854 -2.004990 -0.608570 2.639230 -17.949700 31.167070 89.420850
855 -0.188410 0.959050 2.050880 100.505600 70.122640 1.849210
856 -0.439810 -0.346870 -1.095370 -23.089780 32.468540 63.756100
857 -2.669650 -0.686570 -1.589560 71.279760 58.570950 67.524260
858 2.139260 0.904310 2.018970 3.618520 51.373930 -60.988630
859 -1.741750 1.185110 0.223650 -37.706990 36.267830 -12.955920
860 1.288210 -0.197940 -0.080670 -33.613330 37.328730 -80.285800
861 1.841050 0.825690 0.040870 72.098560 72.446190 -87.518070
862 2.803750 -0.916300 1.873380 -30.633590 7.783050 37.733250
863 -1.901790 0.496930 -2.909660 83.122280 26.306480 21.871480
864 2.890440 0.767480 -2.268290 64.180380 10.511060 -26.420180
865 1.746700 -0.080210 -0.090710 -33.826440 61.191110 -44.550380
866 -0.351060 -0.470530 -0.869360 -56.183160 44.853210 31.989030
867 2.077030 1.157440 0.146690 69.173900 116.679630 -59.161980
868 0.837110 -0.490230 2.100830 97.248970 16.929680 -9.796820
869 2.282160 -0.245890 1.700460 -15.798680 23.614350 -60.146440
870 1.068360 0.520460 1.027200 47.315900 35.366400 -42.789550
871 1.455390 -0.798140 -2.022880 32.625840 136.454860 5.795850
872 2.759080 0.018870 3.045210 46.754200 -30.561710 -45.831220
873 0.670440 -0.614170 -0.099980 -38.384300 -23.903780 -2.036170
874 -2.185370 -0.338220 2.298620 -2.347680 19.528260 37.344090
875 -0.472970 -0.243570 0.487280 21.463570 -29.929750 44.188610
876 -0.522690 0.045160 -0.121720 -23.283350 5.092530 8.863190
877 -2.807440 0.511110 -0.503150 5.584660 155.931760 11.715070
878 2.334640 -0.170230 -2.175500 89.753230 40.820000 -42.667230
879 0.391110 0.338970 1.379620 70.116700 41.578720 -37.548080
880 -2.122370 0.668190 -0.901570 32.507050 115.922110 14.184040
881 0.466630 1.059600 -1.617730 -26.565430 72.041240 -57.399450
882 -2.907740 -0.105170 -1.238440 57.258630 112.186330 32.158070
883 -0.278430 -0.750210 -1.851410 -20.534300 96.928600 27.948620
884 1.625610 -0.854870 2.215300 62.584290 -14.588030 4.478830
885 -2.379650 0.036630 0.770950 -48.093000 51.757620 58.622330
886 -1.265040 -0.091830 1.098730 42.118270 34.190410 55.424630
887 0.813490 0.879920 2.294530 54.324120 120.364350 -76.045270
888 -0.687810 -0.215820 1.871350 94.509770 41.858890 28.854460
889 -2.003560 1.482570 1.815950 24.962970 -1.936510 -33.865520
890 2.810510 0.591610 0.993300 -53.921070 65.283690 -25.475560
891 1.727890 1.339820 0.326110 67.410500 81.477940 -72.915060
892 -2.335300 0.049950 0.652960 -50.911910 80.882210 67.056560
893 0.643210 -0.621310 -2.337980 33.091290 146.231170 -25.780730
894 -2.822740 0.727070 2.229520 -18.726170 -19.377960 14.161770
895 -2.344090 -0.134220 -0.225320 23.427830 93.702320 64.352470
896 2.260920 -0.506590 -0.989870 32.014550 134.055730 -6.729030
897 2.640740 0.530630 -3.054220 60.852500 -6.952560 -36.268220
898 0.867450 -0.471530 2.357400 91.583920 52.757880 0.983240
899 -2.805430 -0.498550 -3.116580 30.585500 -12.732380 19.572000
900 -0.375270 -0.432900 -0.027450 17.770850 4.027070 64.204930
901 2.731070 -0.999080 -2.183850 95.103450 64.217150 -11.633240
902 2.969560 -0.061350 -1.795070 122.964840 76.953810 -21.460610
903 -1.722100 1.314690 -1.797090 66.200160 145.267640 -5.822370
904 0.963080 -0.795800 -1.873550 14.496140 129.797990 10.684150
905 0.476770 1.117950 1.380280 99.484950 77.178910 -53.337630
906 -0.055430 0.702230 -2.863440 34.876470 118.906750 -38.111740
907 -0.069090 -0.873640 -2.194820 -5.445220 120.402600 36.193690
908 3.063480 0.354640 1.731510 -66.225590 11.376990 -14.639720
909 -2.782360 0.593140 2.318000 -14.717200 -41.302670 -12.200350
910 2.195490 0.876040 -2.496900 2.905890 26.034020 -61.128940
911 -2.856050 0.163990 1.391840 -30.901780 20.340580 -5.162350
912 2.430710 0.541470 1.876880 -2.006060 49.621070 -80.423180
913 -1.616260 0.554930 2.422650 83.013070 -9.006980 59.332230
914 1.116410 -0.211520 1.101430 37.133370 14.800140 -74.198030
915 -0.242550 1.073230 0.983660 56.057450 -2.392510 -46.829570
916 -1.185020 -1.123030 0.203160 76.925750 61.659760 41.094310
917 0.106610 -0.476120 2.194390 78.580880 76.491970 32.099930
918 -3.055130 -0.316530 0.785190 -39.805960 99.630180 22.306720
919 0.944760 0.513860 2.347060 51.921200 73.903080 -88.916340
920 0.915610 -0.101950 -0.076000 -41.045300 26.567580 -54.243840
921 -2.506640 0.453580 0.275590 -61.002720 104.865520 29.135230
922 1.110080 0.038710 0.899700 7.206610 2.647940 -66.701910
923 -2.723050 -0.504120 -1.296740 82.116960 121.481200 45.298050
924 -1.340970 -0.138230 -0.236870 -10.041990 60.757710 49.604720
925 -1.620420 0.456190 1.256430 14.412840 -17.078560 38.229700
926 2.485630 0.512670 0.140790 -6.724540 90.180630 -50.563050
927 3.132530 -0.671260 2.202060 0.572350 -16.062690 40.880150
928 1.205550 1.541810 2.100130 3.481500 109.527330 -50.816030
929 0.940510 1.113020 -1.976360 -43.025760 32.330910 -73.207870
930 2.309380 -0.481350 -1.326580 43.299380 148.780200 -53.837500
931 0.230160 0.041190 -1.332890 -46.017620 95.550030 -3.220210
932 -2.915610 0.102720 1.553530 -42.612200 30.868660 -21.419300
933 1.830240 0.023440 -0.449820 -25.779360 70.871050 -85.106220
934 1.431860 -0.476760 -2.445380 41.530490 100.532640 -50.890600
935 -0.013990 1.117900 -0.805740 -67.438700 27.041480 -9.477020
936 1.277630 -0.373690 0.631200 -26.636450 2.782090 -31.086630
937 -1.588940 0.493150 1.895470 15.435520 -27.003450 56.893740
938 -1.601250 0.861280 2.213990 60.608650 2.780190 43.583790
939 1.147050 -0.857210 -2.609450 78.652930 139.390990 -0.931330
940 -2.729440 -0.105580 0.520900 -51.430500 79.573430 32.682280
941 2.215480 -0.857540 1.251700 -57.716750 -7.102050 -12.215510
942 3.037590 1.168000 0.279080 -25.538510 121.100250 -39.769910
943 2.530990 -0.236690 2.190630 13.318920 -24.718710 -65.281170
944 2.426470 0.345910 -0.524180 23.569280 107.149690 -90.485210
945 2.853240 0.175750 0.829880 -60.430700 86.462810 -55.852620
946 2.196950 -0.438630 -1.374390 67.743730 112.622760 -55.034910
947 -1.261640 -0.984340 2.881980 -18.308050 75.509850 98.855990
948 -0.215260 -0.446760 -2.773770 14.952340 108.919820 48.118390
949 -0.669740 -0.175190 1.477490 93.816860 34.587210 42.951360
950 -0.302250 1.386370 0.543250 8.854300 -23.115080 -12.372800
951 3.058000 -0.739350 -1.593800 119.017850 96.755310 15.205920
952 -2.126760 -1.281970 -1.346270 103.870990 27.816120 56.927770
953 -2.021180 -0.714480 -1.018660 38.777820 57.952890 58.615610
954 0.226080 0.744950 0.271210 52.678020 -16.044330 -37.417300
955 1.164070 -1.163120 2.595660 127.815860 49.312480 19.995600
956 2.950420 0.183030 -2.054660 84.171520 51.516800 -48.397980
957 2.090040 0.173560 0.597990 2.197620 77.920340 -53.309960
958 2.276800 -0.689300 -2.429610 87.918600 85.294170 -40.390010
959 -2.408560 0.105370 2.882820 66.657190 -0.042850 56.703390
960 -1.997680 -0.785150 -0.720220 75.210700 56.267530 52.774280
961 -2.141300 -0.252270 -1.982330 80.483110 56.441460 88.305050
962 1.417800 0.399920 -2.096930 5.256820 99.685550 -92.502020
963 -1.960540 0.103830 1.854140 -11.818340 -14.829930 65.718210
964 -1.269790 -0.455470 2.916000 4.710950 63.366290 76.847590
965 1.603630 -0.100900 -2.322950 75.957550 83.119440 -64.229580
966 -1.298960 -0.019190 1.533240 17.291980 40.795910 78.407390
967 -3.096470 -0.276860 1.817790 -53.273270 -2.364710 29.230180
968 -2.133650 0.692270 -0.575470 -6.523970 155.346530 1.726610
969 -2.238770 -0.505700 1.891990 -32.685630 29.439220 38.086020
970 -2.726890 -1.159440 -2.525290 60.252310 -25.907890 36.241210
971 0.287330 -0.018090 0.093690 -21.536560 -35.081380 5.384580
972 1.303470 -0.794780 1.434190 61.876050 -13.921140 -13.424020
973 1.048250 0.871370 1.003190 74.461980 32.201840 -87.031510
974 1.452360 0.433820 3.082300 51.758030 64.888500 -91.141980
975 -2.177710 -0.892360 -1.536330 42.603480 26.955250 60.095620
976 0.663070 0.717150 -2.977030 9.347890 129.978520 -72.787630
977 -1.798290 -0.777590 0.177520 36.669260 95.594270 101.318820
978 -2.008790 -1.212780 0.242400 53.521890 85.877660 75.842930
979 -1.685290 0.015260 -0.155230 0.334630 97.183980 79.234140
980 1.663110 1.009700 -3.130780 -25.576360 67.393470 -95.528500
981 -2.771580 0.258690 -3.119100 85.657390 -2.353460 -6.038140
982 -0.020330 -0.467640 1.705200 103.411060 12.310950 17.182040
983 -0.759960 -0.845540 -1.857350 -41.541210 64.396700 84.741010
984 0.603010 0.142670 1.774340 77.190410 61.685590 -53.036470
985 -2.757010 -0.572140 -1.743060 96.077360 77.360350 9.682540
986 2.588810 -0.326590 1.610270 -6.888590 7.234140 -23.328440
987 0.776740 -0.392940 0.317920 -30.545390 -21.472870 -28.836380
988 -2.226940 -0.621310 0.284830 -7.320260 130.950580 64.172180
989 -0.785850 0.613070 -1.465680 -4.451660 111.565000 35.519840
990 -1.444970 -0.299110 -2.049260 -1.166470 69.221030 69.806920
991 0.800040 0.282820 -1.367420 -56.788150 74.868930 -65.902590
992 0.236730 0.554760 2.063640 97.557880 40.925060 -28.223000
993 0.225530 0.343440 2.609310 65.732280 88.533360 -12.257780
994 0.651670 1.086140 -2.549380 -16.314240 74.675250 -63.058330
995 -0.963230 0.338260 1.603830 35.079060 -8.692780 41.095230
996 2.558510 -0.620860 -2.524980 119.736730 61.263280 -6.403810
997 -1.782710 0.849850 2.052720 38.820260 5.653470 4.328320
998 1.646060 -0.297170 -2.468180 58.648420 84.986620 -30.298600
999 -1.329370 0.873680 0.824360 -43.528060 3.759180 0.368940
1000 1.037450 0.017010 0.762750 19.352750 -25.413210 -56.497610
1001 2.955480 0.223480 -0.494090 12.329620 116.497760 -11.670920
1002 1.319590 -0.097740 0.282540 2.243680 40.125110 -53.607330
1003 -0.533680 0.687100 2.526600 123.570130 48.931990 17.406250
1004 1.817070 0.283580 -1.055020 9.906370 55.815850 -75.571120
1005 -0.676890 -0.356880 2.193910 93.526540 57.529720 49.854420
1006 -2.854670 0.973100 0.828110 -75.698930 81.870380 -18.945490
1007 -0.798980 -0.874360 1.145570 69.328950 30.285770 56.197940
1008 -1.430350 -0.127130 -1.790620 12.785740 90.662970 99.594660
1009 2.804850 0.619980 -0.742730 54.404190 92.454690 -34.971980
1010 2.304770 0.589210 -0.026780 7.804910 118.190650 -47.378990
1011 0.048760 0.131770 2.197140 126.312330 58.879280 16.146230
1012 0.671020 0.530250 1.607010 73.757480 27.093880 -64.816230
1013 2.408630 0.114060 2.457740 -2.250030 13.725300 -36.905540
1014 0.825660 0.333250 -0.186500 16.486110 -1.343540 -47.959070
1015 1.986520 -0.054230 1.763200 5.899910 -3.184400 -43.249180
1016 -2.850920 0.641160 -1.167570 53.053490 114.331000 -25.269040
1017 -0.987540 0.413150 -2.496200 43.608540 99.311900 48.431520
1018 0.511170 0.333650 -0.342460 -26.819040 9.723700 -10.798700
1019 2.561900 -0.044130 1.915450 -32.553490 20.514260 -42.094220
1020 -2.272590 -0.485120 0.633710 6.284170 102.097290 50.124820
1021 1.271390 0.598290 1.106050 23.527910 52.361590 -79.658100
1022 -2.930740 -0.498120 0.042490 -8.239030 147.991780 38.652530
1023 1.316810 1.413100 3.041290 -18.983050 78.905980 -69.290680
1024 -1.184640 -0.793600 0.209580 34.585530 48.290050 55.404110
1025 2.767730 0.709490 1.630930 -20.355540 30.522990 -33.473800
1026 -0.936160 -0.147990 -1.549060 -19.308960 102.448230 46.403400
1027 -0.863030 -0.312740 1.214970 37.077040 18.736820 53.935550
1028 -0.082410 -0.213320 2.231520 96.543200 51.607260 34.878040
1029 2.673620 0.569680 -0.278520 46.415160 100.923600 -70.265530
1030 0.750540 -0.752580 0.105650 -30.373620 -32.960080 -6.434160
1031 1.304680 0.029240 -0.512110 -18.043030 58.501140 -39.944870
1032 -0.520010 -0.157700 2.344020 107.273940 71.863710 28.362520
1033 1.229560 1.157100 -1.356670 31.958000 7.552800 -51.826140
1034 -0.219120 -1.037850 3.081060 50.353660 120.463940 51.248540
1035 1.235670 -0.120820 2.291770 59.529800 40.249050 -35.518030
1036 2.987850 0.521900 -2.202610 92.540690 37.162990 0.727380
1037 -1.807100 1.016640 -0.790580 -18.569940 156.829120 7.963970
1038 2.195660 -0.869330 2.947690 64.272490 -7.045430 -21.162250
1039 -2.438000 0.410360 -1.786870 115.854540 98.609370 22.034120
1040 -2.583590 0.813800 1.703110 -58.603000 0.244150 -19.922690
1041 2.132940 -1.240610 1.055140 -16.798400 2.571800 24.511940
1042 1.384740 -0.064960 2.921100 72.682010 75.879850 -38.084160
1043 1.566120 -0.059960 0.236820 -39.140590 48.572070 -60.566430
1044 2.153140 -0.580750 -2.045630 108.982600 95.599810 -40.469020
1045 -0.186280 -0.456850 -2.641000 7.995600 110.547630 55.420140
1046 1.752050 -0.723050 -2.860850 108.851200 53.330760 -8.180300
1047 0.234050 -0.249980 2.645150 66.653230 108.632160 7.467440
1048 0.741930 0.539830 -1.995510 -27.184630 62.205070 -63.219270
1049 -1.357830 -0.001600 1.776550 30.095400 -1.973250 81.560730
1050 2.568770 0.326800 -0.586800 32.105990 140.912520 -44.082400
1051 -2.254330 -0.042530 -1.275510 43.218590 120.449260 65.745880
1052 0.913780 0.321690 2.977370 64.627950 86.111020 -74.003640
1053 -2.099300 -0.093280 -2.088520 75.806970 87.057560 45.633400
1054 -1.822750 -0.599200 -0.573040 37.322300 69.568990 48.792590
1055 2.369960 0.081700 -1.711350 58.472280 107.845550 -61.094310
1056 -2.874950 1.054990 -2.019360 100.262820 27.126010 -20.212960
1057 -1.397390 -0.042050 -0.871670 -20.909180 94.394100 87.779100
1058 1.551910 0.148040 1.917220 25.034350 56.299670 -67.513980
1059 1.885400 0.222120 -1.263910 31.989050 79.672520 -45.683880
1060 2.612570 -0.887460 -1.844210 111.730450 96.439610 16.436630
1061 -1.948580 -0.135480 -1.164090 60.605330 89.668780 46.742040
1062 0.475320 -0.421140 0.201270 -14.376580 -38.076130 -18.629330
1063 0.252720 -1.334850 -0.182350 -29.078570 -17.289200 48.217520
1064 2.462740 -0.755900 -2.335310 82.917080 62.835120 8.259440
1065 -2.145780 -0.564230 1.657580 -3.559290 70.377690 73.377040
1066 0.948520 -0.300230 -1.038150 -24.014980 67.327240 -59.575640
1067 2.021810 -1.050120 2.555110 61.001690 -12.072440 -25.010690
1068 1.424220 0.762410 -0.719020 31.199970 53.631030 -89.140290
1069 -3.088020 0.480030 -2.756010 80.294260 24.433700 -39.383810
1070 -2.289970 -0.049660 1.299450 -13.946870 48.104520 52.453820
1071 1.825640 0.621240 -2.230990 44.270790 49.705340 -63.272240
1072 -0.470650 0.971970 -1.765290 -40.751200 93.470380 -11.332850
1073 -2.557980 0.434280 -2.075210 95.028900 68.472270 -13.086890
1074 -1.450340 -1.251150 1.543250 17.844510 122.632100 35.821500
1075 -2.571380 -0.423310 -1.693180 103.373570 87.528420 44.795100
1076 0.344800 1.186660 1.192580 88.684590 50.777900 -65.274090
1077 0.936270 -0.182650 0.038010 -35.195800 28.744190 -32.600320
1078 -0.250750 -0.922360 1.490740 89.597610 21.331390 29.102660
1079 -1.719560 0.308950 1.915840 7.326300 12.260880 54.142370
1080 2.955180 -0.134290 0.452690 -37.560110 82.609250 4.773260
1081 -0.830530 0.789970 -2.177810 32.428850 121.276500 -6.803460
1082 2.297120 0.249530 -1.881840 66.321270 86.914140 -54.318280
1083 -0.869350 0.087240 -2.307190 34.050000 134.071210 62.579190
1084 2.438410 -0.006020 -2.693560 73.163580 39.332430 -23.945440
1085 -2.655700 -0.727860 1.683710 -26.678020 32.312970 66.790250
1086 -0.486000 -0.694210 -1.369880 -29.737970 57.517350 84.953840
1087 2.588920 -0.233210 2.783280 29.063870 -0.988590 -41.512700
1088 3.032790 1.187460 -0.772530 59.408760 117.252890 -9.688430
1089 -2.444980 -0.815830 0.420590 13.799130 96.264510 35.396860
1090 2.989130 -0.115300 2.112560 7.281680 -20.978820 -6.043250
1091 -0.144860 -1.044910 2.301240 93.352420 84.086400 56.554130
1092 -0.501460 0.047790 3.109900 37.281150 121.677710 32.644370
1093 -0.103870 -0.065620 0.010980 -23.598670 -0.399630 -2.831850
1094 -0.609670 -0.563040 -1.446840 -39.342860 80.139860 68.548360
1095 1.756800 -0.336190 0.236250 -48.357470 49.531640 -73.635280
1096 -1.769900 0.105520 -0.056270 -33.650590 86.257450 87.920330
1097 1.536770 -1.160230 -1.914390 38.044170 112.464780 16.148410
1098 2.575470 -0.022830 0.174020 -28.294200 108.789410 -75.061230
1099 -2.187500 -1.202280 0.509670 55.002480 98.394370 42.198920
1100 -0.416980 1.098580 1.098860 59.529750 -13.623390 10.586910
1101 -0.520560 0.045840 2.449980 102.780260 99.758540 26.376610
1102 -2.519400 -0.455850 1.996940 -11.029290 -9.167940 41.049870
1103 -1.418290 -0.060950 1.149900 -0.025510 45.757710 63.266520
1104 -0.465510 -0.748830 -0.618110 -1.103820 2.780740 24.100200
1105 -1.784420 -0.409640 0.662540 11.586140 42.554690 78.973950
1106 0.455930 1.313810 1.645350 76.675510 85.746320 -63.195240
1107 -1.833760 -0.189920 -1.025890 7.905490 95.190220 74.142340
1108 1.084030 -0.155560 -1.208450 -6.163800 96.808010 -69.676570
1109 -2.612290 0.429040 -2.724900 92.267100 1.986810 32.778450
1110 0.052070 0.810740 0.441350 45.217290 -0.787000 -31.126100
1111 0.900990 0.773810 2.477500 70.329670 116.243320 -70.604880
1112 0.204960 -0.337210 -2.679510 33.522740 120.994550 -18.590500
1113 0.968400 0.499620 1.408240 79.002320 52.401900 -92.087620
1114 -0.977900 0.902840 2.824440 87.522350 52.822810 -4.685430
1115 0.931530 -0.413110 -0.830450 -52.875630 91.115640 -47.870410
1116 2.589030 0.488700 2.012150 -0.478810 4.500790 -55.948570
1117 -1.658570 0.308270 -0.091690 -47.305700 71.009000 74.945860
1118 -1.435900 0.723540 0.404080 -45.535150 0.330830 15.884980
1119 -1.053390 0.219130 0.280370 -38.476580 4.501080 65.577770
1120 3.013520 1.054440 1.072890 -25.042690 71.526790 -53.871930
1121 -1.734600 -0.365300 -2.983480 37.478950 38.750830 103.172730
1122 -0.530960 -0.486600 1.493010 75.559570 43.665420 24.691940
1123 1.646330 -0.759740 1.561610 39.257480 -8.292750 -46.856100
1124 -0.926770 -0.200230 2.433680 80.668320 47.946120 61.007840
1125 1.289500 0.298440 -2.203660 11.894740 99.877940 -49.566290
1126 -1.193390 0.785740 -2.882000 117.969340 88.902890 31.067720
1127 0.258210 -0.295050 -1.503380 -44.898750 80.996990 -30.479200
1128 1.330310 0.048630 0.756160 17.790960 29.101880 -43.548600
1129 2.239320 -0.643270 -0.216020 -47.810130 128.077610 -14.243990
1130 -2.926860 0.956760 3.000080 48.128280 -30.006680 -51.487680
1131 -2.466200 0.222570 -2.278050 119.029910 30.845370 20.818660
1132 -0.644570 -0.453820 0.181930 19.608220 25.025280 41.830720
1133 -2.308940 1.089690 -2.169900 81.352190 61.206210 -3.402610
1134 1.270990 -0.644820 2.827200 89.076060 56.116500 -56.201340
1135 1.342850 -0.282840 -2.827570 54.959140 73.091770 -45.347000
1136 -0.017780 0.369850 -0.405220 -20.688080 17.308120 -2.564870
1137 2.486300 0.550190 -1.469170 52.985080 56.122790 -51.058910
1138 2.975060 0.383390 2.238140 8.663360 -4.287640 -19.473090
1139 -2.256330 -0.757850 2.470750 -34.409050 15.310650 78.149570
1140 -2.457400 -1.033530 1.708490 -23.412210 65.990710 77.023610
1141 0.897880 -0.703450 -1.834100 18.521690 118.988140 -30.504840
1142 -2.813150 -0.418100 -2.559560 65.813870 35.175180 32.567620
1143 2.684660 0.095350 0.709250 -58.391930 80.810600 -61.947760
1144 2.821960 -0.491130 -3.122900 93.109210 5.129870 -19.595480
1145 -0.212340 -0.920350 0.896280 58.618260 -4.231910 21.049030
1146 -1.195350 0.661140 3.052200 71.167700 69.228960 22.989730
1147 2.993880 -0.799220 -3.046470 70.581020 -3.280810 41.669300
1148 -1.286180 0.017190 -1.259350 -20.345500 100.556170 57.347660
1149 0.064380 0.603420 -1.822780 -39.463720 119.080920 -42.795860
1150 -2.766150 0.416130 2.906940 26.289070 -30.053650 -11.421260
1151 -1.513270 -0.996440 -2.490740 0.716720 10.831760 53.883410
1152 1.052390 0.601950 -1.422210 -9.245720 42.181530 -97.817370
1153 -0.458180 1.194070 0.679430 19.495680 -34.328490 -42.618050
1154 -0.747520 -0.333390 -0.079860 6.399730 22.412910 95.091450
1155 -0.125020 -0.182920 2.841000 102.588940 109.181020 32.021530
1156 2.226740 -1.539140 1.377310 -14.189540 -22.294840 24.476660
1157 -0.079020 0.418570 0.235220 -4.727070 1.965640 -14.937240
1158 2.303080 1.010590 -1.756750 75.049960 35.285870 -77.380380
1159 -3.064790 1.261800 -0.268880 46.919770 120.777910 -13.250850
1160 -0.952050 -0.287860 -0.426190 -24.196690 23.577890 49.561520
1161 1.610370 -0.323850 0.342920 -19.512130 55.388390 -69.867720
1162 -1.281480 -0.773920 1.843860 10.529590 92.413450 66.966710
1163 -0.476500 -0.102560 0.585440 12.058530 9.713650 42.926930
1164 1.216470 -0.456210 1.955350 60.965020 -9.656270 -46.013070
1165 2.054760 -0.593710 -1.958730 50.125020 104.107600 -37.532690
1166 -0.305800 0.109880 -2.559150 7.021350 155.098390 33.953750
1167 2.676170 -0.408660 -0.793220 16.899830 129.284990 2.193270
1168 -0.294100 -0.471110 -2.873330 51.661930 119.032200 31.591610
1169 1.457090 0.371170 0.121730 11.103170 13.866670 -70.792130
1170 -0.051030 0.033300 -2.369340 23.560490 122.850910 22.020160
1171 -0.873430 -0.039630 -1.908590 2.457510 116.317500 35.114640
1172 -1.093140 1.307830 0.206100 -44.095550 9.007220 -44.593570
1173 2.250070 -0.156120 1.577520 2.842600 19.818550 -40.642300
1174 -2.657810 0.311680 -3.083560 86.703870 4.725050 21.824530
1175 1.660770 0.731050 -0.384030 52.053680 51.232970 -105.719500
1176 1.961540 -1.296540 1.248980 -25.741690 19.467860 3.483800
1177 3.089450 0.763610 0.043810 1.382980 101.599350 -30.207000
1178 1.572380 -0.857740 -2.632980 73.678090 99.921980 6.973880
1179 0.981460 0.302210 -2.803980 48.032940 121.631530 -72.452290
1180 -2.390120 0.462760 -0.863350 19.651720 122.545330 2.504600
1181 -3.079240 -0.571030 -2.262450 79.779470 41.283800 3.571540
1182 0.375590 -0.376340 1.078040 45.063840 -0.392540 12.542090
1183 1.407450 0.298910 1.654770 46.483240 50.346790 -103.090340
1184 1.385050 -0.919360 -2.581790 92.507190 102.589250 8.669990
1185 1.967510 -1.144210 2.011870 64.342570 -39.846290 8.386870
1186 -0.576560 -0.778140 2.422910 41.538260 84.667800 75.668610
1187 -0.429680 -0.930340 -0.388780 -9.050580 -13.169190 68.716020
1188 1.509120 0.511310 -2.699840 0.627510 92.886440 -82.079960
1189 0.927790 -0.123630 -0.782370 -15.244770 59.744350 -45.654830
1190 -2.411870 -0.287950 2.222990 -16.307220 30.375690 59.397360
1191 -2.559320 -0.176040 -2.323480 66.724150 24.772760 54.604260
1192 3.138740 0.120670 0.063940 8.840490 119.345870 -3.618520
1193 -2.067960 1.010880 -2.639950 87.142010 80.932790 1.698620
1194 -0.224860 0.196080 2.471490 79.992200 92.476700 -7.164010
1195 -0.989300 0.833670 1.715430 80.260280 -32.660030 28.149370
1196 -1.143400 -0.575510 2.757950 29.125380 64.140410 55.015030
1197 0.335970 0.314310 -1.593010 -21.551440 91.787930 -42.528680
1198 -3.057300 -0.004560 0.977890 -45.164710 47.028300 -17.165140
1199 -0.527530 -0.022950 -1.701180 -55.952740 101.154110 44.437040
1200 -1.957840 0.043130 -1.016320 19.115840 109.884830 88.415280
1201 1.885600 0.308510 0.375440 23.435770 79.227170 -86.023230
1202 0.398470 -0.789860 -2.228900 -11.757740 113.622480 -6.570090
1203 0.167570 0.087550 -1.624880 -55.678380 125.863580 -1.942510
1204 1.445600 0.827430 -1.689330 1.562490 17.552780 -94.814700
1205 -3.133350 -0.638200 -1.499660 112.729870 111.223360 -0.253670
1206 -3.136340 1.478450 -2.435630 57.680680 27.220580 -31.295640
1207 -0.298650 1.475720 -1.238840 -61.404050 60.623370 -53.932650
1208 -2.927440 -0.044210 -1.614830 110.312700 93.213760 34.641660
1209 -0.572040 -0.260300 2.624300 55.730870 111.670950 44.116010
1210 -2.175000 -0.028160 -0.712620 -0.076180 113.421330 63.050430
1211 -1.197690 -0.517980 1.482480 30.520190 59.916680 108.157840
1212 1.265810 -0.597050 -1.856010 22.574450 150.374570 -45.524480
1213 0.777830 0.014240 -2.961280 60.029080 139.791690 -38.003610
1214 -0.450500 -0.182070 2.054450 102.108350 43.698600 26.012990
1215 -0.342650 -1.194200 2.910690 32.932430 133.269490 15.953230
1216 -2.641740 0.987870 0.616920 -65.900000 93.218810 -37.755110
1217 -0.275510 -0.214490 -2.246250 -31.115010 112.551450 22.332370
1218 -2.376020 -0.811210 -1.395990 77.402890 45.468760 36.551070
1219 0.217840 0.485200 -2.228050 3.103350 102.542470 -16.668030
1220 1.376150 -1.346720 2.980120 122.358830 55.931480 4.293470
1221 1.830940 0.187650 -1.701320 20.916530 66.007930 -61.813890
1222 -0.096900 0.185210 0.555520 5.350930 -37.989270 23.777100
1223 -2.369600 0.666000 3.097760 63.519210 2.712180 -10.159700
1224 0.456260 0.465490 1.456810 94.324330 30.609430 -12.154340
1225 1.800180 0.230550 1.388590 2.279770 41.830590 -46.832030
1226 2.914060 -0.122730 -1.478350 105.769550 113.168460 -17.481490
1227 0.163040 -0.357120 -0.657090 -74.402600 19.577710 10.630330
1228 -2.409580 -1.004050 -0.472110 66.414620 81.765980 33.639610
1229 -0.861470 0.584800 0.762980 -6.306580 -38.867830 26.076850
1230 -1.340340 0.282390 2.822790 71.833920 55.945010 31.592200
1231 0.199040 -0.068780 1.778990 81.364300 33.667780 15.067710
1232 2.018060 -1.344460 0.955260 -18.406130 17.346280 25.399740
1233 2.232120 1.323790 0.481120 36.565160 96.997990 -35.118630
1234 -1.101380 -0.348530 -1.385930 13.656550 53.178920 61.019350
1235 -0.054740 0.964030 -3.082640 57.281320 138.216860 -51.552810
1236 0.878670 -1.224830 -2.880320 69.434150 133.040530 48.309780
1237 2.640660 -0.631400 -1.457820 64.188670 100.548610 -27.662910
1238 0.453140 0.219190 -2.336440 -11.842080 151.058490 -40.581620
1239 -0.608250 -0.451590 1.436160 87.472230 48.163490 28.045740
1240 -1.328630 0.710860 -2.513900 61.880630 87.834350 26.308150
1241 0.243160 0.266040 -3.105580 74.550430 140.154710 -8.429490
1242 -1.647500 -1.319490 -0.578540 68.356440 61.053030 58.093170
1243 2.549300 -0.753610 -1.145270 38.014600 113.047840 5.684530
1244 -0.145990 0.722920 -1.544420 -71.513390 95.601970 -8.488010
1245 -0.885870 0.793790 -3.051200 112.824270 107.217440 2.110900
1246 2.587080 0.654050 1.966800 -10.274590 44.264280 -48.464930
1247 1.682100 -0.625990 2.738670 79.731920 47.738150 -46.187310
1248 -0.808600 1.032790 1.246890 24.697990 -20.180000 -22.672920
1249 1.410140 -1.177780 3.039390 106.610030 50.225890 28.596660
1250 2.223630 -0.435280 -0.363580 -5.622840 103.622730 -62.193590
1251 -1.923250 0.981560 -1.891040 53.818360 132.271390 -1.772850
1252 -1.452860 -0.749130 -0.221370 55.551870 58.143230 50.172710
1253 2.841010 0.752970 -2.622840 48.363960 23.853520 -58.382090
1254 0.051000 0.181660 -1.520550 -37.563210 102.463040 -26.940700
1255 2.017480 -0.009510 -0.917830 39.562910 84.322250 -66.994610
1256 -2.033690 0.219910 2.454160 14.724510 5.050030 51.028380
1257 -1.128410 -0.853570 0.812740 55.120620 85.128180 63.949480
1258 -1.716010 -0.124610 0.633770 -23.478360 57.969910 49.488980
1259 -2.133560 0.155930 -0.057930 -36.602320 128.041990 42.208990
1260 -1.395700 -1.057960 -3.041250 -1.063020 36.789510 81.384320
1261 -2.771740 -0.398000 2.586730 14.852790 7.821040 40.352110
1262 -1.229500 -0.154300 -2.461550 44.561850 99.744260 51.392450
1263 2.875300 0.301580 3.040900 23.661660 -27.425210 -27.030370
1264 -1.621390 -1.275450 2.314550 -0.287890 81.205350 42.130680
1265 -1.048970 0.824540 2.272640 97.637600 32.773380 41.535080
1266 0.453270 -0.353760 0.401060 0.674360 -39.007140 -28.625560
1267 -1.545650 0.829910 -1.280210 -16.845150 114.871440 33.247380
1268 0.262760 1.343770 -0.021100 31.091680 -30.736880 -53.283650
1269 -2.251000 -0.417100 -0.653100 26.555120 118.509990 43.805730
1270 -1.876290 -0.309070 -2.775170 43.646810 12.716940 59.018410
1271 -3.099890 -1.150420 -2.209830 76.972300 6.387910 17.815410
1272 1.235480 0.855010 0.918390 48.780770 36.480500 -63.629440
1273 -1.208870 0.113580 1.058410 34.380250 -3.697900 43.418470
1274 -1.961770 -0.671180 0.150200 16.438100 73.962880 55.587240
1275 -0.760340 -0.250740 0.395570 8.191300 -11.273400 75.359920
1276 -2.877470 0.613950 -2.187740 86.597140 49.559850 16.484120
1277 -1.976580 -0.663950 0.859950 -15.674840 74.694430 59.344260
1278 -1.026590 -0.748200 -1.959390 7.893270 63.440850 89.854460
