1	30.45	-26.21	-20.01	9.92	-6.12	22.73	0.00	8.25	0.00	6.58	-0.24	3	8	23	0	10	20	14.75	10.25	1899.40	-6.23	-2081.90	
2	30.90	44.31	-21.64	10.89	16.62	16.37	-136.01	95.56	-28.36	59.29	-0.75	15	13	18	0	4	2	14.13	20.27	1418.70	17.81	-1587.00	
3	35.70	17.14	-9.20	3.33	-5.23	23.51	-11.48	33.94	-18.80	29.67	0.00	13	6	21	0	6	12	15.55	20.93	1790.30	-10.07	-1875.20	
4	26.37	10.07	-13.16	12.21	9.45	20.59	-37.99	0.00	-3.22	0.00	0.00	7	14	26	1	7	1	11.10	10.39	1682.70	31.70	-1741.30	
5	44.67	14.88	-13.52	3.67	5.86	19.15	-77.04	88.18	-34.33	14.57	-0.79	8	8	18	2	9	5	9.32	11.82	1584.90	11.05	-1707.00	
6	35.75	6.83	-15.69	7.74	-5.43	16.89	-41.64	119.69	-27.81	25.56	0.00	14	3	17	0	6	17	16.47	19.69	1722.80	12.45	-1750.40	
7	34.83	-11.98	-16.28	4.62	0.56	18.02	-4.51	0.00	-6.41	5.21	-0.40	6	7	18	0	7	12	13.67	16.15	1801.10	8.93	-1957.00	
8	30.90	43.81	-21.30	13.51	10.46	18.33	-64.39	101.03	-33.92	44.99	-0.24	18	3	25	0	9	8	18.56	27.62	1888.10	7.19	-2145.00	
9	36.27	28.84	-21.16	4.37	16.18	21.03	-305.31	121.82	-62.03	83.66	-0.60	19	8	23	1	7	2	8.99	17.13	1710.90	-3.95	-1795.60	
10	22.07	13.83	-17.08	10.09	-4.54	17.50	-54.40	86.82	0.00	33.45	0.00	4	4	24	0	14	14	7.43	16.91	1634.40	-11.47	-1813.90	
11	42.83	6.47	-13.54	3.30	-0.79	21.04	-9.62	38.40	-13.26	13.98	0.00	4	7	9	4	18	7	-0.29	-5.03	1708.00	23.04	-1720.40	
12	42.50	1.54	-16.48	12.15	-7.84	21.79	-12.07	55.76	-9.65	24.09	0.00	8	4	15	0	12	21	8.42	2.04	1572.90	-18.41	-1495.60	
13	32.30	-20.26	-16.65	8.36	-2.60	18.24	-40.23	0.00	-12.45	0.00	0.00	8	6	21	0	4	19	16.45	17.85	2054.70	18.01	-2151.60	
14	31.63	8.74	-19.03	13.01	17.41	20.29	-130.48	42.25	-44.66	9.22	0.00	14	12	16	1	4	2	15.44	17.63	1475.80	13.35	-1549.90	
15	28.13	12.71	-16.32	10.57	7.28	20.69	0.00	11.87	0.00	7.76	0.00	9	7	20	0	5	13	11.76	15.37	1645.70	23.40	-1664.90	
16	36.29	36.67	-16.66	9.79	7.64	22.39	-43.05	65.03	-28.05	37.54	0.00	12	7	23	0	5	5	20.97	20.80	1702.10	22.66	-1685.00	
17	26.93	-6.07	-16.96	9.91	2.89	19.90	0.00	10.71	-4.81	3.32	-0.33	11	14	20	1	14	9	10.33	9.34	1941.50	34.00	-2034.20	
18	36.46	15.09	-17.55	3.82	7.25	20.42	-6.97	60.85	-19.99	13.11	-0.85	6	4	23	0	7	9	17.44	18.47	1594.80	4.11	-1635.00	
19	30.61	38.71	-15.68	5.12	11.04	17.62	-53.21	153.81	-24.03	19.58	0.00	8	6	24	0	9	6	6.51	16.35	1500.30	-21.13	-1617.10	
20	44.04	-33.46	-15.91	8.86	-9.13	19.91	-3.60	42.78	-5.46	4.97	-0.98	7	7	14	2	10	18	3.87	-6.11	1843.50	28.55	-1881.60	
21	44.57	-31.97	-16.23	6.30	-4.04	22.84	-3.71	0.00	-5.79	4.96	-0.26	5	7	15	3	12	14	4.07	-1.47	1619.90	21.37	-1670.50	
22	43.44	18.60	-16.84	10.79	-0.41	26.66	-16.03	68.99	-14.92	25.89	0.00	7	6	25	1	7	11	14.11	14.99	1732.90	-14.99	-1733.30	
23	43.42	-1.57	-14.05	9.27	-0.72	19.31	-23.81	28.18	-5.82	4.79	0.00	5	11	9	6	7	10	1.05	-2.85	1720.60	19.08	-1771.50	
24	41.23	-27.09	-17.51	9.71	-9.92	20.28	-19.99	7.04	-18.84	7.49	-0.84	3	6	12	0	9	18	3.73	7.44	1503.10	-26.78	-1522.70	
25	39.86	1.51	-20.29	3.65	6.49	20.26	-193.17	126.53	-42.20	35.44	-2.08	11	7	28	1	5	8	4.31	14.54	1612.00	-20.58	-1661.60	
26	38.37	20.69	-20.63	5.19	11.24	20.04	-168.05	120.97	-44.53	39.18	0.00	15	9	20	0	8	12	10.79	16.21	1734.80	-17.72	-1788.20	
27	31.42	4.74	-20.87	11.58	3.68	16.88	-120.94	87.98	-29.08	34.37	0.00	14	8	15	0	8	14	14.33	19.16	1856.60	-0.70	-1978.40	
28	33.04	15.92	-14.63	4.12	11.43	26.70	-102.17	0.00	-28.27	29.08	0.00	13	5	24	0	8	11	8.27	17.99	1663.70	-19.48	-1866.90	
29	31.17	8.98	-17.81	14.02	-2.64	16.85	-3.72	2.86	-5.62	34.21	0.00	7	4	18	0	12	19	5.79	17.02	1634.80	-28.23	-1827.20	
30	38.84	-5.83	-18.16	12.54	-2.82	19.84	-94.89	70.36	-23.97	16.15	0.00	9	6	15	0	9	13	7.55	8.70	1641.40	-2.93	-1697.90	
31	36.77	43.23	-19.35	11.20	5.36	19.86	-47.31	190.09	-37.49	27.29	0.00	13	4	20	0	7	4	13.68	15.22	1767.30	5.04	-1849.20	
32	19.90	32.54	-12.33	8.58	5.41	20.23	0.00	21.75	-10.63	20.93	0.00	10	3	27	0	5	12	6.35	14.65	1719.70	4.56	-1952.80	
33	40.84	-0.04	-16.34	5.52	5.29	20.90	-59.66	9.82	-16.85	20.19	0.00	9	7	16	0	6	8	13.03	15.53	1677.70	-3.61	-1800.90	
34	43.86	23.77	-12.84	6.60	4.07	23.68	-63.38	72.58	-17.95	25.71	0.00	10	5	12	0	11	12	3.70	12.26	1379.10	-23.60	-1337.40	
35	33.27	34.83	-13.71	6.01	3.42	25.56	-9.54	43.75	-15.64	34.10	0.00	7	5	21	0	6	5	8.60	14.48	1468.40	-6.31	-1706.20	
36	23.59	47.80	-16.09	7.40	9.68	22.83	-5.54	86.71	-36.02	24.28	0.00	14	10	23	1	6	7	15.09	21.87	1692.30	14.27	-1874.60	
37	35.80	16.31	-14.75	4.82	4.77	22.10	0.00	19.01	0.00	20.27	0.00	6	7	18	0	9	6	11.38	7.52	1611.00	23.58	-1584.30	
38	41.90	27.23	-14.39	4.65	7.19	19.51	-70.00	81.36	-27.54	37.83	-0.89	6	12	14	4	12	5	8.85	7.94	1573.60	11.62	-1616.70	
39	35.84	-15.19	-13.77	3.77	-1.60	20.27	-34.70	9.18	-23.88	6.06	0.00	9	10	16	0	7	17	-1.01	2.12	1802.10	-16.49	-1796.90	
40	31.36	-4.15	-11.21	3.81	0.14	22.20	0.00	0.00	0.00	4.74	-0.36	7	5	21	0	12	7	8.53	16.78	1751.90	16.89	-1763.80	
41	31.92	31.69	-15.97	8.19	15.54	18.81	-48.52	67.46	-22.86	10.50	-0.98	10	11	16	5	7	3	8.30	13.69	1626.30	7.06	-1810.00	
42	43.27	16.41	-17.59	11.97	7.28	25.54	-16.77	28.78	-11.53	11.83	0.00	4	9	22	2	8	6	10.57	13.21	1580.10	9.19	-1726.60	
43	27.30	16.25	-12.44	6.51	-0.14	21.36	-15.91	53.83	-25.36	12.32	0.00	8	2	31	0	8	11	8.66	18.98	1882.20	-4.82	-2084.80	
44	42.99	50.48	-13.09	0.92	11.20	20.30	-8.18	114.96	-17.13	28.01	0.00	5	12	17	3	6	6	11.75	13.04	1533.80	20.33	-1606.50	
45	42.31	0.06	-13.19	1.71	-4.88	21.02	-8.89	42.74	-9.60	11.18	0.00	4	9	7	4	21	7	2.10	-0.50	1694.10	24.56	-1822.60	
46	32.57	42.14	-17.80	5.49	8.88	18.84	-53.19	133.33	-12.50	32.20	0.00	9	6	20	0	8	4	10.98	19.78	1569.30	6.92	-1581.60	
47	26.95	25.10	-15.58	5.88	15.34	16.88	-157.35	136.09	-36.90	15.27	0.00	14	9	13	4	4	2	12.33	18.03	1502.40	10.94	-1674.70	
48	38.30	0.90	-13.03	7.06	2.53	20.70	-18.30	11.31	-5.27	6.75	0.00	6	7	19	1	9	14	6.41	12.87	1682.40	-19.65	-1774.30	
49	32.13	1.48	-16.99	4.59	7.21	20.80	-3.83	0.00	-5.54	0.00	0.00	6	15	10	6	7	5	3.67	4.71	1788.90	12.34	-1845.30	
50	23.62	-21.62	-12.61	5.37	-6.32	20.48	-48.41	0.00	-6.11	1.35	0.00	5	4	13	0	11	21	-1.99	3.75	1743.40	-3.64	-1872.80	
51	38.91	13.29	-11.16	4.80	0.74	24.00	0.00	40.73	0.00	4.85	-0.37	2	9	21	0	2	9	8.70	11.96	1460.10	1.39	-1543.70	
52	43.46	-33.46	-10.40	4.55	-7.35	19.94	-46.69	46.62	-7.76	11.68	0.00	3	8	16	3	9	18	8.03	-0.55	1750.30	23.74	-1814.00	
53	39.89	-12.77	-16.18	4.85	3.43	19.10	-66.83	7.17	-18.67	14.54	0.00	7	1	23	0	7	9	14.23	13.51	1615.60	5.20	-1532.80	
54	43.04	-7.09	-17.49	9.15	8.36	18.98	-111.87	20.47	-33.58	7.35	0.00	8	12	25	7	8	6	10.64	15.19	1665.30	13.61	-1889.00	
55	35.80	10.89	-16.38	7.12	-0.70	18.20	-24.33	57.53	-6.15	21.98	0.00	7	7	18	0	11	6	13.12	6.21	1699.70	28.74	-1662.50	
56	28.91	5.74	-8.96	2.71	2.21	19.25	-26.53	3.39	-5.78	7.05	0.00	7	11	10	3	6	9	7.87	15.52	1666.30	2.30	-1777.70	
57	13.41	22.27	-14.99	6.37	3.82	19.61	-38.15	42.00	-10.42	27.04	0.00	9	4	25	0	11	8	12.73	15.33	1680.10	-3.88	-1853.40	
58	35.93	39.74	-16.39	14.80	4.08	19.08	-11.86	18.00	-27.40	48.46	-0.32	12	9	23	0	4	8	19.32	23.03	1923.50	-8.07	-2182.20	
59	37.68	-8.39	-11.60	5.81	-3.78	22.02	-8.15	0.00	-8.18	0.00	0.00	8	6	17	0	8	28	3.71	9.67	1892.10	-19.86	-1903.80	
60	29.15	33.02	-11.01	9.98	5.96	20.64	0.00	36.04	-2.86	16.53	-1.17	10	6	15	4	7	6	5.07	4.61	1457.80	14.52	-1546.30	
61	37.22	58.75	-18.02	6.85	15.07	22.34	-29.49	102.29	-31.76	45.70	-0.22	16	6	22	0	5	6	14.67	16.69	1664.20	-1.58	-1777.10	
62	43.78	19.25	-15.36	6.64	9.89	22.60	-163.96	48.88	-48.98	44.93	-0.47	12	8	13	3	5	8	10.59	10.81	1828.50	12.03	-1863.20	
63	37.24	2.39	-18.38	6.62	-3.18	22.21	0.00	32.21	0.00	25.88	0.00	5	12	18	0	15	8	8.64	0.84	1779.90	5.44	-2115.10	
64	43.61	-3.63	-12.85	11.68	2.98	21.96	-42.59	0.00	0.00	0.00	-0.52	3	7	20	4	13	5	7.03	1.65	1837.70	27.29	-1797.80	
65	20.78	-26.05	-15.06	3.52	-5.03	21.13	-45.36	0.00	0.00	0.00	0.00	4	6	10	0	8	16	4.27	8.69	1453.80	6.87	-1698.30	
66	29.10	55.19	-14.99	7.36	12.04	21.98	-76.02	179.78	-8.18	23.54	-0.76	13	12	13	1	5	1	10.69	15.16	1522.90	23.28	-1542.20	
67	35.56	-5.52	-15.39	8.01	6.10	19.27	-83.76	25.11	-5.36	7.24	-1.85	9	6	26	1	8	11	5.55	11.84	1926.40	-0.01	-1922.30	
68	43.16	-11.88	-12.52	3.36	1.31	20.43	-29.50	0.00	-2.50	1.47	0.00	3	13	11	4	13	10	4.60	0.85	1526.50	15.26	-1528.30	
69	41.90	-10.78	-14.35	6.77	-0.73	18.28	-26.08	0.00	-24.56	1.42	0.00	5	7	17	0	8	3	11.35	7.69	1470.10	13.72	-1484.00	
70	27.92	56.52	-14.85	10.30	4.42	22.42	-47.36	86.94	-13.00	60.84	0.00	6	4	34	0	9	12	6.53	23.51	1723.20	-12.06	-2040.10	
71	28.36	-14.58	-11.40	5.21	-5.07	19.85	-35.09	20.48	-12.60	10.02	0.00	7	3	24	5	13	13	7.47	13.28	2020.50	13.14	-2067.80	
72	41.64	-3.89	-10.90	0.49	10.43	23.54	-95.87	0.00	-21.25	5.87	0.00	7	7	16	3	5	5	8.52	9.35	1567.00	14.41	-1532.20	
73	36.29	-3.21	-12.28	6.97	-2.38	20.88	-72.01	21.08	0.00	15.65	0.00	3	5	16	0	11	23	13.76	6.80	1926.00	-1.54	-2038.70	
74	38.11	-19.02	-16.00	12.95	-3.69	20.78	-47.64	0.00	-6.87	5.93	0.00	8	5	28	0	12	15	5.27	4.69	1914.90	-5.06	-1910.50	
75	31.90	19.16	-11.10	1.22	8.60	22.61	0.00	4.95	-3.15	6.82	0.00	6	7	11	1	16	3	2.51	2.91	1624.20	11.23	-1629.30	
76	18.13	26.67	-12.69	10.27	3.58	18.84	-53.31	67.01	-13.43	24.07	-0.77	9	6	25	0	11	7	8.83	15.08	1703.20	5.06	-1800.60	
77	32.06	4.48	-10.26	2.01	11.56	17.49	-140.66	46.71	-22.40	5.54	-0.34	9	16	9	0	7	4	8.91	16.32	1598.50	4.43	-1726.60	
78	30.86	16.96	-17.87	9.00	-0.82	24.09	-17.82	65.83	-13.91	18.97	-0.97	7	11	9	3	11	7	4.40	8.56	1403.40	8.42	-1613.20	
79	31.98	39.52	-12.98	1.77	10.26	23.35	-96.46	113.12	-10.90	36.68	0.00	14	3	18	0	3	2	13.41	18.20	1617.20	-1.40	-1644.80	
80	44.81	14.33	-13.45	9.21	-2.37	19.60	-17.42	66.12	-16.00	18.45	0.00	3	8	7	4	14	7	-1.87	2.79	1427.70	13.18	-1639.50	
81	27.40	41.49	-15.05	10.83	16.86	19.66	-50.04	46.98	-17.03	22.58	-0.23	13	13	15	1	6	1	15.77	18.11	1620.60	13.88	-1696.70	
82	24.81	-8.08	-12.38	3.56	-3.58	19.09	0.00	0.00	-2.49	0.00	0.00	6	1	19	0	5	9	8.97	18.32	1562.50	10.98	-1610.40	
83	17.97	13.18	-13.39	1.96	3.41	18.61	-46.50	46.99	-17.57	19.73	0.00	10	4	23	0	5	9	8.23	14.90	1745.90	12.68	-1831.50	
84	46.15	6.17	-12.22	7.55	1.10	20.65	-33.16	12.73	-9.62	25.41	0.00	4	7	4	6	7	10	1.96	0.96	1380.50	12.32	-1582.10	
85	37.12	10.60	-12.72	3.64	2.11	17.84	0.00	26.89	-10.08	8.22	0.00	5	9	9	0	18	8	-0.67	3.22	1510.50	-20.50	-1692.00	
86	23.17	25.67	-14.72	3.93	5.85	19.26	-76.29	53.51	-24.69	41.40	-1.27	8	6	13	4	8	5	9.57	6.35	1390.90	2.07	-1456.60	
87	38.19	-18.93	-16.53	7.99	-1.91	18.70	-28.18	0.00	-6.04	0.00	0.00	4	9	13	0	17	12	7.20	6.06	1674.80	-4.14	-1801.50	
88	28.89	13.92	-12.04	4.52	5.38	19.94	-7.36	5.93	-15.01	8.86	0.00	6	9	15	4	5	9	6.51	5.19	1602.60	12.37	-1639.40	
89	42.20	5.16	-10.60	5.54	-0.29	22.12	-15.81	20.14	-7.39	5.37	0.00	5	6	19	1	8	7	10.83	14.02	1417.30	4.96	-1491.40	
90	39.10	5.13	-20.52	11.60	4.18	17.00	-81.02	74.49	-34.47	18.22	-0.97	8	8	25	0	6	8	16.44	18.26	1975.30	-1.65	-2202.90	
91	30.87	56.69	-12.65	4.66	11.85	19.50	-36.14	66.32	-39.69	55.42	0.00	13	10	12	1	6	1	8.39	12.45	1364.50	2.10	-1327.30	
92	36.10	9.29	-16.49	5.11	9.19	19.29	-50.16	67.94	-2.94	5.97	-0.69	9	10	16	0	12	4	5.62	7.87	1582.00	2.41	-1550.20	
93	35.48	49.34	-15.14	7.28	2.67	14.84	-31.03	142.51	-37.80	42.41	-0.28	8	2	25	0	6	12	8.14	14.28	1437.40	-9.25	-1451.60	
94	19.75	4.25	-13.64	9.94	-2.19	21.93	-8.57	15.80	-13.34	8.45	0.00	8	5	22	0	10	14	9.20	15.32	1672.40	-4.28	-1805.30	
95	41.32	-2.42	-9.80	3.10	-6.26	19.96	-16.11	34.31	-5.36	9.35	0.00	2	4	13	0	2	18	10.21	11.30	1580.70	-4.53	-1534.60	
96	9.55	-11.46	-14.68	16.11	-8.64	18.44	-3.68	0.00	-5.12	3.44	0.00	5	5	10	0	8	26	1.40	7.36	1814.70	5.43	-1906.60	
97	29.86	34.92	-13.17	6.05	13.71	19.16	-50.88	32.70	-13.42	30.10	-0.81	9	12	13	1	11	2	7.29	4.56	1576.20	24.40	-1582.70	
98	16.94	10.66	-18.37	6.64	4.39	18.92	-19.30	49.59	-11.69	9.71	0.00	9	5	29	0	7	7	13.72	19.78	1770.00	29.15	-1878.90	
99	32.49	-1.40	-12.45	6.90	-1.59	22.81	0.00	0.00	-2.61	5.55	-0.42	1	7	10	4	18	8	7.60	1.62	1421.10	0.09	-1539.30	
100	27.04	10.28	-15.66	7.63	10.79	17.36	-105.70	34.64	-23.64	22.52	-0.95	10	8	13	5	8	6	11.30	13.58	1674.40	0.73	-1789.70	
101	38.04	-0.14	-13.81	6.33	4.19	23.28	-159.41	65.29	-22.46	19.31	0.00	9	1	24	0	7	10	4.56	14.93	1524.10	-19.73	-1700.80	
102	18.41	-2.53	-11.97	5.39	-2.90	21.40	-7.26	1.91	-13.22	4.93	0.00	5	4	12	0	17	12	3.26	5.46	1698.00	12.99	-1768.10	
103	35.61	-7.18	-13.23	6.82	-0.37	24.49	-65.58	6.10	-17.22	9.64	0.00	5	9	19	0	7	1	12.73	6.40	1406.70	23.44	-1374.90	
104	37.74	3.30	-10.87	5.97	8.12	20.39	-56.82	0.00	-14.44	0.00	0.00	9	8	23	0	6	7	6.35	14.44	1686.90	-22.63	-1759.60	
105	33.54	-0.29	-14.91	8.69	3.96	23.60	0.00	0.00	-2.52	0.00	0.00	8	4	21	0	9	7	13.02	10.15	1834.00	29.22	-1815.80	
106	45.50	-6.28	-9.93	2.23	-1.82	21.07	0.00	0.00	0.00	0.00	0.00	2	11	13	3	9	8	7.83	5.48	1572.10	9.26	-1583.60	
107	42.50	11.92	-9.59	2.40	0.98	21.52	-46.85	38.76	-26.08	15.15	0.00	5	14	8	4	14	17	1.95	-0.60	1872.60	23.88	-1932.90	
108	18.20	-4.63	-12.73	7.89	-5.73	19.25	-9.44	1.48	-10.90	15.00	-0.89	4	7	14	0	18	15	0.26	6.87	1648.70	8.44	-1941.00	
109	29.96	9.51	-15.39	4.39	10.40	17.69	-12.82	16.46	-11.80	3.11	0.00	7	12	15	7	3	7	5.11	13.63	1848.00	20.54	-1851.50	
110	16.65	-17.17	-13.99	11.96	-11.06	20.73	0.00	10.99	-2.54	12.13	0.00	4	5	10	0	9	20	9.20	6.76	1669.60	2.70	-1785.40	
111	34.50	7.78	-10.75	0.74	3.99	23.91	-19.71	12.08	-7.59	14.92	0.00	5	6	24	0	4	15	4.58	7.44	1747.80	-11.06	-1754.90	
112	29.92	42.79	-15.21	6.78	7.88	22.30	-46.85	87.84	-9.57	32.84	0.00	9	13	13	4	9	3	15.90	19.44	1583.40	6.05	-1783.50	
113	46.44	-7.14	-9.14	4.55	-5.81	18.74	-4.04	36.20	-8.29	0.00	0.00	6	3	8	1	14	9	8.17	6.74	1544.10	12.07	-1604.70	
114	20.99	-17.39	-14.55	6.51	-6.75	20.94	-27.06	0.00	-3.64	5.01	0.00	4	4	28	0	7	20	6.02	14.00	1964.10	23.38	-2159.30	
115	16.96	-10.35	-13.63	11.55	-10.35	21.24	-4.14	16.51	-11.15	5.82	0.00	5	7	9	0	14	17	2.46	8.79	1598.50	1.84	-1929.50	
116	37.02	19.10	-10.01	5.31	6.28	21.27	0.00	0.00	-3.37	4.76	0.00	7	8	16	1	8	8	4.25	7.76	1442.10	-13.94	-1546.30	
117	28.66	28.73	-13.94	2.85	8.71	20.67	-7.69	46.49	-5.00	15.67	0.00	9	19	12	1	9	7	4.56	11.84	1764.80	17.23	-1812.40	
118	31.57	14.82	-18.29	5.71	5.07	18.61	-19.87	78.89	-19.24	10.37	0.00	7	9	12	4	6	4	8.14	11.53	1455.00	15.40	-1720.30	
119	39.41	2.52	-14.22	5.86	5.35	19.89	0.00	17.09	-8.06	3.35	0.00	4	10	11	0	12	4	9.14	7.74	1592.60	-0.12	-1710.40	
120	32.31	24.97	-14.56	8.70	7.39	16.87	-39.30	25.83	-19.51	40.30	0.00	12	7	12	0	4	5	9.83	11.88	1373.10	3.00	-1329.40	
121	30.76	18.49	-12.40	13.76	3.23	24.86	-22.42	22.73	-11.56	12.28	0.00	4	5	20	2	7	8	10.37	7.32	1500.20	21.20	-1558.90	
122	31.05	-4.38	-10.86	3.29	7.24	18.43	-52.13	0.00	-5.58	0.00	0.00	5	10	11	6	9	6	5.79	8.66	1652.90	11.95	-1911.50	
123	37.04	3.54	-13.25	4.43	6.54	20.58	0.00	0.00	-8.45	0.00	0.00	4	6	11	0	15	2	9.20	3.79	1350.70	-6.00	-1404.40	
124	16.17	-18.60	-10.36	5.15	-5.20	19.06	-45.65	0.00	0.00	0.00	0.00	5	3	22	0	6	23	0.40	8.94	1947.90	11.51	-2107.70	
125	13.27	-12.85	-10.01	0.08	-2.09	19.63	-28.90	0.00	-11.02	0.00	-0.60	5	4	22	0	13	7	4.91	5.50	1522.10	21.21	-1634.10	
126	43.50	-9.29	-13.23	7.90	-3.97	20.12	0.00	0.00	0.00	0.00	0.00	3	6	21	0	9	12	4.30	6.13	1541.40	-18.54	-1510.40	
127	43.00	60.55	-14.27	5.53	11.05	18.09	-130.76	164.63	-21.42	61.87	-0.52	13	11	12	3	3	0	7.68	9.35	1357.40	-0.42	-1330.60	
128	29.49	33.50	-11.41	3.59	6.45	21.35	-5.46	63.50	-8.42	17.08	0.00	7	11	13	0	15	8	7.07	6.70	1563.20	16.81	-1665.40	
129	25.90	-29.72	-14.45	11.16	-12.95	19.13	0.00	0.00	0.00	0.00	-0.33	4	3	10	0	13	20	3.69	13.87	1667.70	-12.95	-1814.50	
130	40.00	-4.30	-11.26	1.76	1.95	20.51	-54.60	2.40	-11.52	11.11	0.00	8	5	18	1	15	14	4.17	0.68	1549.70	-11.38	-1538.80	
131	45.51	26.36	-12.90	1.43	5.29	26.28	-39.44	115.29	-23.08	5.46	0.00	7	8	14	3	8	7	3.30	8.95	1659.30	-0.13	-1810.30	
132	44.40	19.27	-13.52	5.94	3.09	20.15	-4.67	77.34	-16.69	6.16	0.00	8	7	12	3	9	7	8.97	13.70	1379.40	20.03	-1417.40	
133	33.37	27.85	-17.41	9.90	4.65	19.81	-77.61	100.05	-51.24	35.56	0.00	13	5	23	0	10	12	5.57	14.76	1823.40	-10.00	-1926.20	
134	43.42	20.48	-10.26	3.55	2.38	25.07	-45.38	47.95	-22.59	14.59	0.00	10	8	22	4	15	7	12.66	16.29	1686.60	12.68	-1827.20	
135	28.26	-19.88	-17.07	9.89	3.01	20.55	-115.49	14.39	-24.69	5.57	0.00	7	4	28	0	13	12	4.92	15.70	1665.40	-17.82	-1879.80	
136	32.65	1.26	-14.62	7.40	-0.72	23.23	0.00	2.41	-4.01	14.02	-0.63	7	3	19	0	5	22	1.49	2.71	1966.10	-11.42	-1947.30	
137	36.79	31.17	-14.04	10.82	0.53	20.57	-50.95	145.90	-26.09	20.01	-0.76	10	3	10	0	7	7	10.90	10.57	1394.90	1.73	-1486.70	
138	42.12	-6.90	-11.40	5.60	-2.41	24.68	-16.56	27.48	-4.63	0.00	0.00	2	4	14	4	15	8	7.97	0.80	1641.90	27.03	-1729.90	
139	37.88	12.46	-19.02	6.59	7.69	17.65	-53.16	39.07	-19.69	23.03	-0.97	10	5	27	0	8	8	8.87	11.35	1561.80	1.42	-1530.10	
140	20.22	25.42	-17.02	15.59	-0.34	17.50	-9.16	36.29	-8.90	31.82	0.00	16	4	25	0	8	9	10.33	14.30	1784.80	18.58	-1904.70	
141	38.16	8.48	-18.00	7.82	2.54	17.13	-49.95	59.73	-19.40	25.54	0.00	11	3	19	0	6	5	17.33	14.35	1611.60	1.90	-1548.20	
142	27.65	39.52	-10.13	5.35	12.01	21.70	-131.88	43.57	-30.28	51.60	-0.45	15	5	19	0	2	3	4.68	13.18	1543.90	-1.04	-1654.20	
143	9.96	-30.41	-19.36	12.65	-14.87	18.66	0.00	3.18	-2.58	6.04	0.00	4	3	17	0	5	32	2.37	19.03	1791.60	0.86	-1891.80	
144	44.98	-6.18	-14.16	3.86	-3.59	19.94	-15.18	41.45	-9.20	4.67	0.00	2	2	5	5	16	6	-0.66	-1.81	1357.80	12.60	-1549.30	
145	40.37	0.86	-12.66	5.83	-3.35	18.34	-9.11	25.19	-12.23	16.41	0.00	7	5	11	0	9	11	8.08	1.89	1540.50	18.28	-1557.90	
146	34.29	25.59	-18.46	12.04	16.08	21.64	-93.12	13.17	-28.02	35.89	-0.34	8	16	8	3	11	2	10.35	13.21	1596.10	10.22	-1732.60	
147	34.70	-4.77	-17.58	12.67	-0.14	21.00	0.00	0.00	-5.75	0.00	0.00	7	12	15	1	14	11	10.21	8.04	1898.90	28.56	-2000.70	
148	31.75	9.40	-13.44	2.40	8.47	20.97	-9.03	17.15	-8.37	11.82	-0.79	10	10	17	0	8	12	5.90	9.92	1772.30	8.69	-1795.30	
149	18.34	15.86	-8.47	1.32	3.42	23.23	-7.84	8.58	-5.08	12.49	0.00	4	6	16	1	5	3	10.87	5.64	1206.70	6.23	-1251.50	
150	37.73	-2.39	-12.95	4.74	-3.66	21.65	-22.45	24.22	-15.02	11.69	0.00	8	5	13	0	4	17	10.94	16.03	1489.80	-1.13	-1500.80	
151	43.34	3.89	-17.77	6.74	6.89	18.43	-98.27	45.85	-48.52	24.70	-0.25	10	9	21	0	4	6	9.33	12.53	1622.50	8.64	-1721.40	
152	30.26	39.80	-12.64	2.17	14.29	20.92	-35.29	38.47	-17.42	27.32	0.00	13	7	18	2	6	2	10.69	9.77	1440.60	14.98	-1501.70	
153	13.52	-26.12	-18.11	8.87	-3.48	21.56	-59.48	0.00	-8.36	3.57	-0.71	5	5	21	0	15	12	4.41	7.98	1986.60	24.07	-2038.90	
154	31.70	-10.23	-16.24	9.59	-4.03	16.32	0.00	7.67	0.00	6.36	0.00	6	7	15	0	12	14	1.85	10.05	1489.70	-4.01	-1568.90	
155	26.36	32.04	-12.69	4.31	14.41	19.86	-84.19	74.45	-24.67	19.95	-0.88	15	4	15	1	1	3	10.72	12.46	1377.70	15.69	-1367.40	
156	32.25	36.71	-10.63	4.86	15.25	25.79	-3.41	6.08	-7.72	8.34	0.00	11	11	15	0	1	0	12.98	14.18	1595.00	7.71	-1617.30	
157	36.63	6.61	-13.04	7.29	3.73	20.89	-49.30	34.07	-53.31	11.59	0.00	6	8	16	0	9	7	3.05	8.56	1426.40	-13.30	-1580.20	
158	35.95	17.74	-13.45	1.87	8.13	24.44	-42.18	32.46	-8.99	17.82	0.00	8	8	7	5	7	5	3.80	5.64	1102.10	9.12	-1193.70	
159	25.00	23.03	-18.88	9.88	16.62	18.17	-140.95	115.54	-32.27	19.40	-0.35	12	11	19	2	6	4	8.81	16.53	1690.40	3.74	-1748.60	
160	39.58	-6.14	-14.34	4.35	-7.30	22.11	-21.99	52.63	-23.92	13.25	0.00	6	3	12	0	10	12	7.62	14.79	1375.10	-9.72	-1487.30	
161	33.79	37.52	-15.55	6.39	7.16	22.69	-77.32	128.21	-33.77	28.41	-0.32	12	4	20	0	6	9	7.35	20.13	1688.00	-6.16	-1736.80	
162	18.68	-3.11	-12.33	5.56	-1.11	19.16	0.00	0.00	0.00	1.17	0.00	4	6	19	0	10	4	1.85	2.71	1437.10	14.77	-1459.30	
163	21.23	-22.73	-14.54	6.11	-8.73	18.36	-15.17	0.00	-9.77	0.00	0.00	6	5	18	0	13	17	-0.16	7.78	1900.40	-1.05	-2040.60	
164	36.61	-9.48	-13.92	5.19	-2.15	19.81	0.00	0.00	0.00	10.08	-0.25	7	6	23	0	3	17	7.52	7.63	1642.20	-1.32	-1579.80	
165	43.76	29.18	-16.09	5.94	10.92	20.33	-123.11	85.03	-23.37	39.64	-0.83	11	10	18	4	12	6	10.68	13.64	1596.90	10.66	-1775.90	
166	25.54	12.50	-11.73	8.65	7.42	20.75	-112.70	17.00	-21.09	25.73	-0.32	10	9	14	2	7	7	6.23	13.53	1792.20	21.23	-1810.40	
167	26.02	15.45	-13.81	5.78	5.94	20.50	-4.18	62.17	-7.73	0.00	0.00	3	15	20	0	4	6	14.53	10.71	1458.60	21.47	-1570.60	
168	31.59	16.77	-16.02	3.84	2.50	27.17	-41.08	45.07	-26.64	22.73	-0.26	13	4	32	0	11	8	6.04	17.79	1685.20	-14.32	-1873.30	
169	35.64	6.25	-11.26	4.27	7.37	20.26	0.00	0.00	-2.41	2.16	0.00	8	9	17	1	6	2	9.97	10.18	1470.40	2.73	-1498.90	
170	26.73	5.14	-13.77	5.27	-2.03	21.65	0.00	40.68	0.00	4.54	0.00	4	5	9	0	16	17	-1.13	7.36	1460.70	-21.97	-1678.20	
171	43.10	39.40	-13.63	4.66	1.46	23.26	-4.71	116.45	-7.00	32.05	0.00	7	6	18	2	6	7	11.42	9.57	1659.60	22.00	-1629.60	
172	26.19	52.68	-17.03	15.03	13.02	18.47	-19.90	76.26	-11.70	33.59	0.00	21	7	21	0	1	3	14.38	19.04	1470.60	11.69	-1671.90	
173	35.23	2.44	-10.65	5.99	0.66	20.47	-72.47	9.81	-10.48	20.77	0.00	8	1	13	0	8	11	-0.44	8.01	1294.20	-23.08	-1382.50	
174	33.61	-0.09	-12.92	6.30	2.01	18.91	0.00	0.00	-3.12	1.61	-1.51	3	11	15	5	15	6	6.92	2.67	1926.10	19.13	-1982.10	
175	34.37	25.06	-10.89	1.50	2.68	20.80	-43.67	121.09	-17.06	9.54	0.00	7	2	22	0	7	5	4.94	6.62	1456.00	-6.96	-1447.40	
176	34.35	-0.41	-12.23	3.86	4.50	23.41	-36.69	0.00	-19.40	6.49	0.00	8	7	23	0	5	2	19.24	15.93	1450.40	14.74	-1567.60	
177	36.33	45.15	-15.08	9.90	15.91	20.76	-148.26	104.53	-46.34	43.54	0.00	15	13	12	0	4	2	6.41	8.83	1352.80	-4.03	-1395.00	
178	44.28	-17.66	-8.44	2.13	-2.66	23.82	0.00	0.00	0.00	0.00	-0.52	3	5	15	1	6	16	5.67	1.29	1509.10	7.78	-1463.70	
179	31.46	10.54	-13.61	7.45	8.08	21.84	-132.60	69.10	-32.81	16.85	0.00	11	8	16	0	13	11	2.60	9.79	1770.70	-2.27	-1844.30	
180	17.25	30.69	-16.59	8.27	1.99	20.60	-41.31	95.84	-19.85	37.34	-0.31	9	5	15	0	10	12	7.82	14.92	1437.60	1.48	-1525.00	
181	35.58	1.09	-12.07	6.36	1.81	21.07	0.00	0.00	0.00	3.21	0.00	4	7	12	0	15	7	5.83	5.53	1566.10	12.25	-1614.50	
182	30.22	21.87	-12.70	3.52	9.76	18.01	-106.03	99.53	-14.72	22.39	-1.00	9	6	15	3	3	7	9.52	18.31	1263.70	15.48	-1356.10	
183	24.31	40.41	-13.94	2.78	13.86	26.11	-102.96	92.51	-20.83	33.80	-0.81	11	6	17	0	1	3	12.19	14.50	1372.20	16.95	-1384.60	
184	40.88	56.97	-14.21	3.45	12.24	19.37	-135.71	173.46	-29.13	59.43	-0.88	12	11	13	1	4	3	5.88	8.81	1333.20	-3.84	-1271.00	
185	36.46	16.50	-18.71	14.80	10.27	20.81	-74.00	44.25	-11.20	16.46	-0.33	7	5	15	0	11	9	1.50	7.54	1367.70	-17.69	-1439.90	
186	31.90	13.98	-8.82	2.28	-0.70	18.86	-25.05	20.81	-2.21	20.25	0.00	4	9	20	1	17	7	6.53	10.84	1786.50	-15.34	-1912.80	
187	32.35	-2.48	-11.62	1.48	1.30	19.13	-10.47	0.00	-7.19	11.21	0.00	1	10	13	2	3	7	9.05	3.30	1305.20	3.30	-1412.40	
188	34.31	8.48	-10.13	4.07	5.90	20.12	-100.27	29.32	0.00	19.59	-1.24	6	6	8	5	11	2	2.38	4.36	1157.80	8.06	-1368.10	
189	28.79	3.55	-19.79	8.30	7.54	19.11	-4.71	11.79	-3.47	14.39	-0.63	7	8	22	3	5	7	10.93	9.16	1555.60	16.29	-1629.30	
190	28.29	18.67	-13.33	5.75	-3.79	17.72	-13.59	85.85	-20.10	27.09	0.00	13	6	23	0	19	23	15.43	22.53	2280.00	-7.33	-2525.50	
191	28.69	22.21	-14.25	1.59	6.93	18.63	-98.16	80.18	-17.29	35.22	-0.90	8	5	17	1	3	3	12.11	17.63	1214.80	18.76	-1276.60	
192	33.10	15.47	-14.40	2.93	12.08	18.95	-38.91	22.89	-13.94	10.15	0.00	5	11	16	2	5	3	8.65	18.41	1374.00	13.91	-1424.50	
193	35.60	-6.89	-10.97	9.31	-3.97	20.80	-13.24	0.00	-3.05	0.00	0.00	7	5	19	0	9	30	11.20	10.27	2276.10	3.74	-2323.70	
194	33.80	17.28	-9.88	2.07	5.41	23.96	-14.87	57.51	-3.77	0.00	0.00	5	8	15	2	5	6	9.24	6.95	1380.80	-1.61	-1485.60	
195	38.33	61.88	-14.83	7.74	9.09	19.77	-4.77	85.37	-15.32	49.46	0.00	11	8	27	0	3	6	4.07	10.73	1615.10	-19.79	-1680.80	
196	23.91	29.61	-16.77	9.38	13.70	24.05	0.00	58.49	0.00	0.00	-0.64	7	10	21	2	7	0	11.15	10.37	1290.60	19.02	-1335.50	
197	30.93	23.04	-18.98	16.44	18.23	23.69	-209.56	72.92	-42.25	33.04	0.00	17	4	16	0	4	1	12.56	18.66	1381.50	3.77	-1533.30	
198	19.39	45.47	-15.28	19.30	2.99	21.20	0.00	119.61	0.00	11.89	0.00	8	3	32	0	4	10	11.50	18.27	1693.20	2.55	-1823.80	
199	33.55	30.02	-14.92	9.06	5.85	20.55	-8.24	32.16	-19.02	24.52	-0.43	8	12	14	4	8	0	8.11	4.63	1231.10	26.92	-1314.90	
200	26.43	5.07	-12.45	4.35	5.04	20.33	-33.25	0.00	-19.09	10.13	0.00	6	8	16	2	7	5	9.16	9.76	1334.80	10.15	-1426.60	
201	32.38	29.67	-13.74	5.45	5.56	22.30	-25.86	92.06	-13.50	19.22	-0.84	5	8	8	3	8	2	2.54	5.64	1327.50	7.70	-1508.70	
202	28.33	39.28	-15.29	7.33	18.04	20.20	-129.28	72.45	-67.57	39.60	-0.87	14	9	17	2	2	2	8.26	16.46	1470.30	4.10	-1531.20	
203	18.15	23.04	-7.06	3.84	2.19	25.05	-21.15	0.00	0.00	14.60	0.00	9	4	28	0	7	9	10.50	20.58	1679.00	1.21	-1924.30	
204	26.63	36.16	-12.32	7.25	8.32	19.68	-69.64	95.21	-27.52	23.75	0.00	14	8	12	4	7	1	6.81	2.63	1379.10	25.34	-1363.60	
205	27.04	17.13	-10.13	6.73	-0.02	18.42	0.00	36.67	-8.25	11.41	0.00	7	6	13	0	6	10	7.09	6.15	1566.40	4.05	-1653.80	
206	43.73	11.88	-13.09	8.15	0.18	23.01	0.00	29.03	-2.59	11.29	-0.45	2	8	10	6	15	8	1.47	-1.06	1538.40	14.10	-1581.40	
207	38.84	24.13	-15.11	6.87	-0.91	21.10	-16.16	71.47	-20.86	33.13	0.00	9	3	21	0	9	5	16.22	15.02	1526.50	-0.66	-1654.00	
208	27.20	15.24	-12.98	3.69	11.82	21.79	-51.97	38.37	-14.20	2.84	0.00	10	14	14	4	8	3	5.48	6.15	1478.70	29.69	-1524.70	
209	37.79	-8.85	-13.63	2.33	1.51	16.42	-105.17	36.50	-11.06	20.66	0.00	10	5	16	0	6	13	1.01	8.05	1358.10	-13.72	-1352.50	
210	13.38	11.54	-13.75	7.04	-3.41	19.23	-27.79	100.47	-2.77	10.53	0.00	6	3	18	0	6	17	0.64	3.97	1440.60	5.87	-1540.90	
211	32.15	7.00	-14.26	6.84	-0.09	23.59	-3.36	28.35	0.00	15.65	0.00	6	7	12	0	1	14	6.13	6.07	1755.30	-2.77	-1770.30	
212	31.90	13.97	-11.90	3.87	6.20	20.56	-3.99	20.87	-13.87	1.25	0.00	2	7	5	5	7	3	1.10	5.22	1102.40	-0.15	-1241.10	
213	23.46	0.94	-10.97	3.35	3.76	22.43	-46.34	0.00	0.00	6.11	0.00	8	5	18	0	9	6	11.36	11.61	1581.50	19.86	-1575.70	
214	19.16	-16.53	-12.63	8.01	-5.43	19.63	-28.81	0.00	-3.23	0.00	0.00	8	5	17	0	15	13	2.75	8.23	1696.30	12.62	-1820.30	
215	15.37	0.55	-9.54	5.60	-4.12	24.68	-4.32	0.00	-10.95	0.00	0.00	9	5	21	0	10	19	6.37	11.67	1709.40	7.94	-1951.70	
216	14.08	19.65	-14.65	6.14	3.15	18.85	-9.86	53.58	-25.06	15.67	0.00	14	4	23	0	4	6	10.06	16.58	1606.20	5.58	-1797.40	
217	38.12	-3.73	-12.35	8.71	-0.45	18.57	-23.89	0.00	-11.54	5.65	0.00	7	10	24	1	8	5	18.01	13.75	1817.90	14.12	-1959.00	
218	40.39	24.32	-16.20	10.09	4.05	20.20	-21.12	44.87	-9.64	22.37	0.00	5	7	17	0	8	10	2.20	3.81	1374.60	-15.49	-1434.60	
219	45.76	24.00	-12.69	2.72	9.13	21.11	0.00	56.47	0.00	8.15	0.00	4	9	19	3	5	2	8.73	5.08	1250.40	15.62	-1304.30	
220	34.14	-5.48	-11.42	6.00	-6.04	21.43	0.00	0.00	0.00	6.47	-0.79	2	2	9	0	12	13	1.02	7.19	1411.80	-27.27	-1541.50	
221	26.49	5.60	-12.34	4.14	6.99	21.26	-13.37	0.00	-17.47	2.23	0.00	10	9	16	0	8	5	4.42	5.91	1742.80	14.80	-1733.90	
222	19.40	33.82	-13.72	4.09	11.71	20.15	-71.84	70.02	-9.82	25.73	-0.31	11	8	17	0	9	7	13.69	11.38	1401.50	10.18	-1385.60	
223	26.53	6.26	-12.23	7.19	2.02	22.47	-5.83	29.10	-9.42	0.00	-0.41	8	5	20	2	5	15	11.90	16.53	1571.20	20.56	-1634.60	
224	30.81	-31.77	-14.05	4.60	-5.40	16.87	-18.60	2.91	0.00	2.01	0.00	6	5	19	0	10	15	13.56	10.26	1885.00	13.28	-1952.90	
225	32.25	12.53	-13.19	9.69	5.14	22.25	-68.57	28.87	-6.02	13.19	0.00	6	7	8	6	8	4	4.39	6.57	1250.40	6.78	-1308.70	
226	15.04	-2.17	-12.68	3.87	2.35	17.57	-44.60	27.76	0.00	15.27	-0.88	5	3	17	0	7	8	10.31	15.16	1316.80	13.83	-1402.70	
227	31.07	-0.66	-14.15	6.48	6.55	17.31	-57.81	21.24	-15.27	3.32	-0.28	8	8	13	2	6	2	7.47	10.69	1186.30	12.08	-1308.00	
228	32.84	5.10	-18.39	9.85	9.29	17.74	-33.97	2.08	-2.83	6.11	0.00	3	13	8	1	9	4	6.54	10.57	1127.60	9.84	-1372.40	
229	41.19	17.85	-10.50	6.49	-0.23	18.72	-12.25	61.00	-4.87	16.58	0.00	7	3	13	0	9	7	10.89	7.42	1257.80	3.02	-1218.70	
230	16.79	5.90	-12.72	1.70	4.05	18.30	-60.86	34.66	-11.34	17.15	0.00	11	4	25	0	6	5	13.10	14.29	1682.10	2.65	-1747.80	
231	33.24	21.19	-15.31	13.36	1.32	18.28	0.00	30.43	0.00	21.09	-0.70	4	9	13	0	16	7	-2.24	6.14	1438.30	-25.27	-1663.70	
232	40.14	-0.61	-17.86	8.32	6.04	21.52	-53.44	0.00	-12.44	13.08	0.00	9	6	24	0	2	4	15.56	16.25	1659.70	-6.33	-1678.80	
233	38.06	29.80	-16.32	19.46	3.31	19.46	-42.26	82.38	-3.21	21.58	0.00	8	1	24	0	5	6	14.17	8.91	1633.70	8.55	-1566.40	
234	21.87	11.08	-7.87	5.86	-0.62	34.06	-12.80	0.00	-8.60	3.51	0.00	6	4	20	0	5	31	2.66	5.00	1809.90	9.62	-1941.80	
235	24.74	11.73	-12.86	6.62	-3.24	19.72	-21.03	28.85	-18.45	23.13	0.00	5	2	14	0	14	6	4.54	12.31	1405.60	-0.89	-1611.90	
236	35.29	57.76	-14.37	5.34	11.93	21.09	-38.58	110.47	-22.82	38.46	-1.09	14	7	20	0	13	4	3.30	11.70	1850.90	-17.25	-2014.30	
237	26.69	7.42	-10.70	2.90	3.19	20.26	-5.64	0.00	-6.98	7.12	-0.52	4	6	15	4	8	9	5.68	5.78	1627.70	13.67	-1685.80	
238	42.16	-49.67	-14.21	3.33	-13.25	20.93	-24.60	0.00	-6.37	4.63	0.00	3	5	18	0	16	13	11.21	1.72	1746.90	-3.97	-1782.60	
239	20.76	-7.45	-13.84	7.12	-1.50	18.05	-37.06	12.40	-18.74	5.89	0.00	5	3	14	0	14	9	3.45	7.49	1352.00	27.77	-1405.90	
240	42.99	-1.98	-6.79	3.88	-2.45	22.89	0.00	0.00	0.00	0.00	0.00	7	5	13	5	15	16	12.24	7.42	1794.30	3.42	-1962.40	
241	31.79	19.83	-9.23	5.48	8.94	23.34	-122.93	50.94	-31.11	22.72	-0.34	15	6	11	1	3	0	9.98	15.25	1187.00	8.31	-1309.70	
242	31.50	11.27	-12.62	4.10	8.63	19.04	-48.78	8.76	-19.22	13.68	0.00	11	14	22	1	7	3	13.84	16.11	1962.40	27.55	-1981.20	
243	40.94	-1.80	-14.76	8.53	-4.36	17.89	0.00	39.11	-2.49	5.49	0.00	1	9	22	0	13	9	7.70	8.44	1618.60	-17.41	-1638.00	
244	42.98	6.40	-9.30	3.19	2.60	18.46	0.00	2.22	0.00	7.12	-0.98	4	10	16	4	12	3	4.44	-1.63	1586.60	33.71	-1574.00	
245	26.73	43.58	-12.74	4.69	12.43	17.70	-37.14	109.64	-25.49	17.10	-0.29	11	8	10	2	8	1	7.23	10.42	1263.50	27.12	-1249.40	
246	43.50	6.99	-10.30	3.30	-4.60	24.44	-10.06	104.44	-10.08	15.18	0.00	2	4	11	5	13	11	5.55	-1.56	1355.30	13.77	-1436.80	
247	20.44	25.25	-13.11	8.92	5.59	21.96	-22.95	25.29	-7.43	25.96	-0.78	7	9	18	0	8	5	12.13	12.14	1378.70	5.58	-1371.90	
248	43.96	-0.63	-9.59	5.36	2.12	19.70	-17.70	0.00	-7.57	0.00	0.00	3	9	17	6	12	8	7.05	3.09	1683.70	17.34	-1856.70	
249	18.05	-19.82	-18.70	9.36	-3.50	18.95	-105.06	9.82	-22.04	23.58	-0.99	7	3	20	0	7	14	5.15	18.22	1454.10	7.80	-1615.20	
250	37.40	9.90	-12.61	3.09	-4.16	23.91	0.00	27.27	-17.46	16.68	0.00	4	6	6	4	20	8	7.58	4.07	1367.60	9.40	-1540.10	
251	33.71	1.26	-10.74	2.47	-5.86	23.35	0.00	0.00	0.00	5.21	0.00	1	7	10	0	8	18	1.70	8.80	1389.30	-24.09	-1513.90	
252	42.74	30.34	-9.06	1.81	2.83	22.48	-18.22	85.91	-16.86	12.11	0.00	6	7	12	4	14	4	7.27	10.53	1336.50	7.28	-1439.90	
253	35.69	16.71	-12.92	4.91	7.31	23.00	-53.26	39.41	-26.58	15.61	0.00	11	7	16	0	6	4	15.03	17.30	1289.80	-2.28	-1357.40	
254	28.08	7.58	-8.38	2.42	1.87	24.11	-19.84	0.00	-6.94	0.00	-0.43	6	8	18	1	16	15	12.09	7.20	1698.50	20.58	-1849.90	
255	29.77	13.40	-15.85	4.73	11.82	19.20	-122.18	60.43	-19.16	20.94	-0.38	12	10	14	3	8	2	13.13	15.61	1687.70	27.60	-1748.70	
256	23.05	51.77	-13.20	5.08	10.31	20.78	-21.01	68.18	-29.24	39.22	0.00	15	5	16	1	1	5	12.58	13.34	1411.60	20.60	-1354.70	
257	42.17	-6.51	-12.50	9.01	-7.38	31.53	-26.52	18.26	-12.21	0.00	0.00	5	5	11	0	12	13	7.34	4.74	1503.80	-8.74	-1628.80	
258	46.37	-9.05	-11.50	3.58	-1.68	18.96	-57.01	13.34	-27.13	18.02	0.00	4	5	14	2	9	5	6.20	4.88	1348.00	12.97	-1361.60	
259	38.76	-8.85	-12.66	5.69	0.65	27.54	0.00	7.03	0.00	0.00	0.00	3	4	17	0	8	8	8.07	8.36	1304.30	-18.00	-1340.50	
260	20.59	-12.66	-19.03	7.31	-2.54	17.18	-3.51	9.29	0.00	11.70	-0.60	8	1	17	0	13	6	2.16	3.95	1426.50	8.69	-1625.60	
261	40.06	0.19	-10.39	4.84	-1.64	19.63	0.00	0.00	-14.61	5.66	0.00	4	4	19	0	9	6	10.68	11.13	1448.50	-3.78	-1461.10	
262	32.91	32.71	-14.72	5.17	6.51	25.28	-87.07	124.03	-32.44	25.76	0.00	16	4	16	0	8	5	18.61	20.09	1639.60	19.66	-1630.50	
263	37.72	17.69	-13.02	7.32	4.55	16.22	-135.48	127.29	-53.72	34.56	-0.33	10	3	15	0	6	11	3.09	6.54	1363.40	-6.39	-1303.40	
264	19.43	-1.88	-9.74	5.68	-4.12	20.53	0.00	0.00	-2.55	0.00	0.00	6	3	12	0	19	13	-0.84	10.48	1533.40	-8.57	-1672.30	
265	14.71	37.95	-11.86	8.07	5.42	24.13	0.00	65.89	-12.59	14.33	0.00	6	5	20	0	8	6	10.26	15.76	1264.80	-1.09	-1388.20	
266	35.83	2.14	-16.04	6.34	3.63	18.89	-20.01	31.94	-2.35	12.25	-0.68	7	4	28	0	7	8	8.66	14.14	1750.80	4.69	-1797.10	
267	43.82	-2.22	-11.23	7.21	-8.31	23.01	-12.81	79.01	-10.15	13.56	0.00	3	4	14	3	12	12	5.24	2.62	1834.20	22.62	-1797.10	
268	31.42	-10.86	-12.43	5.17	-6.44	16.56	-8.29	4.36	-8.17	7.52	0.00	4	5	22	0	8	7	15.89	7.90	1553.20	13.76	-1638.60	
269	27.11	29.46	-14.53	4.46	10.56	18.13	-118.42	87.80	-25.27	45.99	-2.24	14	10	8	0	6	2	11.25	11.97	1319.70	9.96	-1456.70	
270	37.55	40.00	-16.23	6.28	14.74	19.51	-133.83	126.95	-26.18	37.00	0.00	15	6	22	0	9	11	13.36	17.06	1695.60	1.35	-1700.50	
271	11.26	-1.63	-16.30	7.85	2.07	26.26	-76.44	27.84	-9.09	11.99	-1.44	10	5	21	0	12	6	12.66	15.22	1601.70	7.22	-1687.00	
272	37.60	-3.45	-16.41	12.91	4.09	19.57	-5.23	0.00	-12.74	0.00	-0.26	3	9	17	0	8	3	7.68	5.29	1488.50	2.65	-1663.90	
273	33.14	1.51	-13.30	3.39	9.43	19.37	-59.10	0.00	-12.90	5.43	0.00	7	14	14	3	8	1	11.34	15.41	1331.00	9.36	-1469.60	
274	33.74	0.02	-12.31	2.18	1.46	21.23	0.00	35.91	0.00	3.25	0.00	3	6	15	3	12	10	10.99	1.44	1686.20	17.38	-1737.80	
275	22.40	19.51	-9.94	6.45	6.75	20.20	-7.41	35.15	-7.46	0.00	0.00	2	11	11	3	4	6	3.37	5.35	1250.40	5.72	-1209.90	
276	37.45	54.52	-16.31	6.69	14.27	20.26	-83.58	167.91	-28.54	36.85	-0.43	15	6	14	0	6	4	8.17	13.19	1350.20	7.35	-1323.50	
277	43.90	12.02	-10.39	6.56	3.77	19.61	-3.37	3.53	-14.12	8.17	-0.47	8	11	9	3	11	6	7.87	-3.74	1448.70	41.51	-1414.30	
278	13.88	0.97	-16.65	6.60	4.62	19.13	0.00	0.00	0.00	1.04	-0.28	7	2	22	0	9	6	6.30	13.22	1439.70	8.05	-1636.00	
279	31.24	26.87	-12.21	4.84	15.37	22.39	-117.85	43.17	-33.60	27.02	-0.36	10	9	14	1	1	0	14.09	19.61	1287.60	25.10	-1258.00	
280	32.07	-1.05	-14.90	6.61	0.26	19.29	-16.43	4.82	0.00	12.71	0.00	6	8	18	2	10	4	11.52	10.48	1530.10	13.83	-1580.70	
281	40.55	-8.13	-12.20	4.23	8.85	23.00	-126.47	0.00	-28.39	5.60	0.00	7	11	17	1	6	5	8.58	11.55	1510.20	4.07	-1524.40	
282	45.64	24.79	-13.75	7.29	9.19	17.56	-3.50	47.89	-11.59	10.54	0.00	3	8	14	1	5	4	8.23	9.31	1285.60	15.64	-1308.10	
283	33.95	-4.94	-12.43	2.32	1.64	19.16	-3.26	0.00	-4.71	0.00	0.00	1	9	12	2	7	2	6.62	4.28	1036.50	4.96	-1122.30	
284	25.55	29.79	-17.80	7.92	17.38	21.47	-116.67	79.41	-15.16	27.09	-1.29	16	8	13	0	4	0	10.65	16.69	1089.70	14.43	-1193.00	
285	27.05	21.87	-12.79	4.42	7.23	20.54	0.00	10.06	0.00	19.43	-0.38	6	9	17	1	4	0	8.51	10.41	1070.50	14.58	-1194.90	
286	25.34	-5.48	-9.22	3.28	-7.79	23.93	0.00	0.00	0.00	5.73	0.00	0	3	6	0	10	19	0.30	7.48	1336.30	-26.07	-1478.90	
287	38.20	1.84	-17.70	11.51	3.61	21.05	-14.63	11.50	-15.74	10.25	0.00	9	7	16	0	17	5	3.17	3.80	1760.20	-1.83	-1696.80	
288	7.93	-13.28	-9.52	6.46	-8.30	22.41	-13.71	0.00	-6.14	0.00	0.00	4	3	22	0	6	21	5.50	7.85	1633.30	17.46	-1727.80	
289	39.92	-3.33	-9.17	6.17	-2.82	22.11	0.00	6.97	0.00	5.14	0.00	1	5	6	5	11	7	7.14	3.12	1416.90	1.05	-1526.00	
290	29.91	29.05	-11.56	4.17	11.36	22.17	-162.93	59.00	-31.18	44.02	0.00	15	6	16	1	6	4	9.12	11.48	1481.10	-1.90	-1552.20	
291	21.45	-20.28	-11.78	3.99	-9.39	24.20	0.00	0.00	-2.56	5.45	-0.81	1	4	11	0	15	14	2.80	7.71	1446.50	0.97	-1614.70	
292	20.50	23.48	-13.07	5.29	2.35	22.20	0.00	1.73	-7.96	29.97	0.00	7	3	17	0	17	6	5.56	14.60	1739.30	-9.18	-2019.50	
293	38.87	35.81	-11.90	3.83	6.26	23.31	-50.71	103.21	-13.44	21.36	0.00	12	5	20	0	4	4	10.67	13.88	1504.90	-1.28	-1450.70	
294	25.49	55.28	-11.87	2.16	8.92	19.01	-54.46	106.32	-3.41	48.15	-0.28	12	7	11	2	8	3	7.67	13.36	1501.10	13.89	-1715.20	
295	27.68	35.10	-9.99	3.07	6.67	21.01	-33.64	79.33	-13.83	22.68	0.00	7	7	10	4	7	2	5.33	8.14	1248.10	11.15	-1314.90	
296	29.94	9.48	-9.81	1.12	12.34	20.95	-84.16	0.00	-14.86	9.51	0.00	10	12	9	1	5	4	9.62	10.80	1709.50	8.92	-1704.20	
297	36.30	15.87	-11.53	2.19	8.25	20.32	0.00	28.57	0.00	0.00	0.00	9	15	14	3	7	5	6.28	7.73	1604.10	28.27	-1621.00	
298	22.19	7.57	-12.13	5.86	-0.36	20.86	-9.04	29.05	-8.12	6.31	0.00	9	1	24	0	3	11	11.19	20.11	1516.00	8.40	-1628.90	
299	24.20	21.99	-9.97	9.52	-1.73	21.99	-4.91	90.43	-13.81	0.00	0.00	3	5	10	3	12	7	6.99	4.70	1328.20	-0.58	-1416.50	
300	21.74	43.15	-15.55	8.32	13.15	22.23	-125.60	127.00	-19.02	35.39	0.00	14	7	17	2	3	4	9.05	15.73	1484.40	14.21	-1519.70	
301	44.25	-6.72	-13.19	4.20	3.35	19.05	-43.80	0.00	-16.50	9.73	0.00	7	0	17	0	4	4	6.53	8.98	1106.80	-4.27	-1084.30	
302	14.49	2.50	-13.26	5.10	-1.32	19.24	-3.51	22.03	-11.24	8.78	0.00	7	5	13	0	16	10	3.90	5.23	1473.20	33.21	-1567.10	
303	42.62	50.15	-10.43	4.33	6.19	21.78	-21.77	165.31	-29.84	12.88	-0.29	11	6	11	1	3	1	7.83	8.14	1244.80	20.18	-1111.40	
304	34.53	12.91	-15.10	2.96	11.57	24.25	-3.74	0.00	-11.60	0.00	0.00	6	13	21	3	6	1	8.61	9.78	1644.10	25.87	-1645.50	
305	37.44	16.21	-18.84	5.23	9.82	25.66	-67.46	67.65	-50.29	24.63	-0.96	8	8	12	1	10	9	15.41	20.84	1694.60	3.75	-1753.60	
306	40.55	14.89	-12.89	9.03	5.61	18.19	-58.23	31.66	-11.92	16.46	0.00	10	4	21	0	3	3	7.21	8.31	1322.90	-8.94	-1207.10	
307	24.48	14.62	-9.04	4.41	-0.75	27.79	0.00	4.23	0.00	10.89	0.00	7	7	15	0	6	7	8.41	10.84	1354.00	15.80	-1361.30	
308	25.49	5.47	-14.07	10.04	-2.86	20.88	-33.67	0.00	-11.70	22.57	0.00	10	2	33	0	7	14	8.94	20.65	2019.80	10.71	-2142.80	
309	41.30	4.92	-11.90	5.69	4.40	21.73	-26.69	11.61	-20.69	6.38	0.00	5	8	13	1	8	6	7.56	6.37	1415.90	22.19	-1325.80	
310	37.08	14.83	-14.89	9.90	7.58	22.47	-53.04	1.58	-12.39	22.63	0.00	10	11	11	1	9	11	3.91	3.86	1714.20	-1.71	-1668.40	
311	29.57	29.25	-10.67	7.57	6.39	21.37	-48.66	91.20	-4.86	7.37	0.00	7	6	8	4	8	4	4.69	3.28	1183.80	30.35	-1196.00	
312	33.80	11.59	-12.35	2.04	-0.19	22.15	-3.59	31.86	-14.09	14.99	0.00	5	2	20	0	5	18	6.06	12.21	1391.80	-15.18	-1455.80	
313	45.13	13.05	-8.29	0.19	4.47	22.72	-10.94	11.23	-6.97	5.40	0.00	6	5	7	3	8	5	1.57	6.58	1314.40	-0.23	-1423.60	
314	13.94	-7.54	-12.56	5.76	-4.68	20.98	0.00	0.00	0.00	0.00	0.00	3	6	22	0	9	15	2.53	9.52	1895.00	17.50	-1991.30	
315	36.14	-14.86	-15.19	11.39	-2.14	19.25	-49.24	20.23	-7.31	0.00	0.00	6	2	24	0	5	14	15.09	16.71	1650.80	7.67	-1658.70	
316	23.91	23.05	-10.99	8.55	5.25	22.01	-33.02	33.20	-8.83	9.30	0.00	10	6	11	3	9	10	5.26	6.96	1494.30	6.86	-1588.90	
317	19.12	-2.47	-9.77	2.99	-2.40	21.61	0.00	0.00	0.00	0.00	0.00	2	6	16	0	10	11	6.02	11.27	1545.80	-0.57	-1712.10	
318	34.27	26.50	-16.87	8.12	13.94	20.90	-205.09	192.11	-48.99	19.70	0.00	15	8	16	0	4	3	4.19	10.16	1256.70	-6.71	-1297.90	
319	31.11	-5.90	-11.95	3.96	-1.72	19.99	-32.10	0.00	-19.96	4.75	0.00	5	5	16	0	9	10	-0.13	8.02	1507.40	-8.98	-1601.10	
320	34.12	2.39	-10.19	7.90	0.82	20.39	-64.38	39.24	-20.60	6.61	0.00	5	4	13	0	10	14	-1.48	8.28	1348.00	-18.98	-1410.60	
321	34.69	8.52	-10.68	10.86	1.18	19.82	0.00	0.00	0.00	0.00	0.00	5	9	15	6	16	6	9.99	10.41	1786.40	13.49	-2009.60	
322	39.89	19.84	-13.42	4.54	7.29	17.79	-62.59	75.33	-33.94	18.45	-0.98	11	3	17	0	6	4	10.78	14.54	1433.10	1.58	-1324.20	
323	28.63	57.53	-9.88	1.73	12.28	25.61	-81.35	126.21	-26.33	36.93	0.00	16	4	11	0	1	0	9.81	12.86	1136.00	16.95	-1090.80	
324	45.35	25.97	-10.36	3.42	4.53	20.88	-36.94	50.34	-17.13	29.57	-0.87	4	6	14	1	11	5	6.21	7.29	1181.70	16.49	-1210.60	
325	45.75	13.46	-10.76	1.76	7.54	23.15	-44.26	34.42	-7.79	11.92	-0.40	2	8	13	2	8	1	5.57	4.81	1129.00	7.94	-1176.10	
326	37.31	18.17	-12.10	5.33	2.83	20.08	-7.76	22.93	-18.71	19.98	0.00	3	9	15	1	13	7	3.52	7.33	1438.30	-18.84	-1534.30	
327	29.04	39.82	-10.72	8.73	8.28	17.43	-23.22	34.31	-13.78	30.24	-0.34	8	7	15	4	7	1	7.72	13.48	1367.20	8.32	-1551.40	
328	43.05	-3.20	-12.21	10.88	-0.50	20.81	-5.47	0.00	-10.38	1.44	0.00	2	5	13	4	12	7	3.31	0.35	1734.30	18.36	-1702.70	
329	44.84	30.63	-9.37	5.58	-1.24	18.67	0.00	71.88	-11.63	21.45	0.00	5	6	14	5	8	10	3.87	10.59	1540.10	17.25	-1606.30	
330	30.00	-15.18	-10.66	3.40	-3.29	20.08	-33.99	0.00	-17.36	5.51	-0.30	3	0	20	0	3	15	2.35	8.26	1415.00	-12.59	-1420.40	
331	19.73	-35.63	-11.80	4.84	-9.29	17.29	-57.56	0.00	-7.05	0.00	-0.37	3	3	17	0	7	20	3.11	3.09	1594.00	4.44	-1676.90	
332	33.86	-5.56	-14.39	8.01	9.39	24.07	-40.43	0.00	-11.26	4.69	-1.67	7	4	16	0	4	9	5.37	9.56	1580.00	9.23	-1529.70	
333	45.19	6.18	-13.45	7.84	2.47	22.04	0.00	43.67	0.00	5.34	-0.33	5	9	13	1	6	9	9.89	-0.64	1514.50	19.68	-1450.90	
334	24.09	-8.72	-14.49	10.61	-5.37	23.45	-15.70	0.00	-8.32	0.00	0.00	3	6	10	0	11	24	-2.45	7.20	1865.30	-8.04	-1963.50	
335	13.91	-19.82	-12.43	1.90	-10.22	19.34	-8.20	0.00	-5.02	6.28	0.00	5	7	19	0	8	16	7.58	8.96	1596.20	5.48	-1729.10	
336	34.54	33.61	-8.70	1.78	7.52	20.97	-19.39	22.29	-22.06	26.71	0.00	9	7	10	3	4	2	1.41	7.21	1386.30	2.15	-1527.80	
337	16.05	-17.35	-9.34	1.99	-6.28	22.41	-43.17	31.79	-6.73	3.59	0.00	6	1	16	0	13	19	1.66	8.40	1609.20	11.38	-1712.40	
338	25.99	-15.82	-16.89	5.08	6.72	27.35	-208.21	23.64	-34.85	26.36	-1.57	14	7	16	0	9	5	11.09	18.31	1654.50	8.00	-1686.20	
339	43.38	21.91	-9.27	5.68	5.96	21.52	-47.75	43.43	-37.85	18.23	0.00	13	10	12	2	7	1	4.59	10.57	1233.90	0.50	-1152.00	
340	36.81	34.74	-16.80	5.38	6.74	18.03	-34.49	109.94	-20.71	28.82	0.00	10	9	22	0	8	3	10.98	14.86	1571.70	14.55	-1533.70	
341	21.28	1.36	-11.05	3.65	2.01	19.80	-29.06	0.00	-2.88	6.43	-0.33	7	3	20	0	6	5	8.41	18.00	1415.80	12.23	-1461.50	
342	8.20	-6.86	-9.10	5.74	-5.50	24.24	-16.14	0.00	-9.59	4.94	0.00	3	2	17	0	12	12	5.73	9.40	1410.90	23.08	-1462.30	
343	36.37	13.35	-12.52	10.03	0.18	17.06	-40.17	9.37	-9.83	27.69	-0.84	7	2	19	0	8	8	3.65	9.46	1355.40	-4.65	-1384.50	
344	33.42	8.66	-10.80	5.27	9.25	18.63	-42.01	6.68	0.00	3.21	0.00	8	13	21	2	5	1	6.95	11.44	1494.50	2.18	-1482.40	
345	27.18	15.56	-15.45	5.39	1.20	21.42	0.00	65.83	0.00	19.10	0.00	4	15	14	1	9	8	13.87	10.55	1594.80	14.70	-1760.00	
346	43.71	-6.90	-9.65	5.43	-0.13	21.68	-39.49	19.34	-13.85	0.00	0.00	4	10	14	2	8	3	8.50	4.45	1361.80	17.16	-1336.30	
347	20.99	0.46	-11.84	4.69	-2.19	20.70	0.00	20.12	0.00	1.08	0.00	8	3	22	0	7	10	10.43	17.46	1461.50	18.54	-1549.60	
348	47.12	39.68	-10.20	3.24	5.04	24.62	-48.65	103.24	-12.82	25.56	0.00	5	6	13	2	7	1	9.37	7.73	1204.40	-0.45	-1113.20	
349	25.41	46.06	-12.85	3.40	11.78	24.13	-67.81	160.07	-22.11	13.03	0.00	14	8	18	1	4	3	14.30	19.82	1352.80	14.47	-1414.00	
350	35.58	35.22	-9.26	1.15	8.98	21.13	-12.05	39.22	-14.07	21.13	0.00	5	9	6	4	11	5	3.33	7.74	1284.60	2.32	-1466.80	
351	30.80	23.48	-12.64	3.84	10.57	19.00	-42.66	36.02	-21.10	17.46	0.00	9	7	15	5	5	2	4.82	11.56	1353.70	7.96	-1409.00	
352	33.14	29.18	-15.05	7.89	9.44	16.45	-4.01	53.18	-15.19	16.58	-0.77	8	9	13	0	2	1	11.56	9.14	1179.20	20.94	-1192.00	
353	27.50	37.78	-17.09	8.06	13.06	15.21	-72.86	102.84	-57.33	28.37	0.00	19	9	19	2	5	4	10.11	18.41	1430.70	13.17	-1553.30	
354	27.78	15.87	-12.40	7.74	6.73	20.93	-53.84	21.31	-13.99	14.78	0.00	6	7	13	1	7	5	8.45	10.39	1198.00	9.17	-1242.00	
355	35.93	49.45	-13.72	8.72	15.40	21.03	0.00	70.66	-11.23	18.63	0.00	10	12	17	0	8	1	3.48	6.00	1475.40	4.17	-1432.50	
356	44.83	-16.70	-10.45	3.61	-13.80	27.79	-4.89	78.32	-5.97	16.00	0.00	1	0	12	0	4	17	6.91	2.64	1400.50	-9.19	-1291.40	
357	26.65	8.13	-7.78	1.48	2.37	22.90	-28.69	6.24	-13.64	6.21	-0.64	5	4	7	8	8	5	2.54	5.14	1472.30	3.21	-1473.20	
358	45.71	-0.67	-10.31	5.33	-0.42	18.52	-42.58	59.25	-16.76	0.00	0.00	4	10	9	7	9	7	4.66	-0.30	1298.10	39.01	-1346.00	
359	44.80	-11.05	-13.00	7.34	-0.06	19.57	-61.98	10.49	-18.44	7.03	-0.27	4	3	12	4	15	9	0.24	-1.36	1472.70	7.16	-1479.50	
360	34.83	15.57	-14.85	8.54	5.39	18.87	-47.42	37.46	-10.50	21.17	-0.69	9	6	16	0	7	13	1.73	4.35	1590.10	-10.83	-1597.10	
361	18.79	53.90	-14.28	8.69	6.95	28.24	-18.09	95.76	-24.69	32.68	-1.14	13	6	18	0	4	7	6.52	9.00	1316.80	9.75	-1414.70	
362	43.42	6.77	-12.74	2.96	9.00	21.76	-12.88	0.00	-5.57	3.08	-0.46	5	12	17	4	9	0	5.10	0.46	1471.40	22.75	-1408.10	
363	33.60	22.93	-13.33	12.66	11.63	21.57	-28.35	0.00	-19.26	4.47	0.00	6	16	21	0	10	6	14.11	14.35	1635.10	7.78	-1848.30	
364	26.87	34.61	-13.91	5.44	15.54	16.28	-90.11	94.42	-28.51	20.96	0.00	9	9	13	0	2	4	8.21	12.78	1111.90	16.00	-1113.10	
365	39.24	-12.63	-16.44	3.38	0.89	20.96	-28.94	0.00	-10.59	6.55	-0.56	8	4	19	0	5	2	14.60	15.39	1403.50	-5.51	-1381.20	
366	19.66	-8.05	-12.35	5.03	-1.11	17.33	0.00	0.00	0.00	0.00	-0.33	2	6	11	0	17	7	1.60	5.84	1501.40	4.17	-1607.00	
367	31.89	21.62	-13.87	4.45	9.38	20.60	-27.40	46.55	-14.02	10.63	-0.35	5	15	11	2	7	1	6.66	8.86	1150.00	12.01	-1330.30	
368	33.68	-4.20	-12.97	5.84	1.17	16.73	0.00	0.00	0.00	0.00	0.00	5	6	17	1	5	5	12.09	7.76	1170.30	21.00	-1260.00	
369	23.64	-4.36	-10.37	3.12	0.62	20.46	-27.53	1.70	-15.27	3.33	0.00	5	2	18	0	16	5	1.69	6.87	1334.20	-1.25	-1465.50	
370	36.62	33.26	-15.17	4.58	14.02	22.03	-79.17	101.75	-50.31	17.03	0.00	18	9	16	0	1	2	8.32	14.88	1381.00	-1.08	-1315.40	
371	40.22	-21.30	-13.41	7.13	-3.82	17.87	-49.43	2.80	-24.39	6.78	-0.98	7	1	15	0	3	13	9.82	13.23	1544.00	2.17	-1472.70	
372	31.76	28.66	-12.70	2.89	12.72	21.64	-22.20	34.94	-9.50	13.79	-0.25	8	9	13	0	5	8	3.38	10.98	1325.80	-4.47	-1346.50	
373	34.85	6.11	-11.71	2.43	5.91	21.91	-21.39	25.13	0.00	14.00	0.00	5	7	20	2	10	7	10.00	7.76	1554.10	15.32	-1561.50	
374	35.22	4.64	-9.93	2.62	0.63	26.68	-13.72	0.00	-16.43	6.71	0.00	8	8	17	0	6	3	9.79	7.99	1253.80	20.97	-1238.10	
375	32.29	23.70	-8.93	4.85	7.89	23.50	-43.97	14.21	-2.52	14.50	-0.62	7	10	12	5	6	1	7.09	9.72	1458.10	3.22	-1571.50	
376	34.92	19.98	-13.15	5.91	9.74	21.85	-33.77	15.00	-21.49	11.65	0.00	8	12	12	1	3	0	10.01	10.00	1090.00	20.93	-1118.20	
377	16.63	-0.39	-15.90	8.99	0.21	19.55	-7.10	11.51	-5.48	8.48	-1.28	7	4	17	0	7	13	7.91	15.16	1468.60	13.51	-1601.90	
378	40.50	17.52	-10.31	5.41	-4.17	28.08	-4.73	9.65	-35.90	25.85	-1.00	7	5	5	0	14	4	5.15	2.29	1335.60	-6.75	-1472.60	
379	44.30	4.05	-13.69	8.52	-1.26	21.97	-27.32	15.55	-12.15	11.95	0.00	6	6	17	0	7	8	4.71	3.77	1172.70	-17.95	-1174.80	
380	44.99	-5.18	-15.74	7.35	3.17	14.85	-93.71	52.82	-10.53	13.28	0.00	8	6	17	1	6	8	7.95	10.11	1226.20	-11.52	-1109.50	
381	34.26	17.13	-12.18	2.18	8.00	21.42	-57.99	44.78	-18.16	17.37	-0.29	11	10	10	2	10	1	8.28	11.87	1399.10	14.94	-1497.00	
382	35.56	57.42	-14.59	7.34	13.82	26.01	-133.99	104.55	-22.98	62.07	-2.87	15	7	21	1	3	3	6.46	13.15	1367.50	-11.63	-1420.20	
383	30.27	-5.26	-10.62	6.32	-3.14	24.27	-25.70	0.00	0.00	0.00	0.00	2	4	15	0	16	9	-1.12	3.23	1462.20	-24.52	-1531.60	
384	42.16	18.76	-13.48	6.79	-3.20	26.61	0.00	46.10	0.00	20.08	0.00	5	6	16	1	19	7	4.37	-1.92	1665.30	26.14	-1705.70	
385	39.83	20.39	-15.69	13.67	3.69	23.69	-9.53	23.90	-28.93	22.30	-0.33	10	8	22	0	9	15	14.46	11.20	1809.00	3.65	-1773.30	
386	40.65	16.98	-12.30	2.59	-0.24	22.87	0.00	35.32	-14.94	15.68	0.00	9	6	24	0	6	7	14.77	20.80	1716.40	-0.24	-1833.20	
387	37.19	-19.65	-11.55	3.66	-2.05	24.04	-33.48	69.02	-3.79	0.00	0.00	3	8	11	0	3	9	7.10	7.28	1256.00	-3.69	-1246.90	
388	20.82	13.33	-11.50	2.91	7.92	17.13	-68.56	42.82	-19.21	14.28	-0.31	5	2	20	0	7	13	3.17	12.28	1545.70	2.21	-1684.80	
389	18.26	-17.31	-10.48	1.28	-7.13	21.32	-12.78	0.00	-18.91	2.99	0.00	2	1	12	0	2	24	-0.61	12.46	1646.00	-5.70	-1724.20	
390	23.57	20.04	-12.03	4.48	3.24	24.90	-4.64	8.55	-14.55	18.22	0.00	9	4	24	0	11	7	7.57	18.27	1512.30	-10.81	-1664.60	
391	27.05	19.27	-9.38	5.54	-1.21	18.42	0.00	18.42	0.00	24.76	0.00	5	4	18	0	14	11	1.59	0.84	1586.70	17.05	-1662.70	
392	33.85	28.00	-14.03	4.93	7.60	21.74	-92.88	30.07	-35.68	44.80	0.00	8	4	9	2	2	2	5.75	10.62	917.90	13.80	-959.90	
393	29.95	13.82	-12.93	6.52	6.40	20.08	-23.61	0.00	-3.20	12.26	-0.26	7	13	10	0	6	2	6.15	12.90	1288.00	2.28	-1502.60	
394	15.79	8.20	-13.59	6.91	-1.89	16.18	-3.34	66.19	-2.89	3.56	-0.34	3	5	7	0	20	8	-0.43	-2.31	1430.20	6.48	-1649.00	
395	43.61	13.74	-11.55	6.54	4.03	18.25	-3.37	12.90	-13.06	12.47	0.00	6	4	13	0	6	5	10.48	7.49	1279.60	1.23	-1255.60	
396	25.45	9.18	-12.18	5.57	4.15	21.47	-59.43	9.96	-15.14	23.91	-0.53	9	6	33	0	10	10	10.39	21.39	1715.20	-1.55	-1977.70	
397	38.45	13.56	-12.79	9.65	2.13	28.28	0.00	15.03	-3.30	12.88	0.00	3	4	15	0	7	4	8.25	11.99	1218.50	-2.70	-1287.30	
398	40.88	-11.36	-11.27	4.56	-4.59	21.43	-3.72	0.00	-4.60	6.54	0.00	3	5	10	0	5	8	1.32	1.59	1340.80	-7.77	-1217.90	
399	26.98	-6.80	-9.94	3.39	-7.09	21.60	-6.81	0.00	-8.58	0.00	0.00	4	5	20	0	13	19	8.23	15.60	1710.80	-9.43	-1963.70	
400	35.17	44.59	-11.47	8.82	11.48	21.74	-49.00	62.91	-30.92	31.48	0.00	12	7	19	0	2	1	5.00	8.08	1168.30	-0.64	-1189.20	
401	43.48	-10.19	-10.87	4.74	-1.17	21.27	0.00	0.00	0.00	0.00	0.00	3	8	13	2	15	6	4.52	-2.87	1519.50	26.12	-1572.40	
402	17.59	1.07	-12.09	7.84	-0.85	21.15	0.00	0.00	0.00	0.00	0.00	1	3	7	0	17	5	-0.64	3.49	1178.10	3.82	-1313.20	
403	33.16	1.99	-9.55	7.52	1.30	20.76	-17.22	0.00	-10.40	0.00	0.00	1	5	13	4	14	4	6.91	3.97	1491.40	1.55	-1589.30	
404	36.67	14.20	-7.44	2.00	3.75	22.80	-12.03	27.69	-8.03	0.00	0.00	4	6	10	3	9	1	2.44	5.51	1208.60	2.77	-1388.90	
405	41.34	42.63	-14.29	15.74	7.73	23.75	-37.98	72.40	-27.85	28.03	-0.28	9	11	16	2	6	4	12.62	15.41	1609.40	18.95	-1643.00	
406	43.36	6.50	-8.02	2.57	-0.50	23.83	0.00	59.38	-3.05	1.98	0.00	3	2	4	0	9	11	3.41	-3.05	1162.30	4.85	-1177.40	
407	34.02	30.42	-10.53	1.83	9.21	19.39	-18.28	70.52	-15.80	12.27	0.00	5	9	10	2	4	0	5.73	6.70	1036.80	13.10	-1218.10	
408	35.22	71.53	-16.10	9.75	17.10	20.95	-56.72	70.75	-25.27	64.16	0.00	17	10	20	0	6	2	12.99	19.84	1692.70	0.54	-1755.10	
409	40.73	19.93	-10.84	3.48	2.91	23.12	-59.85	86.28	-20.48	18.59	-0.27	10	2	11	0	7	2	4.55	8.39	1164.20	-4.66	-1233.60	
410	28.35	0.05	-8.60	2.28	1.29	20.34	-56.91	34.66	-15.74	0.00	0.00	10	7	10	6	10	6	4.55	8.08	1632.30	18.97	-1642.20	
411	41.63	55.10	-9.77	7.83	5.34	19.77	-12.54	125.65	-4.20	30.23	-0.42	5	3	21	0	8	6	2.39	7.13	1196.60	-23.00	-1276.50	
412	34.36	11.25	-7.26	3.23	0.11	23.39	-38.30	9.02	-12.49	16.18	0.00	3	7	23	0	9	16	0.68	11.77	1716.50	-19.72	-1952.00	
413	42.14	28.48	-11.49	5.45	1.63	20.39	0.00	113.06	-3.72	10.84	0.00	4	10	14	4	10	10	12.35	11.02	1651.70	26.89	-1687.70	
414	19.64	5.35	-11.64	3.00	-3.45	19.51	0.00	11.10	0.00	14.42	0.00	3	1	14	0	9	14	-4.34	5.48	1268.30	-10.22	-1487.10	
415	40.92	41.22	-12.93	4.94	5.34	18.75	-5.78	96.60	-6.52	26.70	0.00	7	4	19	0	5	5	6.37	5.12	1153.40	-6.21	-1115.90	
416	23.64	4.91	-10.84	6.92	1.67	23.15	-3.68	0.00	-5.39	7.69	-0.64	6	9	14	0	1	7	9.53	4.16	1291.20	15.73	-1271.10	
417	34.14	0.83	-11.25	6.55	-0.37	19.36	-3.23	7.39	-2.20	5.11	-0.94	4	6	13	3	8	8	7.25	1.57	1398.80	15.67	-1470.60	
418	42.33	21.06	-12.59	2.39	1.61	23.02	-16.94	94.16	-13.39	13.50	-0.70	5	2	21	0	8	15	5.93	7.86	1481.50	-16.22	-1495.60	
419	31.74	14.46	-9.56	8.50	5.70	21.34	-64.53	38.67	-10.56	5.89	-0.57	8	11	13	5	4	2	5.14	11.54	1345.60	8.47	-1573.00	
420	34.81	12.94	-16.66	12.22	5.03	19.42	0.00	30.15	-9.23	0.00	0.00	5	9	8	4	13	7	3.59	1.63	1576.50	9.37	-1676.50	
421	30.41	16.74	-14.31	5.56	8.74	20.63	-79.94	9.81	-22.79	33.02	-0.61	7	14	10	3	8	1	6.60	10.49	1310.50	3.95	-1485.60	
422	41.87	-9.78	-14.30	9.25	-1.54	19.14	-33.42	0.00	0.00	7.76	0.00	2	8	10	1	4	12	-1.51	3.72	1317.10	-18.64	-1228.80	
423	18.19	8.30	-12.89	12.13	-5.97	19.58	0.00	62.16	0.00	0.00	0.00	9	3	22	0	5	17	5.53	11.85	1619.90	9.42	-1737.60	
424	28.19	23.48	-9.81	3.16	1.73	23.42	-34.78	36.60	-7.07	23.37	0.00	5	12	7	1	13	4	1.76	1.05	1204.10	11.32	-1417.50	
425	28.80	4.30	-6.55	3.23	-2.40	20.08	-3.47	0.00	-5.09	5.87	0.00	0	3	10	0	9	13	0.11	9.75	1239.70	-17.12	-1418.20	
426	36.88	-40.43	-9.52	3.80	-8.14	20.52	-3.34	0.00	0.00	0.00	0.00	6	6	9	0	8	12	6.83	3.99	1547.70	12.69	-1565.00	
427	31.71	4.59	-11.44	5.68	-1.81	21.03	-3.75	8.63	-7.64	6.32	0.00	2	3	8	0	16	5	-2.98	3.04	1123.20	-21.29	-1275.70	
428	34.91	30.70	-12.09	3.82	11.52	21.85	-73.00	81.77	-15.24	15.43	-0.36	7	9	9	1	4	2	5.91	5.62	876.10	0.75	-894.80	
429	40.87	22.64	-8.39	2.33	6.44	18.90	-20.54	42.64	-26.61	13.31	0.00	10	8	8	1	5	1	5.52	6.13	1028.90	2.39	-983.90	
430	29.38	9.03	-15.09	7.23	12.24	20.63	-167.70	18.72	-45.18	33.92	0.00	17	6	15	3	1	6	8.36	10.71	1725.70	13.94	-1724.70	
431	33.91	14.27	-14.61	4.90	13.68	20.42	-74.54	21.61	-23.02	13.44	-0.69	12	5	9	5	7	2	6.33	7.38	1476.80	32.35	-1455.30	
432	43.23	-0.55	-8.11	2.17	-4.53	22.33	0.00	13.39	0.00	13.31	0.00	2	4	2	5	14	8	0.51	-1.64	1353.80	5.03	-1489.00	
433	26.74	-17.38	-9.15	7.03	-10.61	21.35	0.00	0.00	0.00	0.00	0.00	4	3	20	0	5	31	5.88	13.60	1783.80	2.31	-1952.10	
434	30.02	18.27	-11.39	10.30	2.42	16.85	-28.53	46.30	-12.46	13.37	0.00	8	3	18	0	1	4	11.77	15.62	1400.90	8.64	-1385.80	
435	30.64	38.96	-15.48	9.30	16.93	18.63	-89.90	101.93	-12.15	21.10	-0.40	8	11	13	0	3	1	8.36	12.13	1083.90	14.81	-1139.50	
436	35.88	20.19	-11.94	0.73	11.32	19.87	-25.50	35.05	-25.39	5.66	-0.35	6	12	7	3	8	2	5.18	14.14	1305.60	3.67	-1374.70	
437	43.50	-14.01	-9.02	4.23	2.03	21.29	-72.17	0.00	-8.21	2.03	0.00	3	6	10	1	2	8	3.27	6.13	1077.00	6.65	-1132.80	
438	43.75	10.95	-9.60	4.36	2.72	19.48	-35.35	20.26	-14.28	15.45	-1.35	6	10	8	2	12	5	3.20	-4.78	1276.30	31.11	-1246.90	
439	37.39	11.75	-13.81	5.01	7.02	20.88	0.00	2.12	0.00	6.03	0.00	1	8	9	8	12	2	2.50	3.06	1287.70	1.41	-1343.20	
440	22.21	-22.86	-13.63	8.35	-11.10	18.77	-35.94	13.85	-12.81	3.58	0.00	4	2	13	0	8	24	3.42	9.83	1684.90	7.67	-1797.00	
441	27.95	17.70	-10.92	2.34	8.63	19.54	-3.46	15.00	-5.50	9.88	0.00	5	8	6	1	4	6	2.59	5.39	1018.70	4.89	-1096.40	
442	32.65	0.23	-11.02	6.77	4.64	21.49	-25.56	29.68	-17.23	0.00	0.00	8	5	27	0	4	6	10.89	14.15	1667.80	8.39	-1644.90	
443	25.54	15.14	-7.81	3.23	-1.80	19.09	-36.29	53.51	0.00	19.10	0.00	6	2	23	0	6	10	8.86	20.75	1616.60	5.02	-1703.20	
444	16.68	0.55	-14.49	5.93	-2.67	22.42	0.00	7.82	-5.47	6.87	0.00	5	6	14	0	5	21	-0.57	9.69	1834.80	7.59	-1838.30	
445	34.10	-6.16	-14.22	6.83	-9.44	24.24	0.00	15.08	-6.08	13.21	-0.25	4	0	20	0	8	19	4.06	11.10	1680.50	-10.32	-1753.50	
446	16.04	27.38	-9.99	1.91	4.24	20.21	0.00	13.61	-9.79	25.85	-0.23	6	4	16	0	7	3	7.45	8.32	1307.10	-1.72	-1300.10	
447	33.04	13.62	-12.25	4.79	3.43	18.64	-46.21	51.65	-7.73	11.14	0.00	4	5	25	1	6	17	13.02	14.98	1762.10	-11.54	-1950.60	
448	43.90	-10.48	-9.08	4.94	-3.34	22.86	0.00	0.00	0.00	1.35	0.00	3	1	11	1	12	11	4.20	1.91	1282.20	12.66	-1265.70	
449	10.66	-21.33	-14.35	4.40	-8.39	17.32	0.00	0.00	0.00	0.00	0.00	5	6	11	0	7	23	0.12	5.74	1932.50	11.01	-1934.30	
450	34.92	51.55	-18.04	9.76	12.19	18.26	-48.43	119.59	-49.93	39.94	-0.67	15	5	33	1	12	19	8.14	22.74	2016.80	-20.47	-2234.00	
451	21.48	32.16	-9.42	4.06	9.82	26.76	-34.02	34.31	-14.36	14.54	0.00	7	12	12	0	5	4	6.05	10.57	1184.40	19.47	-1149.00	
452	33.19	30.72	-14.10	10.99	11.01	21.22	-39.30	56.73	-8.62	18.97	-0.32	5	6	12	1	6	1	3.94	7.24	1328.50	5.27	-1453.00	
453	42.15	0.59	-10.65	2.50	-1.39	23.69	-4.47	12.49	-8.14	5.83	0.00	4	4	18	0	2	14	7.20	7.51	1389.20	-5.97	-1258.70	
454	39.04	2.77	-6.63	1.37	-2.68	31.33	-87.84	8.03	0.00	17.29	-1.00	10	4	23	0	13	8	17.68	18.18	1935.90	-6.48	-1989.50	
455	22.58	12.74	-9.28	3.33	-0.65	20.33	0.00	34.31	0.00	6.70	-0.86	3	6	12	0	6	6	1.48	10.02	1499.30	3.71	-1492.50	
456	44.75	20.75	-6.45	3.53	1.80	25.91	-7.24	17.48	-2.55	16.57	0.00	5	5	6	3	12	4	2.89	3.21	1118.00	10.57	-1244.10	
457	45.42	42.69	-16.73	5.79	9.72	19.64	-30.17	38.10	-12.99	49.54	0.00	6	3	21	1	3	3	9.00	10.99	1240.70	-13.57	-1159.00	
458	37.86	-2.59	-9.56	3.45	-0.02	23.44	0.00	0.00	0.00	5.36	-0.29	2	1	15	0	2	7	7.44	6.87	1309.90	-1.55	-1220.60	
459	45.86	-1.80	-11.38	7.22	0.48	21.58	-26.94	0.00	-2.88	10.19	0.00	4	4	14	2	8	6	4.62	7.22	1147.80	15.60	-1094.80	
460	30.53	-1.67	-12.72	5.97	0.78	20.41	-75.47	7.87	-18.82	17.95	-0.92	5	8	13	2	6	4	8.15	12.02	1174.40	11.55	-1223.40	
461	40.71	-48.00	-15.52	8.04	-10.49	22.33	-38.62	7.11	-9.39	8.51	0.00	7	5	17	0	8	18	2.73	5.31	1958.70	-2.48	-1867.90	
462	26.75	33.70	-14.79	11.15	8.93	19.81	-29.46	35.50	-31.40	27.60	0.00	12	7	14	0	6	4	8.98	16.19	1298.80	15.41	-1295.30	
463	35.86	4.81	-14.31	6.86	2.03	18.12	-64.53	21.49	-13.77	25.95	0.00	7	7	14	0	6	8	1.38	4.87	1280.90	-14.27	-1408.60	
464	31.55	19.27	-10.54	4.17	7.32	23.03	-27.26	12.24	-17.71	13.54	-1.89	11	6	11	4	3	0	8.32	9.68	1132.30	22.57	-1116.60	
465	28.43	22.68	-9.43	6.23	10.94	19.35	-13.95	17.54	-5.59	2.95	0.00	6	10	12	2	6	0	8.22	6.87	1048.20	10.26	-1073.20	
466	45.39	-25.01	-9.16	4.31	-6.84	28.55	0.00	0.00	0.00	0.00	0.00	1	3	13	2	6	10	1.83	-0.86	1363.30	7.20	-1315.80	
467	36.88	-8.21	-11.79	5.41	1.69	19.94	-34.62	0.00	-6.28	0.00	0.00	8	1	14	0	3	4	11.58	14.20	1246.70	-6.91	-1189.90	
468	23.08	19.43	-16.11	6.95	2.14	16.35	-13.13	66.67	-11.95	20.75	0.00	14	4	29	0	15	19	15.84	26.13	2259.50	1.00	-2580.60	
469	43.81	-14.76	-9.33	4.42	-8.14	23.02	-13.60	0.00	-4.11	6.46	0.00	2	3	5	0	5	11	2.49	5.67	1112.20	-14.46	-1078.40	
470	38.77	24.01	-12.84	15.67	-0.45	17.32	-32.76	45.47	-12.47	33.84	-0.99	7	7	9	0	15	7	-3.82	3.48	1266.40	-21.15	-1386.60	
471	20.12	-8.42	-11.65	6.42	-7.07	20.23	0.00	0.00	-4.34	5.90	0.00	4	4	12	0	12	19	0.71	7.26	1449.70	0.89	-1719.00	
472	17.51	4.34	-9.90	3.24	1.65	20.65	0.00	0.00	0.00	0.00	0.00	3	2	16	0	1	13	5.99	18.33	1387.10	3.42	-1368.60	
473	36.17	16.78	-10.53	4.19	3.94	22.55	-11.07	46.47	-11.48	3.19	0.00	5	5	16	0	13	5	3.01	4.66	1231.30	3.92	-1231.50	
474	27.58	6.81	-9.16	2.73	-0.56	19.64	-41.88	25.13	-13.09	17.54	0.00	6	1	22	0	3	7	5.53	17.44	1377.30	-8.57	-1478.80	
475	32.82	10.73	-13.58	7.03	5.65	20.33	-7.12	32.36	-5.22	6.56	-0.95	7	8	18	1	3	13	6.30	8.67	1547.20	0.91	-1527.00	
476	32.52	29.00	-11.44	4.49	13.61	19.74	-23.44	44.91	-21.54	8.06	-0.92	9	14	11	0	1	2	4.10	9.29	1242.00	10.73	-1226.30	
477	34.74	69.56	-14.35	0.31	16.61	19.42	-33.80	77.80	-16.33	64.38	0.00	11	11	4	2	3	2	6.49	11.17	1238.80	0.91	-1234.00	
478	31.04	-5.00	-9.17	0.56	-2.31	18.30	0.00	0.00	0.00	0.00	-0.25	2	5	9	1	14	5	2.14	2.64	1441.10	6.13	-1446.80	
479	18.87	-9.43	-14.94	8.73	-6.83	21.81	-7.27	0.00	0.00	5.33	0.00	6	4	14	0	16	13	5.09	8.05	1779.50	13.33	-1915.60	
480	43.75	-11.49	-10.70	4.35	-8.84	19.52	-29.43	36.94	-7.62	18.26	0.00	3	6	8	1	9	14	8.50	6.11	1386.10	-13.97	-1366.20	
481	25.51	47.44	-9.17	3.68	10.33	22.76	-93.79	129.52	-14.46	26.52	0.00	12	3	12	0	2	1	11.27	13.14	1017.90	8.90	-969.40	
482	43.58	29.88	-9.38	1.23	6.39	18.82	-33.97	63.85	-31.12	21.45	0.00	7	6	12	2	4	3	3.17	7.09	1322.20	4.38	-1428.30	
483	31.36	30.04	-10.09	2.71	15.36	21.03	-119.60	75.46	-31.34	19.55	0.00	15	7	14	0	2	1	11.06	17.17	1504.10	16.58	-1436.10	
484	28.47	26.80	-9.42	5.14	3.99	21.83	0.00	23.88	-6.95	18.33	0.00	8	6	10	0	3	3	5.10	8.87	988.70	6.97	-1023.60	
485	41.90	-31.28	-11.43	4.59	-6.31	23.99	-7.16	0.00	-2.40	0.00	0.00	4	4	7	1	4	17	3.28	2.79	1415.60	8.20	-1383.80	
486	21.73	27.90	-12.41	4.15	11.03	21.93	-112.38	23.75	-17.54	43.89	-1.23	11	6	11	1	5	3	9.44	7.35	1483.80	1.14	-1442.20	
487	43.74	-7.18	-10.71	4.20	0.66	22.28	-18.41	0.00	-8.43	0.00	0.00	7	8	8	2	3	5	-1.38	-2.40	1288.80	4.90	-1242.60	
488	40.74	10.89	-12.04	3.02	-2.88	22.76	-26.77	98.05	-7.30	13.36	0.00	5	3	19	1	13	10	3.89	4.20	1845.70	-0.84	-1789.50	
489	30.94	-3.03	-15.88	10.84	0.88	19.49	-45.91	41.51	-26.42	0.00	0.00	11	1	22	0	9	4	7.00	15.23	1586.90	2.92	-1592.90	
490	31.30	8.58	-9.58	6.16	-3.17	20.20	0.00	37.18	0.00	6.09	0.00	2	3	10	0	4	22	1.18	6.96	1420.80	-18.47	-1473.50	
491	45.74	13.77	-8.84	2.21	0.43	26.11	0.00	28.04	-2.98	11.81	0.00	1	4	4	3	14	6	0.87	3.47	1122.80	8.59	-1227.80	
492	27.58	29.64	-11.73	8.97	6.30	18.68	-22.66	78.51	-19.24	12.57	0.00	5	8	12	4	9	1	8.63	7.50	1280.00	-1.94	-1300.70	
493	32.29	18.28	-12.11	8.64	8.89	24.93	-17.48	2.42	-16.56	5.83	-0.83	6	10	11	0	4	2	5.69	7.11	1387.90	12.72	-1402.10	
494	20.96	10.55	-9.86	7.87	-1.24	19.09	-21.31	23.17	-11.89	10.55	0.00	5	1	14	0	3	10	6.63	9.97	1122.80	5.54	-1207.60	
495	32.89	52.18	-11.03	4.88	-0.17	22.18	-7.57	122.13	-18.95	36.96	0.00	7	2	20	0	6	5	3.24	15.74	1474.30	-15.27	-1691.90	
496	29.84	22.83	-8.78	0.10	7.24	17.08	-42.20	28.90	-8.40	22.71	0.00	7	11	12	2	5	2	4.99	4.39	1111.00	29.00	-1135.20	
497	35.00	23.20	-9.92	2.04	8.95	25.04	-69.50	31.55	-48.07	21.12	0.00	10	6	7	1	4	4	-0.60	6.26	1270.20	-0.20	-1370.70	
498	34.83	13.85	-11.88	1.45	2.57	19.97	0.00	54.77	-4.39	2.39	-0.90	3	6	7	9	13	1	-1.43	-1.61	1460.20	3.10	-1726.50	
499	43.75	26.39	-11.85	2.13	1.89	19.12	0.00	85.52	-4.33	16.07	0.00	7	3	16	0	3	7	4.90	3.79	981.70	-9.65	-914.60	
500	32.59	29.89	-11.83	3.89	13.84	22.09	0.00	4.16	-2.46	14.47	-0.79	6	10	12	1	9	4	1.18	7.81	1567.30	8.46	-1538.90	
501	29.60	47.22	-10.93	3.18	9.83	18.36	-45.22	124.65	-19.45	22.91	0.00	12	9	11	1	0	2	8.99	13.43	1373.60	13.28	-1300.60	
502	35.16	29.05	-14.26	4.00	10.04	21.44	-97.33	68.29	-24.97	32.28	0.00	8	11	6	6	11	1	8.36	8.78	1256.30	1.97	-1387.30	
503	19.71	4.61	-11.57	7.53	-0.34	20.40	0.00	0.00	-3.25	0.00	0.00	4	2	22	0	9	6	1.85	13.23	1470.70	2.96	-1781.50	
504	46.69	9.71	-11.38	3.37	4.27	18.16	-16.24	11.72	-7.42	19.56	0.00	5	4	10	2	9	3	6.05	7.47	1181.80	15.06	-1107.00	
505	32.59	35.54	-14.12	12.10	9.69	23.28	-87.29	81.73	-17.89	25.96	0.00	12	5	24	0	6	4	19.61	18.05	1726.30	14.61	-1754.70	
506	22.12	0.91	-13.41	8.92	-3.54	17.84	-9.41	42.09	-5.64	7.54	0.00	6	2	17	0	10	12	1.68	13.48	1365.30	6.78	-1610.30	
507	44.29	2.15	-11.83	5.03	3.09	19.50	-50.10	21.41	-15.48	11.34	0.00	5	6	16	4	6	9	10.23	11.99	1367.90	16.87	-1394.90	
508	36.47	4.43	-12.75	7.12	0.88	20.08	-16.02	19.92	-6.12	4.46	0.00	7	12	4	6	15	7	3.37	-0.02	1653.60	21.86	-1720.70	
509	44.66	7.37	-9.97	1.41	2.43	22.10	-12.91	30.25	-2.61	6.82	-1.25	3	7	13	2	3	1	4.51	0.82	1375.60	19.56	-1250.50	
510	19.62	1.38	-10.39	4.45	-0.73	23.33	-8.40	0.00	-10.41	0.00	0.00	1	3	6	0	11	6	0.78	6.31	1121.40	-0.67	-1261.40	
511	23.36	49.28	-11.99	7.62	9.31	24.57	-49.98	142.27	-31.82	13.10	0.00	8	6	9	1	7	3	3.36	8.28	1078.30	4.09	-1210.00	
512	34.51	19.55	-9.47	0.81	11.88	20.30	-10.17	15.64	-11.11	8.72	-1.07	10	11	9	0	2	5	2.65	4.54	1392.20	2.84	-1305.00	
513	29.30	12.69	-11.74	5.79	6.48	20.97	0.00	8.83	-16.14	8.25	-0.56	6	2	23	3	8	8	8.87	13.48	1677.20	16.39	-1637.60	
514	45.42	21.51	-9.42	2.41	10.30	26.09	-119.74	90.93	-18.59	11.75	-1.31	12	5	13	0	4	0	3.84	8.77	1080.10	-8.99	-1016.30	
515	37.68	21.81	-9.05	2.38	8.31	22.27	-128.23	100.87	-43.92	23.81	-0.90	10	5	8	0	0	5	2.44	7.85	1081.20	-1.09	-1024.50	
516	42.32	6.83	-7.25	1.75	0.69	26.71	0.00	0.00	0.00	0.00	0.00	4	4	8	1	9	7	1.83	-0.56	1244.40	-4.47	-1191.10	
517	43.94	4.85	-10.30	1.78	1.49	26.77	-24.68	17.47	-3.46	9.17	0.00	3	5	14	0	11	8	8.16	-0.20	1419.80	14.98	-1400.00	
518	35.34	18.25	-10.51	2.91	-0.48	20.93	-48.23	21.05	-25.41	38.43	0.00	3	5	13	0	8	8	-2.58	6.08	1174.80	-7.52	-1277.60	
519	41.44	11.53	-9.23	6.20	-1.07	22.31	0.00	23.11	0.00	6.74	0.00	1	5	12	1	8	11	1.36	1.45	1237.90	-23.57	-1174.20	
520	41.71	-1.01	-5.49	2.70	-3.16	24.55	-24.03	10.18	-6.78	6.66	0.00	2	5	9	0	6	8	8.41	3.09	1093.30	-2.02	-1115.10	
521	22.99	-3.42	-9.86	4.71	-4.29	20.67	0.00	0.00	0.00	0.00	0.00	3	3	20	0	8	18	7.58	13.51	1717.60	13.54	-1833.20	
522	26.39	3.07	-7.47	2.55	-1.48	27.60	-20.09	0.00	-5.68	0.00	0.00	2	4	7	0	8	9	6.48	4.10	1135.10	8.17	-1112.00	
523	24.66	9.00	-10.77	2.88	6.04	20.28	-13.52	16.02	-8.61	6.06	-1.22	2	12	13	0	3	8	6.19	9.68	1274.90	11.63	-1374.40	
524	38.60	29.19	-8.58	1.74	8.03	28.03	0.00	44.95	-2.36	3.25	0.00	4	8	15	0	6	1	10.54	5.81	1171.50	6.08	-1180.70	
525	35.97	29.94	-10.65	5.83	4.50	22.88	-66.59	91.15	-52.32	21.74	-1.36	5	2	12	0	6	1	5.56	7.91	1174.50	-2.59	-1250.70	
526	36.50	5.02	-9.62	3.62	5.82	16.54	-52.93	0.00	-13.02	10.53	0.00	6	1	17	0	4	3	4.66	10.83	1085.30	-12.54	-1106.50	
527	32.50	25.04	-8.60	2.99	8.43	19.90	-83.18	71.27	-7.43	19.78	0.00	10	7	13	2	7	2	5.49	10.15	1285.70	10.23	-1316.00	
528	35.65	5.98	-12.66	4.52	6.17	20.83	-62.05	0.00	-17.82	18.27	0.00	7	2	14	0	3	5	-0.16	8.25	1372.40	-16.55	-1541.20	
529	31.95	2.83	-7.43	1.71	-0.66	22.94	-19.03	0.00	-7.64	11.35	0.00	1	6	9	5	13	14	5.95	5.71	1546.80	6.81	-1645.00	
530	18.93	8.87	-14.91	10.63	2.82	16.60	-48.29	17.36	-21.98	18.45	0.00	11	6	26	0	10	16	10.72	16.91	1862.50	30.73	-1913.50	
531	18.39	4.48	-6.85	2.49	-4.13	27.69	0.00	0.00	-7.89	0.00	0.00	3	4	12	0	15	8	1.92	7.44	1273.00	-2.03	-1391.40	
532	29.37	-0.95	-11.34	3.04	3.40	16.74	-85.08	71.92	-30.59	0.00	-0.65	8	9	8	6	9	3	2.34	6.45	1248.50	-7.92	-1384.50	
533	17.58	11.64	-7.44	6.67	0.60	23.58	0.00	0.00	0.00	0.00	0.00	3	2	10	1	4	9	5.09	5.18	1163.70	2.19	-1158.50	
534	37.58	10.13	-13.45	2.91	3.29	22.00	-4.68	34.36	-13.66	10.41	0.00	5	5	16	0	5	6	5.16	4.08	1247.70	-5.23	-1350.10	
535	19.33	0.54	-9.91	4.92	-5.39	29.24	0.00	0.00	-11.74	0.00	0.00	4	3	20	0	6	23	0.24	13.85	1707.10	-1.35	-1817.00	
536	28.24	41.94	-9.66	1.51	4.35	24.57	-39.87	187.81	-15.42	0.00	0.00	9	7	10	2	1	1	10.23	8.65	1225.30	9.26	-1189.80	
537	43.98	8.52	-17.85	10.42	0.06	16.79	-59.64	2.11	-38.54	46.30	-0.83	4	12	17	3	8	4	9.22	3.33	1663.70	40.46	-1674.90	
538	23.45	-12.41	-8.68	4.29	-6.20	23.88	0.00	0.00	-5.27	0.00	0.00	5	7	18	0	6	12	3.96	5.37	1781.20	7.97	-1836.90	
539	45.45	11.79	-7.33	2.18	3.71	18.74	-30.12	26.55	-2.90	6.12	0.00	3	5	9	4	8	1	3.00	2.58	1137.70	7.53	-1085.30	
540	31.33	45.84	-8.60	5.07	6.95	19.75	-44.60	78.01	-7.33	36.54	0.00	8	5	10	1	7	1	6.46	8.99	982.10	15.12	-1003.30	
541	18.48	9.51	-10.25	4.75	-3.22	18.62	-3.91	63.96	-8.02	0.00	0.00	6	1	25	0	6	8	7.31	10.47	1362.00	-0.99	-1450.40	
542	30.90	10.23	-14.02	1.92	4.44	23.16	-30.18	67.83	-27.52	0.00	0.00	5	3	21	0	8	15	1.77	10.25	1351.10	-11.73	-1420.00	
543	31.46	3.20	-16.10	7.69	11.12	18.98	-134.01	75.67	-27.29	8.11	-0.39	9	12	16	2	3	2	8.47	9.94	1526.00	27.20	-1513.60	
544	17.58	15.55	-8.05	2.69	4.60	20.22	-17.84	9.39	-8.38	9.75	0.00	8	3	26	0	2	6	3.91	3.81	1430.40	3.45	-1538.20	
545	25.62	13.68	-15.89	3.72	10.77	22.54	-75.47	22.04	-16.10	19.19	0.00	13	9	18	0	6	5	9.92	17.14	1431.80	-7.02	-1529.10	
546	45.85	-8.57	-10.21	2.21	-1.81	15.14	0.00	0.00	-2.07	0.00	0.00	4	3	15	0	9	6	8.90	4.42	1159.80	-5.29	-1059.50	
547	35.21	19.20	-16.16	10.89	13.69	17.49	-74.46	47.46	-15.89	13.41	0.00	7	17	13	4	11	3	10.59	15.04	1646.50	8.53	-1821.50	
548	35.42	34.37	-8.96	2.29	16.21	23.37	-64.38	50.98	-24.07	12.29	0.00	11	4	10	0	0	0	6.75	9.27	1237.60	9.22	-1132.60	
549	44.49	22.07	-7.36	5.28	3.08	26.35	0.00	9.60	0.00	7.25	0.00	4	5	14	1	3	5	6.03	6.82	1293.50	-1.72	-1398.50	
550	33.37	27.07	-11.44	5.98	3.18	23.21	0.00	0.00	0.00	25.23	0.00	3	6	9	10	14	2	3.50	5.88	1564.10	13.19	-1582.30	
551	23.45	-1.68	-17.33	10.89	0.16	19.54	-18.75	44.26	-15.02	0.00	-0.22	6	7	29	0	11	14	8.72	15.54	1745.70	-11.03	-1941.00	
552	28.06	9.01	-6.03	1.11	1.43	21.24	0.00	0.00	-10.26	0.00	0.00	1	4	6	0	5	7	2.96	6.95	1027.90	-5.47	-1162.20	
553	23.48	14.28	-8.65	2.98	6.18	20.11	-63.56	47.74	-25.29	13.38	0.00	4	6	13	0	4	5	3.67	6.81	1111.00	1.32	-1067.80	
554	42.94	-3.97	-11.18	6.61	-2.21	22.41	-5.40	0.00	-8.35	0.00	0.00	0	5	9	0	17	6	4.19	2.52	1197.30	-10.93	-1223.10	
555	22.10	12.85	-15.82	8.50	8.27	21.38	-67.36	32.67	-25.25	11.04	0.00	11	5	16	0	2	4	3.14	9.91	1129.10	-5.32	-1210.50	
556	35.83	40.36	-12.08	9.82	12.05	18.24	-15.08	77.25	-8.41	9.99	-1.15	5	11	7	2	5	0	5.41	7.94	1015.30	7.41	-1112.80	
557	37.46	26.01	-6.70	6.33	-0.22	23.29	0.00	23.59	-7.25	18.23	0.00	3	3	13	0	5	7	2.28	5.75	1094.00	-13.38	-1054.80	
558	32.56	16.01	-8.29	5.47	3.79	25.00	0.00	0.00	-6.95	0.00	-0.36	7	2	19	1	6	4	12.34	11.99	1252.70	12.75	-1281.30	
559	38.14	36.44	-9.24	4.41	2.30	22.96	-5.22	61.57	-15.68	24.92	0.00	7	7	16	0	11	5	3.70	5.28	1318.60	5.95	-1279.20	
560	37.24	12.02	-11.92	3.90	4.10	21.32	0.00	7.96	0.00	5.35	0.00	4	10	31	1	16	18	13.35	7.65	1969.60	-10.23	-2177.20	
561	33.52	9.67	-11.95	3.51	1.38	18.39	-55.55	24.36	-14.57	14.11	0.00	6	6	24	0	15	10	2.63	9.04	1593.60	4.85	-1681.10	
562	46.02	6.38	-8.55	2.71	2.64	20.32	0.00	0.00	0.00	5.58	0.00	1	9	8	4	9	5	1.73	3.05	1115.00	6.66	-1280.40	
563	22.23	15.90	-12.37	3.65	4.73	20.54	0.00	20.67	-6.15	8.49	-0.50	6	2	19	0	4	7	4.07	11.72	1253.80	4.08	-1373.30	
564	31.51	16.09	-9.22	2.06	8.41	17.28	0.00	1.64	0.00	3.43	0.00	3	11	7	2	6	3	1.75	1.55	1262.80	0.63	-1405.00	
565	16.29	3.73	-10.82	9.17	-0.04	18.12	0.00	0.00	0.00	0.00	0.00	3	3	14	0	10	4	3.22	4.85	1242.30	10.05	-1421.80	
566	43.52	27.65	-11.58	3.99	9.28	12.52	0.00	52.15	-5.87	14.17	0.00	6	5	16	0	3	3	5.36	4.42	1061.00	-10.70	-1009.50	
567	29.10	17.77	-8.64	4.06	4.10	20.07	0.00	6.64	-2.38	6.96	-1.51	7	10	16	0	11	7	5.17	3.42	1717.50	14.46	-1725.20	
568	29.84	40.49	-17.32	15.23	14.04	17.09	-166.36	177.01	-57.72	28.40	0.00	17	5	16	0	7	6	9.05	17.49	1496.20	-1.10	-1619.70	
569	38.63	1.09	-9.58	0.79	0.47	22.24	0.00	0.00	-5.09	0.00	0.00	2	10	9	3	19	4	7.48	2.21	1452.20	20.72	-1540.90	
570	20.81	5.40	-9.53	2.65	0.39	27.07	0.00	20.23	-15.07	0.00	0.00	2	4	15	0	2	7	7.24	6.40	1135.90	4.13	-1068.20	
571	41.66	-27.38	-12.49	5.47	-13.42	24.20	0.00	0.00	0.00	0.00	0.00	0	2	7	0	6	16	-1.54	0.29	971.20	-19.15	-957.10	
572	30.32	21.67	-11.94	4.98	9.16	20.48	0.00	16.08	-5.50	6.85	0.00	2	10	7	4	7	3	7.63	9.66	1207.00	-3.77	-1228.60	
573	23.56	49.34	-11.73	6.04	13.31	22.68	-81.30	54.54	-10.65	45.65	-0.79	10	8	12	0	2	1	8.38	10.14	1159.90	3.71	-1195.30	
574	28.98	18.60	-9.32	6.30	8.59	24.17	-12.86	0.00	-12.75	1.58	0.00	4	8	9	0	5	1	5.49	8.83	804.60	6.63	-854.70	
575	43.17	-3.13	-9.03	2.34	-3.74	22.03	0.00	12.79	-6.85	6.39	0.00	1	1	12	0	6	8	8.17	9.14	1306.70	4.91	-1185.70	
576	30.95	26.62	-11.51	9.40	6.01	20.70	-91.63	91.37	-37.60	24.73	0.00	8	5	8	1	3	6	2.79	14.95	1160.40	9.29	-1135.00	
577	39.50	-11.45	-11.70	6.92	2.92	17.96	-78.60	0.00	-31.28	0.00	0.00	4	6	15	0	10	6	-1.56	3.40	1099.00	-17.83	-1159.80	
578	38.73	-24.37	-13.14	8.00	-5.87	19.54	-12.08	0.00	-15.83	0.00	-0.89	1	5	16	0	7	14	4.77	2.23	1668.30	5.23	-1627.20	
579	21.57	-3.82	-13.10	3.89	1.04	17.08	0.00	0.00	-2.63	0.00	-0.75	6	3	18	0	6	2	5.25	13.58	1222.90	14.69	-1294.80	
580	42.76	18.66	-6.99	0.46	6.07	24.27	-4.87	10.75	-3.74	5.55	0.00	2	7	9	3	10	4	5.13	1.81	1108.10	0.93	-1135.70	
581	40.66	6.44	-10.87	4.17	-2.36	16.61	0.00	22.20	0.00	19.42	0.00	4	3	9	0	7	10	4.02	5.74	1176.00	-7.76	-1244.70	
582	33.81	28.21	-10.13	3.22	-0.96	20.10	0.00	50.30	0.00	30.76	0.00	3	8	18	0	2	5	9.60	6.85	1465.70	-5.59	-1578.80	
583	31.87	32.53	-7.91	5.78	7.15	18.09	-9.81	40.66	-5.60	12.36	0.00	6	8	5	1	4	2	5.40	6.46	1085.00	22.28	-1087.60	
584	10.54	4.83	-9.49	5.63	-1.70	25.49	0.00	0.00	0.00	1.47	-0.88	4	3	13	0	4	12	3.70	8.74	1467.30	5.90	-1468.20	
585	37.44	27.58	-9.71	7.47	1.31	20.05	-5.78	34.90	-3.89	22.34	0.00	4	4	16	0	2	6	0.42	7.40	1238.80	-19.16	-1364.40	
586	24.98	21.10	-13.40	4.14	9.59	20.78	-5.31	11.81	-5.86	10.35	0.00	10	6	15	0	5	5	8.82	12.08	1465.50	10.97	-1491.80	
587	33.06	-3.71	-12.77	6.19	-3.66	18.59	0.00	7.48	-2.57	4.76	-0.34	2	2	13	0	11	17	0.95	9.99	1489.70	-13.78	-1609.00	
588	43.39	5.57	-11.37	4.37	2.10	20.43	0.00	16.77	-10.13	3.20	0.00	2	7	9	5	15	7	6.51	1.03	1323.90	34.18	-1397.50	
589	36.65	40.02	-12.13	4.58	16.48	25.75	-145.30	154.45	-21.52	15.15	-1.43	8	11	8	1	1	2	6.98	12.01	853.00	5.81	-982.20	
590	45.31	6.60	-9.32	4.48	1.90	18.20	-13.89	8.09	-12.24	18.38	0.00	2	5	7	2	1	6	4.81	6.84	1038.40	11.33	-1016.40	
591	36.24	41.80	-10.83	1.44	15.37	24.45	-23.39	97.72	-5.16	4.74	-0.99	7	12	12	3	6	1	4.70	5.20	1327.10	4.88	-1306.60	
592	33.61	10.77	-16.86	9.04	7.92	19.44	0.00	11.15	0.00	6.83	0.00	4	8	16	1	14	3	3.81	5.59	1267.60	-12.54	-1298.30	
593	33.38	53.91	-10.94	4.17	14.55	21.64	-151.68	164.15	-37.49	40.47	-0.40	15	9	15	1	4	0	4.61	6.92	1311.00	-5.00	-1329.90	
594	33.18	-12.57	-12.67	7.66	5.83	14.50	-95.90	17.15	-7.89	0.00	-2.27	4	10	13	0	10	10	3.74	5.72	1361.50	-11.24	-1403.30	
595	37.38	-21.14	-10.48	5.79	-12.92	26.89	0.00	0.00	-22.48	17.46	0.00	3	4	16	0	5	28	8.06	5.86	1844.40	-12.50	-1806.60	
596	9.98	19.75	-12.05	7.97	2.01	21.11	0.00	9.25	-32.14	19.59	0.00	4	3	18	0	6	6	6.66	18.83	1178.30	15.06	-1213.60	
597	31.69	15.97	-13.25	2.30	11.81	19.98	-85.04	31.09	-8.37	24.13	-1.00	9	10	13	0	4	5	5.28	9.94	1321.30	6.28	-1389.80	
598	32.33	13.20	-8.40	1.15	1.93	22.17	-24.46	37.70	-7.25	5.05	0.00	2	3	3	0	8	5	-0.39	5.26	925.80	-18.85	-1022.50	
599	37.19	47.59	-9.50	1.37	11.24	23.76	-110.34	123.76	-28.73	33.79	0.00	7	11	8	3	6	0	3.49	8.97	1160.10	7.41	-1208.00	
600	39.33	4.24	-8.39	2.60	0.83	25.59	0.00	0.00	-5.27	0.00	0.00	3	4	7	1	11	5	-2.17	1.84	890.70	-21.50	-899.50	
601	31.39	-24.13	-16.74	4.16	-2.47	18.78	-63.92	0.00	-6.33	10.96	-0.86	6	9	27	0	15	16	17.96	20.31	2060.20	7.05	-2320.50	
602	20.87	3.35	-9.22	2.95	-2.33	23.57	0.00	0.00	0.00	0.00	0.00	3	8	13	0	12	22	7.43	9.48	1593.90	-8.75	-1830.90	
603	43.24	-16.27	-16.40	4.71	2.40	20.02	-32.77	19.32	-2.58	2.79	-0.32	8	8	22	1	10	17	11.28	0.92	1997.60	35.10	-2049.60	
604	37.67	26.48	-10.32	2.77	6.06	22.87	-41.84	53.99	-14.99	20.99	0.00	13	2	10	0	8	2	11.87	9.96	1453.40	15.65	-1388.50	
605	17.01	-4.99	-10.33	5.91	-6.37	21.76	0.00	0.00	0.00	1.08	0.00	4	8	9	0	10	18	0.83	11.06	1677.20	-2.80	-1778.70	
606	35.37	32.42	-7.79	1.10	13.82	22.33	-56.68	32.05	-5.73	18.35	0.00	9	10	10	0	3	0	6.88	13.86	1049.80	13.12	-999.60	
607	34.99	46.68	-10.84	7.07	3.44	17.91	-17.81	66.40	-20.48	46.43	0.00	5	6	10	0	9	6	1.19	3.47	1091.50	2.28	-1061.40	
608	33.58	-1.60	-10.26	3.39	-3.57	25.96	0.00	0.00	-3.38	0.00	0.00	0	5	9	0	4	9	4.22	7.98	1082.10	-16.99	-1158.80	
609	44.67	17.83	-8.72	1.08	5.31	24.09	-19.32	36.66	-13.97	11.61	-0.39	3	4	11	2	5	3	6.28	6.43	1021.90	9.62	-1078.20	
610	24.96	17.58	-8.63	2.40	7.14	17.82	-14.99	0.00	-17.98	13.19	0.00	7	4	14	2	2	3	6.35	8.62	1061.30	9.33	-1081.20	
611	46.86	42.65	-6.78	0.29	10.52	22.12	-48.22	52.38	-22.50	28.84	0.00	5	6	7	1	2	4	5.51	5.54	961.00	10.76	-940.20	
612	19.34	-12.05	-13.22	8.43	-1.33	18.92	0.00	0.00	0.00	0.00	0.00	5	5	19	0	13	7	5.56	6.68	1420.00	-0.70	-1496.10	
613	37.48	7.59	-8.17	1.97	0.73	19.99	0.00	0.00	-8.15	6.69	0.00	5	2	14	0	6	9	-4.73	5.32	1146.80	-16.80	-1231.80	
614	42.87	7.24	-12.64	10.87	0.40	17.73	-8.34	29.20	-36.74	6.16	-0.46	4	6	13	0	10	12	4.87	5.75	1470.80	-16.77	-1455.40	
615	22.45	-1.55	-9.44	2.51	-2.99	27.45	-11.16	30.78	-8.51	0.00	0.00	1	5	13	0	5	6	8.07	5.26	1040.10	0.76	-1048.60	
616	40.17	6.51	-9.71	8.41	1.60	26.97	-89.85	33.29	-4.34	13.08	-0.29	4	9	11	4	10	10	3.53	12.42	1360.60	13.48	-1641.60	
617	29.58	28.13	-10.69	9.27	7.25	19.18	-94.07	56.96	-28.20	30.45	0.00	11	5	8	0	2	2	3.92	12.61	1339.90	-1.67	-1482.20	
618	36.64	3.87	-14.32	4.82	9.16	20.57	0.00	10.63	0.00	5.65	-0.36	9	8	21	1	2	5	12.50	11.08	1584.70	12.84	-1507.60	
619	45.72	8.23	-5.32	0.87	-2.31	24.82	-5.24	16.38	-16.71	0.00	0.00	2	4	1	0	10	5	-0.29	0.75	1026.70	9.18	-1127.40	
620	35.49	12.27	-6.89	4.56	3.34	20.51	-11.82	8.26	-15.96	3.62	0.00	6	3	8	0	10	4	2.69	4.08	956.80	-9.38	-977.60	
621	25.75	47.39	-9.87	8.88	11.10	23.48	-48.23	78.48	-11.28	21.07	0.00	5	9	7	0	4	0	5.71	4.90	939.80	25.60	-875.70	
622	32.82	-2.36	-8.72	1.90	0.26	19.38	-10.87	0.00	-7.72	0.00	0.00	4	4	11	1	6	5	5.75	7.84	958.10	7.57	-999.90	
623	41.05	22.46	-14.34	6.20	-4.70	29.86	0.00	48.87	-2.13	30.26	0.00	5	2	24	0	15	10	11.10	10.12	1537.50	-20.81	-1623.50	
624	33.04	19.82	-9.70	4.70	3.91	21.48	-33.81	75.08	-26.68	5.29	0.00	7	9	11	3	6	1	9.20	10.17	1005.90	7.62	-1136.70	
625	43.00	0.87	-8.78	4.07	2.01	22.06	-35.92	3.07	-18.65	6.56	0.00	3	2	6	0	8	3	5.54	7.80	979.60	2.45	-954.50	
626	35.06	9.80	-10.04	2.44	9.64	22.72	-32.87	0.00	-8.58	0.00	0.00	5	10	4	0	6	1	0.67	1.56	1214.70	5.15	-1347.90	
627	41.56	-2.70	-11.43	3.84	4.89	22.04	-97.64	16.16	-7.01	16.48	-0.52	5	8	15	0	7	3	11.52	12.48	1216.70	2.17	-1291.60	
628	38.01	7.73	-10.83	2.75	5.96	23.27	0.00	0.00	-7.82	1.11	-2.76	6	6	10	2	4	4	8.88	9.28	873.20	11.98	-975.10	
629	24.71	-0.59	-9.54	3.78	0.75	15.70	0.00	0.00	0.00	0.00	0.00	2	2	19	0	4	9	-0.49	11.70	1271.40	-7.84	-1514.10	
630	46.73	-1.07	-9.76	3.88	-0.46	20.61	0.00	0.00	-17.07	0.00	-1.20	3	6	9	2	10	5	4.79	0.76	1253.90	8.00	-1338.20	
631	43.35	-18.89	-11.43	4.70	-5.56	24.85	0.00	0.00	0.00	0.00	0.00	1	4	10	2	9	12	4.11	-2.54	1154.30	9.98	-1213.50	
632	40.52	28.45	-11.12	1.49	-0.10	20.39	-4.09	68.20	-14.29	28.06	0.00	4	6	12	0	8	3	0.34	3.37	1043.40	-1.93	-1077.80	
633	33.56	22.94	-6.83	2.66	1.91	19.33	-17.78	35.16	-21.53	17.87	0.00	4	5	5	1	6	4	5.75	3.10	1009.80	4.54	-1057.00	
634	38.87	1.02	-9.22	0.31	-2.12	18.14	-64.22	0.00	-7.89	27.95	0.00	6	1	14	0	4	2	1.68	6.33	960.40	-11.64	-941.50	
635	18.68	-5.00	-13.11	7.91	-4.50	18.91	-33.81	26.49	-13.45	7.73	0.00	6	0	12	0	6	9	4.71	12.09	1156.40	10.06	-1221.30	
636	18.43	6.59	-6.53	1.76	-0.59	18.24	0.00	0.00	-2.70	0.00	0.00	3	5	15	0	11	9	4.05	15.00	1402.80	23.74	-1512.80	
637	35.30	9.24	-13.17	6.33	7.95	24.78	-206.73	49.96	-34.91	45.16	-1.15	14	9	13	0	1	1	4.40	9.89	1326.80	-7.41	-1422.60	
638	47.15	16.81	-8.81	1.96	-3.09	18.49	-3.42	69.32	-12.99	13.23	0.00	4	6	6	2	4	7	2.86	7.74	1064.10	3.52	-1034.40	
639	44.59	-18.80	-13.00	3.10	-1.09	27.87	-6.63	15.48	-10.91	0.00	-0.54	6	6	8	3	9	6	6.58	0.32	1307.40	13.30	-1283.60	
640	48.85	-31.33	-7.30	2.79	-8.79	17.10	0.00	0.00	0.00	0.00	0.00	3	4	7	1	4	11	1.61	-2.66	968.80	1.61	-935.80	
641	19.70	-5.41	-11.05	4.68	-0.11	17.40	-21.80	0.00	-6.16	0.00	0.00	6	0	16	0	3	3	7.90	11.34	1129.30	2.49	-1119.50	
642	25.12	30.98	-8.78	2.17	11.37	20.17	-58.52	53.94	-33.47	16.05	0.00	7	5	10	1	2	4	4.64	9.85	1011.40	9.80	-1023.20	
643	28.63	8.80	-10.09	3.08	1.57	19.62	-48.73	66.85	-29.14	5.68	0.00	4	1	14	0	7	4	-0.20	4.83	1069.70	-12.22	-1191.20	
644	28.60	38.28	-9.64	2.71	10.95	22.79	-18.96	45.12	-24.42	22.91	-1.00	8	4	14	0	0	1	6.85	10.20	707.10	12.89	-701.30	
645	31.70	17.71	-15.13	5.17	3.59	16.84	-54.30	96.38	-8.31	19.78	0.00	11	14	18	4	8	3	11.67	12.21	1689.00	39.89	-1710.40	
646	43.92	-8.60	-11.75	4.37	2.12	19.06	-3.49	0.00	-5.12	0.00	-0.22	5	8	17	2	8	8	13.60	4.72	1522.00	7.77	-1584.80	
647	25.03	3.87	-11.89	3.76	0.41	20.16	0.00	3.72	0.00	4.57	0.00	5	0	20	0	3	4	7.90	18.27	1298.00	-6.40	-1358.60	
648	33.39	19.95	-7.74	1.10	10.81	21.67	-22.12	17.46	-20.96	8.54	-0.79	8	7	11	1	0	1	4.83	9.52	1060.50	5.27	-1050.60	
649	34.82	15.87	-9.42	6.16	-0.59	23.10	0.00	27.44	0.00	10.14	-0.76	7	6	9	0	5	11	6.28	11.91	1216.20	-5.22	-1248.90	
650	46.08	38.03	-9.79	5.35	6.28	18.39	-49.62	119.04	-17.20	23.46	-1.46	7	4	7	1	4	2	3.34	8.76	960.10	10.31	-921.30	
651	36.41	-1.00	-11.09	3.61	5.49	21.92	-45.51	0.00	0.00	0.00	-1.53	1	8	3	3	10	3	3.02	1.73	995.60	-1.50	-1045.30	
652	32.25	50.78	-8.27	1.76	9.67	24.08	-41.83	95.50	-33.50	32.87	0.00	10	7	11	0	2	3	9.03	11.03	1099.80	2.75	-1080.90	
653	30.19	28.61	-8.21	1.64	8.57	24.74	-37.21	43.01	-13.15	12.11	0.00	5	9	8	1	0	3	3.95	5.62	925.70	8.84	-1046.20	
654	38.53	-4.05	-12.72	5.33	15.62	20.33	-326.68	70.66	-53.32	39.75	-0.93	16	5	8	1	0	0	1.92	5.12	901.00	2.70	-882.90	
655	29.12	-4.15	-8.50	4.23	9.93	18.99	-131.68	24.75	-10.17	0.00	0.00	5	5	8	0	3	2	4.84	4.34	842.20	23.19	-847.50	
656	45.34	24.44	-8.67	2.64	7.87	20.12	-34.39	9.22	-17.75	21.16	-0.54	7	8	15	1	2	1	10.54	5.30	1318.60	19.30	-1225.40	
657	45.66	30.57	-8.27	5.02	0.80	17.89	-49.54	15.40	-12.55	49.75	0.00	6	8	12	2	8	4	4.57	7.44	1154.50	-0.19	-1086.20	
658	26.70	6.49	-13.24	9.10	9.46	17.73	-38.53	0.00	-18.35	1.38	-0.29	8	5	14	0	3	3	8.33	12.25	1004.90	17.99	-979.70	
659	28.90	33.58	-16.15	11.59	12.17	19.36	-10.52	6.90	-19.52	30.02	-0.79	10	12	18	0	2	4	6.70	12.27	1366.30	11.75	-1411.60	
660	39.80	20.42	-14.16	7.81	0.51	19.65	-49.83	82.05	-22.43	23.30	0.00	12	3	21	0	5	9	13.44	21.23	1599.70	-8.62	-1702.10	
661	34.79	28.87	-11.13	6.41	8.01	21.61	0.00	1.64	0.00	17.62	0.00	4	10	7	4	8	0	9.45	9.42	1173.30	14.02	-1171.70	
662	29.49	11.44	-14.17	7.38	3.94	14.52	-52.71	37.77	-11.15	20.24	0.00	7	8	9	1	0	4	8.42	11.81	1028.00	9.05	-1076.70	
663	41.11	2.09	-6.81	0.30	-0.02	24.89	-18.26	0.00	-5.64	0.00	0.00	2	6	11	3	9	1	4.32	-2.43	955.70	12.44	-968.90	
664	29.48	26.55	-4.08	0.32	3.01	16.70	-17.54	67.31	-12.88	2.46	0.00	10	3	12	1	10	6	9.82	8.04	1550.20	4.01	-1650.10	
665	37.61	21.22	-10.12	7.21	5.24	18.72	-68.09	82.72	-15.45	10.84	-0.34	5	3	10	0	9	5	2.31	5.46	952.30	-3.39	-985.40	
666	26.01	32.91	-10.07	5.46	7.50	22.03	-49.44	50.42	-21.49	23.66	-0.26	8	9	14	0	3	2	9.48	10.05	1360.40	17.01	-1355.00	
667	41.75	15.03	-13.34	12.99	6.93	28.05	-10.22	0.00	-15.53	0.00	-0.55	2	8	14	3	12	2	5.65	7.51	1197.90	5.90	-1265.10	
668	28.66	60.00	-10.14	1.83	8.00	21.68	-56.21	122.10	-29.92	47.53	0.00	17	10	22	0	4	4	14.99	20.41	1724.50	20.85	-1748.20	
669	48.33	12.19	-7.93	2.91	3.94	26.94	-11.58	0.00	-3.44	5.83	0.00	1	7	6	3	5	5	-1.03	-1.89	1190.90	3.97	-1242.20	
670	37.38	23.39	-8.10	1.01	6.00	21.22	-32.54	26.79	-24.72	19.55	0.00	9	4	10	4	6	3	1.03	6.33	1146.30	9.10	-1365.50	
671	28.29	-9.37	-8.48	6.40	-7.51	18.63	-4.88	33.19	-15.54	0.00	0.00	0	2	11	0	3	17	-0.58	7.21	1113.80	-18.59	-1143.00	
672	39.74	19.74	-17.14	4.34	7.11	18.34	-26.07	58.08	-14.69	18.41	-0.98	8	11	13	4	13	2	10.83	14.18	1604.50	13.16	-1722.20	
673	15.19	28.57	-9.91	2.08	1.84	17.87	-7.66	55.40	-10.18	25.76	0.00	2	2	10	0	6	4	3.67	10.60	952.20	-3.11	-1051.60	
674	39.99	26.44	-8.21	4.27	7.33	23.60	-41.16	35.96	-14.47	14.03	0.00	5	7	9	0	9	0	2.28	3.07	955.00	-11.30	-909.30	
675	30.27	1.30	-6.06	0.88	-1.03	18.33	0.00	0.00	-10.34	0.00	0.00	2	3	10	0	8	11	-1.34	4.15	1038.30	-9.23	-1087.70	
676	32.30	27.21	-19.23	8.20	11.66	20.49	-156.18	83.99	-27.49	45.72	0.00	19	8	22	1	1	1	15.85	25.55	1431.20	15.98	-1638.80	
677	40.39	30.23	-9.55	2.72	5.53	26.50	0.00	39.28	0.00	13.40	0.00	6	5	6	3	3	2	5.51	6.86	887.90	3.33	-993.40	
678	31.94	29.71	-5.89	2.02	11.09	24.75	0.00	0.00	-5.21	6.53	-0.55	3	8	11	0	1	3	2.38	9.07	1258.70	-0.50	-1180.40	
679	44.55	0.43	-8.07	2.32	6.97	23.61	-89.73	0.00	-23.55	5.56	0.00	6	6	7	2	3	2	5.52	7.62	985.60	8.04	-902.90	
680	24.41	-2.24	-6.98	1.90	-3.35	17.24	0.00	0.00	0.00	0.00	0.00	1	0	7	0	13	10	3.45	6.68	1035.70	8.17	-1130.80	
681	40.49	12.37	-6.18	2.74	4.67	18.84	-49.70	26.75	-9.77	8.14	0.00	5	4	11	0	5	4	-1.04	2.22	891.20	-10.78	-867.90	
682	20.45	11.45	-12.46	3.61	-2.98	20.41	0.00	62.71	-2.11	4.24	-0.59	6	2	19	0	5	18	3.00	16.83	1629.00	2.15	-1713.00	
683	19.03	-1.62	-7.96	3.68	0.88	20.47	-25.50	0.00	-5.43	0.00	0.00	3	1	10	0	3	3	2.62	4.08	873.20	14.88	-835.30	
684	22.65	9.20	-7.25	3.25	3.96	19.88	-8.43	0.00	-11.10	0.00	0.00	5	2	13	0	6	4	1.15	8.44	987.90	-7.85	-1151.90	
685	36.91	10.17	-5.71	1.59	0.04	19.07	-37.50	56.78	-14.77	0.00	0.00	4	0	8	0	5	6	1.10	5.66	938.60	-7.41	-918.30	
686	34.76	5.58	-6.79	0.13	-0.18	20.20	-4.79	0.00	-7.50	5.88	0.00	3	4	6	2	9	3	6.19	-0.19	1061.30	2.00	-1093.10	
687	19.97	33.98	-8.65	4.73	2.22	20.63	-37.97	89.46	-7.68	17.99	0.00	11	0	19	0	2	4	12.79	13.84	1512.20	11.28	-1497.10	
688	17.38	20.92	-8.33	4.43	4.10	24.55	-10.12	33.21	-8.74	3.21	-0.36	0	1	11	0	5	3	3.42	5.04	1042.40	18.58	-1033.00	
689	33.75	14.22	-7.22	4.34	-0.62	21.30	-39.94	67.89	-8.34	6.95	0.00	13	7	21	0	7	4	15.03	23.72	1799.20	-0.02	-1982.60	
690	34.88	39.21	-10.40	0.76	13.66	20.23	-14.30	81.61	-12.57	8.76	0.00	8	14	9	0	4	1	4.35	5.66	1240.70	29.56	-1213.90	
691	40.24	1.46	-5.66	0.10	1.86	22.35	0.00	0.00	0.00	0.00	0.00	3	4	9	0	5	3	5.75	2.24	860.80	4.25	-852.30	
692	31.65	12.22	-6.79	0.93	2.84	19.11	-42.36	61.95	0.00	1.63	0.00	3	3	7	0	4	6	3.32	2.31	1078.00	-5.59	-1054.30	
693	40.03	33.50	-10.84	9.07	4.32	19.12	-32.00	75.63	-14.34	18.89	0.00	6	0	8	0	1	1	2.80	7.22	838.60	-9.23	-787.70	
694	34.66	6.31	-6.78	3.26	1.04	19.59	-37.79	3.28	-3.33	8.30	0.00	4	5	5	3	6	1	3.19	-0.76	856.40	17.15	-923.30	
695	34.01	62.54	-12.45	5.39	15.03	20.16	-16.57	62.62	-33.56	36.19	-0.58	18	10	18	1	3	1	12.32	16.58	1643.40	8.71	-1652.60	
696	18.90	6.90	-10.51	1.31	3.09	19.15	-3.98	0.00	-7.92	5.93	0.00	5	1	12	0	5	5	3.92	5.14	903.90	12.89	-899.70	
697	39.72	-3.49	-12.99	4.78	4.74	18.28	-76.20	21.05	-9.89	6.82	0.00	13	2	26	0	5	8	16.42	14.96	1698.40	0.10	-1671.40	
698	33.53	10.34	-12.10	6.54	9.48	19.40	-24.57	3.29	-5.52	3.57	0.00	5	6	12	0	1	0	4.06	5.35	909.50	1.34	-890.80	
699	29.46	15.75	-15.31	2.68	15.08	16.70	-66.58	35.91	-12.13	12.60	0.00	8	8	10	3	11	1	5.67	10.45	1255.20	3.66	-1352.10	
700	39.75	1.34	-14.91	3.75	-9.54	27.77	-10.41	24.02	-3.14	31.14	-1.36	5	2	15	0	2	25	2.06	5.32	1453.70	-20.66	-1416.30	
701	47.46	-7.74	-9.27	4.89	-0.01	18.97	-60.40	0.00	-11.67	6.63	-0.75	3	2	3	3	10	3	0.15	-1.51	1138.90	9.01	-1202.90	
702	30.64	-1.52	-12.69	7.66	4.28	23.11	-15.16	0.00	-5.33	3.68	0.00	5	5	15	0	5	3	13.40	10.56	1347.30	21.87	-1401.40	
703	34.42	13.22	-7.47	5.85	4.05	19.67	0.00	0.00	0.00	0.00	0.00	3	10	10	2	5	0	5.44	4.15	976.90	19.89	-1042.40	
704	43.55	8.23	-7.50	1.84	-0.66	21.23	0.00	19.78	0.00	4.42	0.00	3	2	5	1	11	8	4.38	3.15	963.00	11.65	-1018.50	
705	39.08	18.13	-10.11	7.98	-0.22	15.05	0.00	41.73	-10.69	11.56	0.00	5	5	9	0	8	3	2.23	3.88	970.30	-0.82	-972.00	
706	32.79	34.22	-11.11	4.69	1.68	19.47	-28.78	92.99	-12.64	30.45	-1.82	4	0	14	0	3	5	2.16	12.29	987.30	-11.42	-1019.40	
707	36.33	10.55	-6.27	2.30	-2.33	26.26	0.00	0.00	0.00	5.36	0.00	5	4	13	0	11	17	2.12	9.03	1422.20	-23.03	-1548.10	
708	18.57	-21.03	-13.17	4.05	-7.97	26.12	-13.30	0.00	-12.35	0.00	0.00	4	6	14	0	10	18	7.89	9.62	1459.30	2.73	-1528.60	
709	39.62	11.56	-8.65	5.22	0.91	25.86	0.00	0.00	0.00	1.90	0.00	2	3	2	0	9	2	-2.88	2.11	702.90	-15.93	-704.20	
710	13.87	-1.03	-7.99	3.31	-1.98	16.40	0.00	0.00	-5.54	0.00	0.00	3	1	5	0	7	3	2.77	6.08	849.20	9.48	-895.20	
711	45.09	5.93	-6.66	2.74	5.13	26.35	-61.58	0.00	-7.97	0.00	0.00	2	6	6	0	11	1	0.38	-0.11	878.50	-9.24	-821.40	
712	35.99	0.50	-12.00	4.61	3.94	21.14	0.00	9.30	0.00	3.61	0.00	9	8	14	5	10	4	6.36	6.63	1646.20	28.39	-1659.30	
713	36.55	15.84	-5.13	0.00	5.25	24.48	0.00	0.00	0.00	0.00	0.00	2	7	8	5	3	2	2.45	2.93	1076.10	3.45	-1063.10	
714	20.96	22.17	-5.98	1.60	6.57	25.79	-19.06	16.82	-15.03	11.60	0.00	5	3	14	0	0	3	4.98	6.07	912.60	4.30	-831.10	
715	39.86	29.08	-9.08	3.39	7.38	23.14	-40.60	49.82	-38.46	13.44	0.00	6	6	19	1	5	6	5.86	8.46	1431.00	-17.29	-1401.00	
716	22.59	40.84	-8.25	1.85	6.60	26.25	-25.45	78.10	-7.84	17.02	0.00	10	4	9	0	1	0	7.97	9.63	881.80	7.53	-802.30	
717	43.14	14.73	-11.19	1.05	5.52	19.98	-82.61	99.09	-35.16	8.65	-0.90	11	10	13	2	8	3	8.01	6.77	1394.40	4.82	-1421.00	
