1 0.292030 0.052090 -1.499900 3.841230 4.941710 -16.457350
2 -2.032060 0.258090 -1.668000 -10.870620 -0.184140 14.296060
3 0.134270 -1.100160 -0.494050 -28.395690 12.108620 -0.850660
4 1.856730 -0.324180 1.091710 -14.395690 -12.044010 27.943810
5 -2.764020 -0.981710 0.000760 31.267420 -10.738510 15.218400
6 -1.736260 0.202120 2.773490 18.819850 13.490470 2.829750
7 0.965400 0.832270 -1.857840 22.329590 -21.810590 -15.542620
8 2.294480 0.098350 -2.272510 21.428260 -11.639910 31.897100
9 -0.089230 -0.388280 1.665170 10.019870 -3.389480 -16.149780
10 -2.379770 1.235310 2.446340 29.023860 3.214140 16.954240
11 -2.798200 0.718820 -2.966310 41.464210 18.323440 1.846790
12 2.271210 0.016160 -2.048060 22.426510 -2.438070 15.413110
13 1.769520 -0.208480 -0.501450 2.735950 18.656600 18.125510
14 2.559470 0.383790 -1.331570 19.989990 6.221980 26.895190
15 -1.676160 0.064720 2.939490 31.537850 8.859380 11.563480
16 1.480300 0.676890 2.306240 -14.566220 -41.094960 -4.922880
17 -0.549840 0.965340 2.182480 21.235710 4.102250 -14.086520
18 2.705530 0.289400 -1.662550 4.987700 11.424340 27.367830
19 -1.025750 0.010960 1.509890 28.229080 4.329960 -2.395290
20 2.572450 0.221960 2.422010 20.191060 -19.249040 13.345080
21 2.708310 0.781520 1.006730 -6.351360 -10.070490 2.610870
22 1.104480 -1.064120 -1.878860 30.411690 3.356610 -0.518230
23 3.068760 1.156850 0.829980 -2.471600 -23.904390 -9.096290
24 -3.088670 0.363620 1.111480 -9.763470 -5.891610 27.060420
25 -1.127750 -0.320360 1.762180 27.600850 4.292560 -8.247980
26 2.370830 0.334530 2.394790 3.811620 -9.222690 24.187010
27 -2.572020 0.309220 -2.906510 10.928310 11.802080 28.226410
28 2.995480 0.511690 2.223420 16.877200 -4.057010 33.972850
29 -0.753300 -0.147120 2.251200 20.391080 9.964010 -4.922220
30 -1.124530 0.155120 2.315130 22.599840 -0.446440 -18.711830
31 -0.633090 -0.678160 -2.806760 18.567380 11.221020 -9.864470
32 0.284770 0.904990 -3.019980 -6.597900 -16.453230 0.163890
33 2.218940 -0.578100 -2.012500 22.751130 -19.544470 19.315870
34 1.165820 -0.557740 2.815450 4.424530 -16.958960 -3.035470
35 -0.851220 0.021240 -2.349380 -13.092880 15.507510 -12.252380
36 1.599130 0.183340 -0.998420 36.012250 11.637170 17.902640
37 -1.281400 0.653000 1.185710 23.937940 -24.410700 -17.719280
38 -2.638440 -1.470530 -1.942700 -2.777030 -9.057660 7.485560
39 -1.727440 -0.387270 -0.297690 -20.651040 -8.898320 12.882360
40 0.063550 1.014750 -3.032310 10.874840 2.335680 -12.131950
41 -2.471870 0.412890 0.074000 12.451040 -18.895650 25.294950
42 2.875780 -0.881710 -1.131990 22.974090 -16.712300 19.256580
43 0.762570 0.397710 -2.911110 5.834420 -18.572780 -1.783680
44 2.617510 -1.225510 1.896860 0.839830 20.301110 11.858190
45 3.119960 0.523830 2.908030 48.052340 1.277870 11.886360
46 -0.970470 -1.148550 -2.185080 -2.634680 49.904020 17.273740
47 -0.362640 -0.193990 -1.502570 8.345910 0.130280 -15.178890
48 -2.414720 -0.894370 1.200090 23.189760 17.603470 31.625270
49 -2.110740 -0.589650 -2.432470 15.146730 30.620550 27.242910
50 0.178720 -1.377380 2.968500 28.589210 -13.953860 31.829960
51 -0.988820 -0.559090 0.789260 -1.698700 -41.753410 -12.257160
52 3.113710 0.550450 -0.614900 -3.397060 16.720960 9.892000
53 2.050980 -0.681720 -0.936370 18.612400 4.839860 18.911840
54 2.610970 -0.991610 0.917960 20.117400 22.769550 17.194820
55 -1.202470 0.864830 -0.028040 -3.055100 -35.072210 -17.670110
56 -2.429880 -0.749490 -0.619160 21.692720 -14.915360 40.744930
57 -0.081250 0.989580 1.049440 22.847030 19.791230 1.821360
58 -1.556870 -0.185180 -1.977830 -23.586480 14.071270 -0.109960
59 -2.156260 -0.728610 0.397880 8.887540 -8.239130 25.694560
60 0.440470 0.661740 1.674040 -0.943590 -14.210760 -18.663300
61 0.595270 -0.776730 -2.209020 30.730570 -3.866880 -5.783220
62 -0.405470 -0.186880 2.263080 33.176650 -1.692260 -34.867150
63 -2.449740 -0.437230 -0.611340 -18.998140 -26.944870 25.946110
64 -2.604380 0.848800 -1.386190 -6.251940 27.508090 -3.328270
65 2.288980 -0.978760 -2.749900 -2.085690 -22.737660 51.309390
66 -2.264960 1.445620 1.135930 35.960610 -43.167640 -1.702340
67 2.404220 -0.705050 -1.505290 19.755650 12.378810 37.091430
68 3.026570 0.816930 0.604540 -13.259210 -24.346640 1.670950
69 2.411610 0.566600 2.077200 -6.498790 -37.461270 9.515680
70 -2.182800 0.841310 2.371060 29.169570 15.374950 18.317670
71 -1.598740 0.209130 -1.585300 -0.009250 17.939130 10.043310
72 0.288450 0.012520 -0.942960 19.535080 22.640010 -37.327670
73 2.986670 -1.173610 1.628360 -8.729460 13.215400 27.923120
74 0.930370 0.769770 -1.934770 22.266810 4.755410 -16.118950
75 0.993150 0.411990 2.983110 33.841820 -25.023740 -4.815530
76 -0.241340 0.997470 2.779030 -2.689540 9.913810 2.212130
77 2.128600 0.308010 0.608560 3.143260 12.944010 24.761740
78 -2.473790 -0.631760 1.032440 42.574920 -26.575750 36.408980
79 -1.243580 -0.189330 -0.920100 -31.602700 -17.209520 -5.372770
80 -1.052370 0.639540 -1.076700 -1.904890 -9.485960 -34.118700
81 -1.985560 -1.026090 -0.118920 15.271720 -45.156320 27.624290
82 -2.607690 0.365390 -0.691090 -30.246700 0.601600 40.618980
83 -3.081100 -0.193090 2.421480 22.155210 1.050670 60.268470
84 -1.557500 0.381370 2.390030 45.211960 18.757820 -21.096570
85 -1.902570 -1.099390 -1.317100 -30.576120 11.339610 21.690770
86 -0.969270 -0.126090 -1.382990 -1.900160 -3.440970 -1.103670
87 -0.148450 1.074130 1.782160 -9.152520 12.122270 -25.659450
88 2.710000 -0.801770 1.574930 12.920630 -3.833350 40.098790
89 -2.611370 -0.933350 -2.428950 -9.944210 -0.218610 14.908630
90 1.098390 -0.330080 -2.832070 20.972600 -30.161680 -6.243640
91 -1.607400 0.129740 0.243730 19.403800 -15.726090 9.600100
92 0.680360 0.481020 -1.504670 26.509230 22.668980 -18.196500
93 1.824640 0.487460 -0.269860 -12.981550 47.627130 14.303610
94 0.360840 1.099400 -2.203800 8.351140 -16.410310 4.494040
95 1.817410 0.045670 -0.354560 -4.296420 25.146420 4.014460
96 0.066650 -0.619110 -0.232010 -13.634660 15.692030 11.975910
97 -1.393960 -0.049610 2.515240 48.559130 -0.776030 2.458020
98 -2.458490 -0.344550 -1.185820 -12.989920 -2.924180 52.416010
99 -2.537000 -0.751850 -1.876500 7.424940 -13.392380 32.621040
100 -0.558520 -0.346480 -0.156050 8.476300 -8.636950 -9.734980
101 0.990940 -0.161370 2.191150 -16.388070 -11.974660 -4.247240
102 0.416140 -0.867070 -2.042450 40.430480 20.164480 22.379370
103 1.404500 0.229620 0.803800 -35.687180 1.576170 -0.939600
104 -1.459060 0.566170 -2.999320 2.180990 46.415470 -5.963630
105 -2.055270 0.245500 1.675060 27.768690 -24.255390 12.876050
106 1.689500 -0.018830 0.594520 -12.069750 22.192470 -5.152470
107 2.630740 0.864250 2.047730 24.375820 -28.740350 0.383280
108 2.166570 -0.446550 -1.115670 26.576370 11.270820 53.623820
109 2.972730 -0.836560 -2.908620 17.024820 1.012180 42.301660
110 -1.392810 0.299000 -1.643680 -12.393920 13.028730 18.587070
111 0.653470 0.813210 -2.113590 16.739880 1.912510 -13.038330
112 1.980750 0.269820 -0.420760 21.568530 17.728870 20.334180
113 1.614630 -0.589920 -2.605070 40.047990 -14.930010 -0.177010
114 -0.486510 -0.804520 2.503950 36.412740 -5.622990 17.011220
115 1.690620 -0.247570 0.129560 -6.084240 32.753020 40.327630
116 0.571960 1.111260 2.816010 -11.964870 8.708420 -10.744010
117 -2.544900 -0.847370 -2.217170 3.546980 18.672990 40.633710
118 0.370330 -0.077850 2.957320 28.468400 -36.507740 -15.029780
119 -2.866760 0.693890 -0.703880 -32.169400 -2.438130 12.495480
120 -0.796500 -0.540190 -2.726950 9.679000 13.795260 -2.608900
121 1.262260 0.185430 0.757260 -9.399460 -3.529910 -2.134690
122 0.623830 0.368980 -1.725700 52.797410 7.982470 -12.589460
123 -2.688290 -0.446330 0.404950 3.113890 -29.056220 31.510790
124 -0.020820 -0.448930 -1.609110 10.699870 25.987440 6.389450
125 -0.072600 -0.586000 0.331790 -24.398290 -8.328780 8.437260
126 -0.706030 -1.373400 2.847680 29.643160 26.056840 8.149500
127 -3.036040 -0.082590 1.392650 17.330450 6.887990 27.775870
128 -0.751970 0.353220 2.389300 30.127370 -7.382500 -17.213410
129 -0.938000 -0.172160 -2.942850 8.425810 27.824870 6.399750
130 -0.860310 0.601590 -0.337390 -5.106430 -4.337980 -27.037140
131 -0.469710 -1.080050 2.862340 46.626970 8.702130 -11.916380
132 -2.098910 -0.536000 -1.502580 -10.239540 11.168500 6.442220
133 1.677950 0.343650 0.742700 -31.591390 26.807240 13.418940
134 2.655070 -1.006640 0.257430 29.642110 12.051080 16.320020
135 0.329830 0.282230 2.968660 1.651920 -3.734780 -7.969240
136 -1.349430 0.470200 -0.097200 -7.837670 -10.086860 -4.144900
137 2.056720 1.176340 1.005450 -36.517580 -17.161250 -1.049610
138 -3.107560 0.237690 -2.217120 31.313950 16.920900 18.140670
139 1.464960 -1.012710 -0.214170 -3.863230 45.996520 17.189510
140 -3.008420 -0.632450 2.291960 4.247280 9.922950 57.491910
141 0.815250 -0.655960 1.148960 -30.126620 -18.468940 -10.384190
142 1.298290 0.149630 0.977290 -6.146150 19.751240 11.111960
143 -0.475950 -0.014920 0.387920 0.533890 -11.256400 0.770250
144 -1.784800 0.570170 1.287850 45.360520 -16.773670 -16.489160
145 1.782820 -0.046350 0.610670 -29.094010 8.873670 6.036100
146 0.242800 -0.795420 0.279000 -0.801780 5.700170 -8.560430
147 1.475250 -0.431440 2.415210 18.979030 -24.703470 12.383100
148 1.305040 -0.684950 2.512080 19.851320 -19.293580 17.449610
149 -0.378470 -0.330150 -0.477650 -10.768760 -15.216670 -2.790550
150 -1.799760 -1.041710 1.859010 26.316660 -6.635570 15.250610
151 -2.257010 -1.500160 -1.944610 -16.896670 -0.616330 3.005640
152 1.797050 -0.611540 -2.671490 35.476740 -40.140950 25.884600
153 -0.141740 -0.737880 1.220250 -1.519840 -30.307050 13.979320
154 -1.411040 0.297170 -0.549360 -27.263670 -4.804790 2.712940
155 -1.849850 -0.323010 0.027910 2.456950 -48.106130 21.805250
156 1.722730 -0.118200 -1.155890 51.698960 30.091050 19.716350
157 -2.791900 -0.125550 -2.190700 -2.923830 36.569990 38.818110
158 -0.342020 0.802760 2.264770 11.555660 -4.539660 -28.689060
159 0.534230 -0.150380 0.663650 5.303220 10.981560 -5.615130
160 2.903810 -0.798960 2.944720 -16.374570 -11.623990 28.201590
161 1.565700 1.174790 0.547620 -18.976290 39.260980 0.939730
162 -0.136740 -0.994940 2.662090 43.297680 -19.091770 23.667740
163 0.730400 -0.201150 -0.731290 1.408700 34.078580 5.549570
164 -2.080850 -0.632000 -0.020850 3.984550 -6.938190 24.886210
165 -2.998730 -0.661060 0.654450 31.440260 5.214400 23.108590
166 1.976800 -0.767230 3.076340 23.360450 -18.145210 40.616930
167 -1.221560 -1.207000 -1.069240 -16.566210 -17.303030 19.909670
168 1.682840 0.312890 2.810820 4.577320 -17.359780 19.329210
169 0.088490 0.553350 2.253310 17.638280 17.009380 -21.549880
170 0.372470 -0.684690 0.677140 -34.300720 6.370280 7.622630
171 0.102810 -0.155740 2.178370 17.833390 -21.162900 -36.849110
172 -2.391120 0.384410 -1.692930 -10.373200 4.361570 28.569480
173 -0.576200 -1.122580 -0.688970 -35.485340 26.678940 9.902600
174 -1.133140 0.307930 -2.279240 16.253660 24.789220 -11.479590
175 -0.845450 -0.000530 1.074820 8.778740 -3.742620 -12.039070
176 0.047270 -0.158230 1.518330 -9.377560 -30.843310 -22.760670
177 2.078380 0.342600 1.569080 -6.270310 1.910400 21.322650
178 3.034010 0.175050 -2.774970 28.218180 3.869920 15.948450
179 -2.180100 -0.524130 -0.582100 -16.159650 -3.326790 33.310390
180 -1.295460 1.184290 2.049280 24.176560 13.677900 10.137490
181 0.995060 0.634680 2.184230 10.831440 -11.905560 -11.469190
182 2.308830 0.419880 0.058560 -6.328650 -1.077120 25.466180
183 2.009550 -0.597820 -2.739760 25.229260 -39.015200 38.932460
184 2.058590 0.094200 2.118650 -4.323880 -4.690810 17.902860
185 2.634480 1.191640 -2.790120 33.985530 20.093820 7.003760
186 1.666520 -0.036020 -1.525600 28.661140 29.690370 21.564670
187 -2.915620 0.230740 -2.713000 26.922700 -3.509750 32.241340
188 -0.584450 -0.918290 2.513800 51.973430 -25.891860 0.956040
189 2.640620 -1.335400 1.570360 4.633030 5.987490 28.938900
190 -1.635960 0.280690 2.689210 18.588590 19.567160 11.369090
191 -2.998550 0.445900 1.096570 11.599480 -44.952500 34.645280
192 2.292860 0.300020 1.592940 12.688120 -13.644400 29.156730
193 1.496030 0.834120 -0.668120 9.509970 21.799330 -9.058040
194 -2.420780 -0.712380 -0.077330 24.974650 -4.148050 37.536830
195 -2.092070 0.216900 1.888490 31.317940 11.946090 14.321950
196 1.180700 0.139360 1.113510 -21.172670 -15.495340 6.257980
197 3.119060 0.211880 -2.082150 7.395650 2.171880 36.589300
198 2.819550 0.022750 1.702550 1.932870 -14.683800 56.675370
199 -0.797040 0.430410 2.237950 36.749630 -6.542710 -22.335900
200 0.281640 0.567670 -0.224190 20.395390 -9.933590 -20.073210
201 2.392190 0.872200 -3.109610 58.527890 -5.424800 19.494020
202 -0.586040 -0.116260 0.266610 16.577680 -5.882400 -12.775220
203 -1.405610 1.374410 1.926690 29.042160 21.230220 12.423170
204 0.314910 -1.327460 1.814900 16.438440 -47.767190 19.851720
205 -2.453690 0.990990 -1.260980 -1.681840 26.871240 23.049800
206 -2.711830 1.236030 -0.636550 -14.596480 3.180130 -13.761130
207 2.285550 -1.094730 -1.650540 15.136150 -25.625680 22.232490
208 -2.123500 -0.440170 2.434870 40.276900 -0.022070 31.233990
209 2.132380 -0.053790 -2.825060 17.676410 0.165450 28.315930
210 0.519190 0.268280 1.124800 -12.866720 0.703040 2.746070
211 0.581010 1.074720 0.447480 -0.285800 13.936320 -16.593030
212 0.669080 0.608890 3.119930 25.629510 -37.008900 -13.065130
213 0.740210 0.613110 0.881070 0.235580 -1.911540 -8.548910
214 -0.514140 -1.044130 1.705280 19.593800 -32.076700 23.874650
215 -1.605460 0.615300 0.098270 -0.164750 -31.534450 19.749620
216 0.003950 1.372300 -0.659920 37.021470 -9.365810 10.468670
217 2.373000 0.626860 -3.136220 23.916130 -30.211520 11.212070
218 2.922340 0.741640 -1.814520 8.164500 47.253110 17.482510
219 -2.664640 -0.028360 2.091590 40.395360 7.094660 15.137980
220 0.850220 1.529510 -2.919420 -15.503930 -12.823380 1.730970
221 -1.441920 -0.502400 -1.818990 0.927780 32.868950 17.938640
222 0.334470 -0.115840 -1.048090 15.459770 3.739420 -5.625340
223 -2.175950 -1.110860 2.885800 9.399990 9.254870 32.777670
224 -0.073360 1.481130 0.212820 25.142290 -5.457370 -8.127670
225 -1.964620 -0.515370 2.760040 46.078030 12.224100 22.549020
226 1.891520 -0.593470 1.647950 -17.096750 -10.000690 49.040860
227 -2.968620 1.546530 -0.436090 -13.666990 -15.772240 -1.736860
228 2.249810 1.083820 1.433200 -6.192820 -42.269120 6.990100
229 -2.408930 0.867490 0.205920 -21.695220 -36.572970 -0.789000
230 -2.970680 -0.077030 -1.932580 7.113850 8.684450 57.812260
231 0.645060 0.690650 0.069280 -0.329660 39.176220 -13.184750
232 1.271130 -0.585940 2.409110 -8.411950 -39.445500 -1.886530
233 -1.129750 -0.003150 -0.287490 -24.011280 -27.259220 -18.567140
234 -0.172780 -0.696560 -2.691330 27.640810 12.627250 11.119270
235 1.903370 0.195980 0.103510 -23.576520 24.449990 33.643760
236 2.844340 -1.031380 1.946450 -9.256180 33.186390 35.199500
237 -2.008690 -0.736380 -1.857920 4.839030 8.954820 31.733840
238 1.646110 0.818610 -2.284450 27.998140 -15.081320 -11.787970
239 -2.496010 -0.877460 1.396290 26.338670 4.680340 52.913680
240 1.434470 -0.396970 -0.240680 4.480360 27.613130 -6.415240
241 0.270400 -0.422270 -1.590300 20.356320 4.265590 -13.844470
242 -1.539390 -0.525120 1.892220 62.516310 0.725730 14.531650
243 -0.001170 -0.490520 -2.816780 23.275210 22.939660 -15.243270
244 2.895360 0.543830 -2.417970 40.706760 25.735220 11.684260
245 -1.471670 0.524320 1.139800 39.201320 -38.538940 0.114280
246 -3.107930 0.793240 -0.335100 -5.493160 15.492470 5.773350
247 -2.228610 1.065110 -1.820790 -0.295900 14.351570 21.196090
248 1.804880 0.101640 -0.698390 27.076460 32.826590 -1.718140
249 1.072480 0.696630 -1.075160 24.440970 20.241540 10.089570
250 2.258710 0.730400 -1.566470 41.359400 8.570530 5.869480
251 -2.704020 0.244960 0.814880 0.111660 -5.542260 38.026990
252 -2.482860 -0.798240 -0.771950 13.709730 -16.589510 16.420350
253 2.506060 0.244540 -2.051150 23.464350 -5.950410 24.944440
254 0.987190 0.655820 0.847370 3.150590 2.254610 -8.312500
255 1.643070 0.779970 -2.546850 51.634600 -30.564380 4.292710
256 -2.268040 -1.340570 -0.549190 12.107120 -44.610560 35.290150
257 -0.201910 0.315660 2.129790 0.877130 -8.991510 -38.094700
258 -0.651970 0.702070 -1.830470 -3.273080 -0.606130 -41.483980
259 0.355780 -0.752960 -1.697830 9.946120 17.091510 -9.381750
260 0.847550 -0.148520 2.538900 1.359140 -30.207570 13.910190
261 2.825430 0.233600 -0.778990 -11.707330 7.842640 22.963890
262 1.200400 -0.508770 1.948240 -23.876650 -36.715670 6.072520
263 1.250040 -0.835510 2.817500 1.464230 -14.171580 14.023110
264 0.005740 -0.353670 0.029300 -22.841800 12.055870 0.390220
265 0.757810 1.043450 -1.298550 30.717530 -12.082100 6.163870
266 1.339900 -0.353310 -2.640720 36.385220 -0.040080 11.221640
267 2.883410 0.316290 1.640760 6.615610 -23.958400 14.101710
268 -2.236530 0.213730 1.983890 24.683620 -16.399460 24.700790
269 2.824630 0.545940 -1.137690 12.194770 8.824210 32.432470
270 -1.411620 -0.273980 -2.403320 -5.598760 49.628350 1.768000
271 0.681420 1.176910 -0.100320 32.551060 13.151060 7.901580
272 -2.318590 1.190590 -1.743550 -26.360960 14.263220 -2.453500
273 -2.688510 0.312610 -1.336550 2.623810 0.349550 25.836130
274 -2.540330 -0.981360 -2.074430 8.880000 0.168620 29.234150
275 2.123410 -0.558680 1.154710 -0.813180 -6.295960 43.404590
276 -1.789150 -0.406550 -2.815750 2.589730 17.694050 7.682720
277 1.242260 0.598860 -1.372050 41.728920 20.460320 -23.245550
278 1.132710 0.389310 -0.724390 21.036230 31.476170 16.734690
279 2.112240 0.793220 2.834390 26.496170 -48.192730 12.138570
280 -2.040410 -0.648140 3.077480 25.027860 10.715420 22.777730
281 0.086630 0.173690 0.025180 9.750430 7.710760 -41.266830
282 -2.522390 -0.560090 -3.028770 14.588940 27.425360 14.412610
283 -2.685470 -0.890140 -2.453260 -2.862260 -15.413370 30.546500
284 2.451360 0.523840 -1.163930 14.566790 10.240620 31.427340
285 -0.214690 -0.390700 0.043540 -8.003570 -24.524120 -13.405490
286 -1.978030 0.859580 0.776920 7.557570 -21.107650 20.285090
287 1.724930 -0.027500 -1.756190 32.444640 24.623400 13.309060
288 -0.063560 -0.058070 -0.346230 -6.940450 1.408620 -1.520750
289 2.511460 0.657250 -0.482800 15.356640 28.992080 12.337470
290 -3.003780 0.811100 1.008320 10.927920 -12.961730 28.921150
291 -1.978220 0.326170 1.591320 27.861460 -16.706930 30.674410
292 2.454560 0.659360 1.255850 -17.290720 -16.784960 39.462810
293 1.557630 -0.241420 0.411610 -22.040690 39.610580 8.367210
294 -1.486650 0.401400 -0.806540 -9.977870 -30.578910 3.247870
295 1.972880 -1.031770 -0.180360 33.608150 7.281600 34.133370
296 1.781800 0.749090 -1.500000 58.198170 20.882750 9.294090
297 0.089280 0.613390 -2.694790 26.658360 -0.380860 -25.850000
298 2.995160 0.372160 0.159990 -21.972220 -3.978940 49.028600
299 0.390940 1.042560 0.411320 35.906050 5.901040 -8.170930
300 0.692060 -0.195590 -1.083750 31.345470 9.500400 -0.105480
301 -1.096740 -0.441460 2.766640 25.597710 8.391470 -17.357180
302 -1.634140 -0.944350 -1.179730 -24.861290 -2.261350 38.561990
303 0.769550 -0.092530 -0.893130 23.227160 40.329920 -24.965530
304 -0.936510 0.232330 -2.036500 11.511990 29.054750 -14.899290
305 -2.710780 -0.080860 -2.537720 2.774730 6.181300 25.578560
306 0.809110 -1.009810 -0.155200 -22.167280 40.527820 0.650690
307 -1.356650 0.448670 2.768520 36.226960 7.558700 4.149270
308 -2.309980 0.296740 -1.497090 -26.465070 22.855390 34.608590
309 0.054030 0.125420 1.131070 5.194220 -11.691780 -41.154240
310 -1.455100 0.029620 -0.633040 -21.455210 3.020260 -3.455070
311 1.608310 -0.649410 2.094250 -1.587540 -39.818520 21.989880
312 -0.270070 -0.907050 1.576420 1.247160 -15.674430 5.250400
313 0.325540 -1.013030 -1.668890 30.315830 29.852850 -15.333660
314 0.099310 -0.347890 -0.591570 -12.766860 17.685420 2.327490
315 2.143910 -1.026620 -0.269630 13.306010 7.869780 24.247920
316 -2.866640 0.956080 -2.760050 43.291380 5.008670 23.880400
317 -1.646100 0.000200 1.816200 41.565600 -0.174440 29.114240
318 1.370200 0.012000 2.032570 -10.333290 -4.003960 10.264650
319 3.059910 -0.897360 -0.885890 7.037060 0.663730 46.510730
320 1.917130 -0.779840 -2.812320 5.193170 -9.553840 33.574380
321 -1.998450 -1.356790 -0.175470 32.885710 -22.830910 22.318320
322 -2.827170 1.369790 -1.123790 -23.985050 38.603510 -3.511620
323 1.794550 0.009450 2.965590 17.413860 -48.774150 23.399990
324 -2.706800 -0.226030 0.209990 14.886650 -18.691640 16.155600
325 -0.910120 0.069240 -1.511130 -5.422220 23.955600 -32.156970
326 0.147970 -0.277390 0.018120 -21.006620 27.208010 -20.234000
327 0.428210 -0.389620 -1.003410 25.712940 11.731020 -10.695580
328 -2.893920 0.747450 -1.990840 19.232880 30.880900 1.986720
329 -2.127650 -0.004170 -1.016950 -15.764930 -2.211050 0.649940
330 -0.623070 1.156060 -0.382310 10.225160 -5.036510 -6.132740
331 -0.686180 0.625810 0.511160 8.138750 -16.084640 -5.842320
332 0.751270 0.323650 2.973470 24.044270 -5.746260 -8.708220
333 1.880910 0.541680 2.806170 20.653270 -18.139400 -4.133780
334 -0.888690 -1.044260 1.222100 9.700240 -25.748440 23.327200
335 -1.201380 0.262880 -0.966500 -18.584220 -13.770050 12.112580
336 -2.799760 -0.545300 0.773770 40.507270 3.255860 39.899890
337 -0.683460 -0.387080 1.489600 29.147710 -20.226060 11.957540
338 2.067470 0.763190 0.822640 -4.209670 5.212580 24.084110
339 -0.940150 -1.064280 0.958810 16.306590 -15.200910 -3.680580
340 2.607000 0.712700 -0.437670 -13.968630 42.522290 20.212170
341 -2.832830 0.003820 -0.242750 -8.722160 -2.612400 55.616440
342 -0.400450 -0.268070 0.420870 -4.615680 -24.146980 4.296720
343 -2.728310 0.810400 -0.409420 -33.238250 14.801540 19.981510
344 1.910060 -0.244320 -2.327380 39.294160 8.210600 29.727760
345 -2.638490 -0.540070 -2.224030 8.178670 -6.773570 41.897440
346 0.866300 0.633710 -1.774630 37.261430 -6.475030 -32.669590
347 -2.523040 -0.487400 -2.264970 -10.168030 21.085870 52.575020
348 2.896280 -0.513480 1.228960 6.949660 16.153700 21.348510
349 -0.807620 -0.140290 -2.040410 -3.210920 5.880840 -4.757510
350 -2.910030 0.123440 2.318470 52.719020 -0.458500 34.431080
351 1.877010 -1.067090 1.420770 4.612130 18.384370 30.492310
352 -2.484030 -0.185210 1.110830 15.895460 -33.980270 31.463560
353 1.646030 0.228730 -1.097760 31.205430 7.493380 13.922240
354 -0.388880 -0.796830 -2.583260 39.628160 4.029380 4.384080
355 0.678220 0.576520 -1.934000 34.702570 12.038060 -17.268970
356 2.803870 -0.600140 1.054310 -4.262880 4.704450 22.629000
357 1.762590 -0.110750 1.381180 -6.227630 -20.670510 24.883080
358 0.869940 0.765340 2.829580 8.183710 -20.124340 -32.110310
359 -2.592430 0.849290 -1.871600 1.084710 31.513460 -5.794990
360 -0.448380 0.624070 -0.837680 0.260830 7.651680 -23.632840
361 -0.714370 1.209440 -3.062150 -11.649040 7.458350 6.742160
362 -2.508060 0.296830 -1.622470 -3.388780 33.488340 10.831760
363 -0.914070 -0.626630 1.021970 1.254190 -42.371710 -3.160350
364 -1.867750 1.331540 -1.956280 -8.238310 -0.049860 4.763770
365 1.611160 0.525730 2.733980 -4.177370 -41.573650 -1.951430
366 0.940830 -0.738800 -2.763840 34.391250 -20.076370 27.603290
367 -3.098150 -0.282340 0.611100 14.116250 -27.119650 41.920120
368 1.377480 -0.511450 0.546910 -15.021180 -0.126940 6.856410
369 -0.470580 -0.497630 0.790650 -16.272530 -24.771210 2.009840
370 -1.527980 0.246280 2.952550 31.866580 47.268730 0.455050
371 -2.318530 0.568330 3.075810 20.008890 14.716140 4.195590
372 2.577430 -0.782830 -1.915970 16.986060 5.542940 45.330310
373 2.348470 -1.326400 3.049290 8.218890 -7.074570 24.107320
374 2.476750 0.066880 0.901640 -25.540890 -14.445520 30.796780
375 -1.500780 -0.054230 -0.293260 10.784850 -21.709620 2.511980
376 1.632130 -0.030970 -2.942790 39.943690 -42.839790 9.829970
377 1.035290 0.072500 -1.876050 37.900220 2.628190 16.948860
378 -0.286000 0.527990 3.086810 -5.416290 -7.155920 -34.037570
379 1.822630 1.397660 -0.649850 1.606390 43.898360 -15.198850
380 2.936820 -0.076280 2.412780 5.382100 3.844830 25.001660
381 -0.968370 0.814480 -0.896640 18.204140 -12.392000 -16.245950
382 -1.298270 -0.063690 1.231880 32.030290 -1.010800 -1.872300
383 0.256040 0.595150 -0.604600 9.476250 23.399890 -16.311640
384 3.110530 0.567170 2.059200 32.729240 -27.132630 9.631720
385 2.380470 -1.070480 -1.713220 24.709690 2.610380 26.303990
386 -1.840740 -0.402670 -2.511700 -8.391110 22.736720 3.806010
387 -2.406400 -1.310610 2.806980 -8.138390 11.374450 18.591390
388 0.833310 -0.029720 -2.889040 26.243200 -16.431520 12.327500
389 -0.613100 -0.155590 0.974730 4.150980 -16.279470 2.060650
390 0.042830 0.537520 2.055630 2.323710 13.742410 -6.228840
391 -1.565920 -0.590010 0.877190 9.293400 -33.475300 21.800590
392 -0.513710 -0.962650 -2.247230 29.545640 11.494500 0.145550
393 1.514980 0.049740 -1.874140 51.059450 -14.438790 11.037650
394 1.371560 -0.446930 1.845090 -15.385420 -19.256110 34.947000
395 -2.942960 1.235530 -0.048800 -31.817860 -16.948620 -10.298730
396 1.280180 0.688140 -2.501170 19.005010 -22.869330 8.161600
397 0.905180 -0.076550 -1.295000 21.435590 6.331420 -16.915260
398 -1.247560 1.306450 1.959040 19.822940 13.168140 -22.079410
399 -1.288750 -0.588040 2.948050 21.424670 32.949300 21.343770
400 -0.802860 0.515120 0.402720 16.599850 5.054030 -18.844120
401 2.794420 0.304480 -3.068400 39.179360 -7.656840 13.817570
402 1.673290 -0.130900 -0.431490 4.034930 31.185550 38.311190
403 0.922860 1.249360 1.142930 13.419540 27.202270 -5.875420
404 0.023030 -0.431560 -2.051660 49.157840 23.128910 -15.873420
405 -0.165190 0.232880 1.424230 21.630740 -2.978910 -40.471220
406 2.956110 0.534430 -2.090990 31.361060 13.210200 9.046780
407 -1.635370 -1.066770 1.237560 35.877530 -38.572590 17.744390
408 -1.874510 -0.976750 2.978240 17.065200 48.189780 23.474950
409 -1.032580 -1.063110 1.858440 26.681310 -27.354400 0.388530
410 1.663830 -0.194760 2.582480 24.935480 -31.722650 24.864720
411 2.021840 -0.108040 2.110470 -21.200220 -7.041740 20.042050
412 2.901970 0.594030 -1.554980 -0.904040 42.941700 30.794720
413 0.532270 0.023710 -1.879220 42.471980 8.576470 -32.207130
414 -2.180650 0.916940 -1.717850 -15.515400 26.673910 28.574190
415 -0.787850 -0.734270 1.016070 -1.371180 -14.874330 -7.367620
416 -1.636280 -0.038490 2.862390 31.137550 8.510960 20.068770
417 1.722940 -0.559840 0.968150 -6.666140 -4.993520 15.777010
418 1.788770 -0.845270 -1.930890 25.447100 7.643450 17.099760
419 2.551490 -0.557380 -1.552730 31.646800 -20.761870 37.679460
420 -0.328500 0.663850 -2.954890 22.096730 0.332010 -24.943580
421 -1.169410 -0.169290 -1.475090 -4.580540 -3.052340 -5.360510
422 -2.742100 -0.532590 -0.923880 -14.714130 4.246480 29.750110
423 0.539470 0.119850 2.380700 4.364370 -20.055640 4.796820
424 2.910940 0.411190 0.583820 -3.053230 -29.712620 37.859590
425 2.443600 0.289960 -0.848520 -7.102890 33.253470 42.278560
426 1.338450 1.199940 -1.187470 27.644950 -1.436350 -14.702230
427 -2.280320 -1.309780 -1.287580 -26.486940 -5.316920 34.469790
428 1.634490 0.099840 -0.781370 25.672040 10.555390 6.254390
429 0.124600 -1.183770 1.178210 4.243340 -11.288280 -1.551950
430 1.864170 -1.025090 -0.927130 52.107250 22.136260 34.160390
431 2.335260 -0.116840 -1.698000 50.112650 17.515420 34.547790
432 1.201110 -0.757100 2.219330 12.328020 -27.925150 -4.394470
433 -0.089230 -0.948200 3.063870 30.987480 3.785390 15.993400
434 -0.357180 -0.173470 -0.523790 -25.232810 -8.469290 -17.682420
435 -0.726190 0.637130 -2.739910 3.655810 -6.374830 -16.061130
436 2.934200 0.332640 0.148770 10.070760 -2.362220 29.401750
437 -1.428700 0.091690 0.563260 12.299120 -40.234450 -20.159910
438 1.255870 1.215040 -0.575550 32.879490 25.108520 -26.341010
439 -1.741420 -0.223660 -2.515850 24.157170 33.302800 6.673460
440 0.144840 -0.259020 -1.387040 0.490700 21.795540 -1.392420
441 -0.012400 -0.695910 2.898710 43.909980 -30.177280 2.900730
442 0.303530 0.978250 -2.343780 11.432740 0.066050 -11.673640
443 2.568870 -0.219740 1.366610 -17.502640 -2.127330 51.308960
444 0.379040 -0.927240 -1.667380 26.265600 22.279740 22.235860
445 1.123580 -0.476420 -1.912610 28.934280 19.663700 10.403300
446 0.164650 0.363070 0.459700 20.294540 10.031110 -5.617770
447 -1.966040 -1.033370 1.790330 27.467280 22.745960 32.333840
448 2.977030 0.235930 2.458520 22.239020 -21.368710 15.980270
449 0.250690 -0.763110 -0.814510 1.570090 26.834930 17.318940
450 -0.059680 -0.319130 2.077340 8.720420 -3.956910 -14.344580
451 2.200220 -0.774310 1.092090 -5.690190 -1.548370 44.799100
452 -2.954190 -0.056000 2.702320 42.321230 18.514270 43.681710
453 -2.327310 -0.255810 -0.023550 -6.811120 -6.483440 19.754300
454 -0.603580 0.395640 -1.487610 -11.644360 -6.255470 -34.541040
455 0.607660 -0.410090 -2.934250 45.104390 -9.176570 12.021670
456 -1.317000 0.136460 1.749140 42.999650 -14.153130 -24.761320
457 -1.517210 -0.727220 1.816650 30.593010 6.287430 -1.357240
458 1.796740 0.273770 -0.817800 10.360720 17.136150 4.725320
459 -2.748740 -0.536660 1.959050 28.799970 6.216140 16.678120
460 -0.835610 0.058230 -2.394610 19.404430 5.747880 -12.281750
461 -2.346070 0.231680 2.040280 27.605390 -9.594510 10.283960
462 1.649310 -0.865970 -0.399540 23.190480 9.532040 28.374860
463 0.114330 -0.753950 1.115120 -23.380040 -5.938990 -3.297480
464 -1.339730 0.365890 0.496680 22.110070 -47.222380 -9.814020
465 0.606790 0.652040 1.381350 -14.239690 -11.923450 -13.652620
466 2.683170 0.364400 0.449970 -9.063870 -0.671620 10.022820
467 -0.406320 -0.722800 -0.270710 -28.337600 -12.912210 -16.534150
468 -1.006530 0.787520 2.535870 8.687960 22.614830 -0.295330
469 2.560160 -1.177610 1.832590 -20.787250 9.246610 13.945110
470 -3.136620 0.193690 -2.716390 12.435160 30.059150 34.780320
471 1.406810 -0.695530 1.663740 -29.070960 -10.530470 34.858200
472 -0.923020 -0.735660 -0.499280 -8.750620 0.143960 19.462640
473 -0.825350 0.237930 -1.230830 -25.026280 16.813290 -16.632790
474 2.915030 -1.305000 2.406600 -23.945860 25.782520 40.395360
475 -1.724780 0.323660 -0.499290 -13.738670 0.261240 9.613270
476 -1.846310 -0.436140 -1.536370 -10.392470 27.842140 21.971460
477 3.015000 0.565650 0.598430 7.850800 -4.769880 28.439160
478 0.894550 0.483450 1.799450 8.174120 -13.716450 -8.613580
479 0.480940 -0.724690 -1.363580 21.046940 36.965010 17.505930
480 2.824180 -0.289090 2.915720 5.534600 -14.643690 22.742920
481 2.771080 1.058160 2.278410 24.406230 -47.209950 20.042900
482 0.728650 -1.017470 -0.065210 -6.093210 29.564940 -10.732570
483 3.058740 1.275360 -2.170580 43.148730 41.580500 8.494580
484 -3.011670 -0.000580 -2.852440 18.787290 -9.959220 43.944690
485 2.399680 0.524170 -0.697470 5.307100 18.746550 6.060110
486 -1.074150 0.308060 -0.217100 16.583260 -18.233110 1.091970
487 2.523630 1.356070 2.053120 19.537580 -20.054020 -14.279080
488 -2.838240 -0.065800 1.042790 6.503930 -23.210730 23.388640
489 -1.385440 -0.248510 -2.083990 -19.368480 41.182990 10.817540
490 -1.806310 -0.175350 0.469700 2.676880 -15.011470 22.742740
491 -1.151920 0.608630 -2.936720 7.703180 18.048160 -32.336620
492 -1.875650 0.205190 -1.750530 -3.030720 2.871070 17.080410
493 -1.496360 -0.118280 2.388200 42.518920 -6.353900 2.777010
494 2.974310 -0.592740 -1.426100 6.076460 -1.758080 62.500540
495 0.554460 0.382970 2.275430 -17.521210 -3.071700 -11.179020
496 -2.481250 0.511510 2.005400 42.545280 -30.923120 22.987870
497 2.453620 -0.400720 0.219520 21.908250 29.485010 38.157050
498 1.327520 1.282030 -2.726150 46.091160 -27.938580 -6.754010
499 -3.082870 0.736130 2.917680 27.065870 15.683580 11.369770
500 1.205350 0.283980 3.085130 36.913560 -18.753170 2.115110
501 -1.550010 0.287780 2.369650 58.621460 21.236500 8.326190
502 1.596450 -0.141880 -0.414060 25.370940 18.338560 7.387190
503 2.639610 0.799010 2.793510 27.416330 -17.848000 38.022090
504 -2.816640 -0.121700 0.991600 21.603940 -9.620400 16.217070
505 -1.418610 1.075870 -0.750430 -23.929920 -30.936300 -6.994350
506 3.000270 0.632290 1.955860 10.392380 -25.149050 43.290600
507 -2.256730 -0.222840 -1.898540 -6.818420 13.590200 6.853860
508 1.087400 0.666860 2.524810 16.974130 -26.435360 -13.022920
509 -2.282530 0.781500 -0.885190 -17.896210 12.626180 -5.565250
510 1.874510 -0.553730 -2.998010 20.434090 -21.193360 49.769100
511 -0.591240 0.764000 -0.829900 9.550850 -34.935530 -11.746350
512 -1.102090 0.410080 -1.006500 -9.356020 11.438030 -11.799830
513 -1.239940 0.617480 -1.731760 -0.230600 20.004930 -0.740060
514 -0.158390 -1.090450 1.612790 6.816000 -17.482510 -10.011810
515 2.252080 0.023160 2.914910 18.033470 -0.644300 30.626550
516 2.814530 0.693790 -0.061180 -22.403300 -2.942870 6.804740
517 -3.096970 -0.201360 -1.681190 15.955280 16.718570 23.553120
518 -0.912360 0.478690 2.873420 7.154410 38.796830 -11.065380
519 2.508300 -0.100930 -1.593400 9.233970 24.453340 29.672600
520 2.819220 -0.799770 2.455730 -7.487160 -11.224390 23.080920
521 0.000700 -0.649790 -2.552990 31.479210 20.723910 10.999400
522 -0.542600 1.036100 2.031220 29.470210 5.219490 -8.622980
523 2.098160 0.628910 1.649400 -6.248950 -40.918370 27.855910
524 -1.940120 0.063080 1.193790 24.380260 -37.569180 4.503120
525 -2.644900 0.643000 -0.395890 -34.662170 -21.037130 18.041020
526 -1.787170 -1.190790 3.082600 -2.638600 44.470380 24.512280
527 -0.618240 -0.453330 -0.984510 7.961900 17.934540 -10.233210
528 -2.367180 -0.069700 2.599430 18.274400 29.566250 31.402710
529 -1.919550 0.143740 -2.017740 11.545590 22.133590 14.698210
530 -3.079030 -0.004600 0.893470 4.581560 -18.312830 56.793180
531 0.285330 -0.497560 -0.611940 -6.764090 35.182550 9.036560
532 -1.548560 0.033480 -0.689440 2.744640 -21.525330 6.520420
533 -1.813830 0.817120 2.562050 42.568360 6.921480 21.352540
534 -0.739700 0.546570 2.990280 -5.651460 6.124720 -23.342600
535 -0.521580 -0.560620 1.408290 18.647010 -18.032460 11.432960
536 -1.534410 -0.158340 0.784290 36.857210 -45.061610 9.182340
537 0.190390 0.258560 2.426610 15.791190 -7.245780 -40.585580
538 0.169010 0.314180 0.208860 -11.023950 3.875140 -15.088110
539 -2.892030 0.337370 -2.393410 22.391010 37.306420 13.600610
540 1.774160 -0.542230 -0.275890 18.433050 9.165860 22.805350
541 -2.071120 -0.131240 -3.087040 17.418330 28.881440 43.329330
542 -1.118590 0.891350 1.495040 18.309210 12.888080 -5.038720
543 -0.531980 -0.909750 2.789570 59.757320 12.146440 9.193090
544 0.654270 0.875700 -2.616540 14.817650 -22.404790 6.491200
545 -2.112620 0.977050 0.922530 23.898350 -14.249740 18.813600
546 1.500320 0.323390 -2.130460 29.684180 7.390890 -9.632930
547 1.697590 -0.161300 0.502590 6.716250 21.583540 12.676930
548 -1.461940 -1.491630 2.490150 46.410870 36.369030 22.966500
549 -0.982200 -0.986800 0.314790 -1.795430 -25.672730 -12.407610
550 2.243890 -0.178090 2.545940 27.362490 -23.752120 31.386910
551 1.454640 1.209790 -2.617040 19.753700 -15.755010 11.652190
552 -2.761600 -1.337780 -1.153110 -12.637200 -27.986600 40.288220
553 -0.190970 0.455750 1.951420 13.118340 -15.479390 -13.983790
554 -2.297280 -0.124320 0.027530 -12.717400 -33.462420 12.118160
555 -0.333460 0.253550 0.693630 21.248550 6.181130 -8.749280
556 -0.724910 -0.015080 -2.402680 21.786710 4.059560 -21.064650
557 -1.541930 1.005700 0.966330 19.355470 -1.119510 -6.132170
558 -2.064080 -0.891500 2.923450 15.618070 7.860970 23.913520
559 -1.927470 0.439340 -1.053800 -33.408000 17.134930 8.075920
560 0.078720 0.162770 -2.831050 11.656160 15.873070 -21.484000
561 2.306000 -0.482090 0.207150 -9.574610 32.042400 39.908280
562 -1.440590 0.107750 -3.029070 32.042310 34.753010 -19.530750
563 0.166360 0.200530 2.061540 -3.638530 -5.423970 -3.819670
564 -0.248050 -1.049010 -1.868900 39.300230 38.367210 10.715130
565 1.388500 0.572610 0.484040 -18.345480 22.271020 22.192460
566 -1.184840 0.480600 1.024740 19.302000 -0.609100 -23.056850
567 -0.199320 0.245320 -2.567350 33.269280 8.659570 -15.872010
568 1.766390 0.512360 1.610590 -9.377140 0.080330 20.295690
569 1.810820 -0.477550 2.311610 14.115940 -24.660950 14.669440
570 -0.192010 0.946540 1.602870 18.079110 0.126010 -6.760850
571 0.595420 1.349160 -2.095080 -2.968860 -12.824320 -13.424570
572 1.579820 0.151840 0.280910 11.022450 18.941130 12.302210
573 -1.467570 0.446590 -1.871000 -11.804590 -0.112400 8.322640
574 -1.065370 -1.239110 1.858760 36.611710 -34.044590 23.253050
575 1.955920 0.856260 -0.695630 8.603190 26.988430 -10.945310
576 -1.068730 0.842990 -0.783460 15.339730 -8.218480 -7.481330
577 2.598340 -1.028650 -3.062020 -19.830530 5.338160 31.900370
578 -2.632960 1.465970 -2.848520 23.730330 14.669580 -15.575400
579 -2.334610 -0.176900 0.736590 12.159790 -19.662040 49.483610
580 2.828240 -1.400470 2.769540 -5.043420 2.499630 7.795560
581 0.422180 0.228120 -2.181800 9.858140 -11.353900 -29.269140
582 2.335250 -1.469790 -2.798050 -22.431600 -32.635440 23.421220
583 -1.370140 0.440010 -2.715430 25.337990 40.920060 2.410930
584 -0.407600 -0.502160 0.418710 -0.612770 -16.864850 10.953630
585 1.821970 -0.283630 1.706750 -26.219110 5.917890 22.040670
586 -0.002330 -0.754970 -0.290640 1.251650 21.963920 5.014200
587 -2.029570 -1.434720 0.761600 24.837540 1.360580 30.962870
588 0.930170 1.168870 0.528630 14.152200 25.794920 -28.737150
589 -2.732550 0.067810 -1.350960 -2.751990 -7.470550 25.774670
590 -0.759110 0.913240 0.487930 33.716460 -8.698650 -39.257220
591 -1.478760 -0.424570 -1.686030 -1.525160 33.510130 5.179930
592 1.159350 0.564260 -1.708940 37.423030 23.539710 -1.855630
593 -0.359030 -0.375880 1.155290 16.377460 -3.856220 -12.318350
594 2.150350 0.521590 -0.391870 -18.118660 19.825750 19.651850
595 -2.208320 -0.409040 2.255500 17.262140 4.460230 22.531090
596 0.616830 0.580370 -0.757580 23.942770 13.965610 5.072980
597 2.715530 1.194660 1.523450 22.423450 -27.120460 12.286200
598 0.216240 -0.259280 0.039720 -23.105870 28.630950 -9.989300
599 -1.061490 -0.568830 -0.241170 4.588770 -12.487850 -8.187790
600 0.840790 0.883880 -0.556540 12.249770 37.055240 -16.410500
601 -2.945280 0.157620 2.313810 12.337480 -14.213380 38.501670
602 -1.494610 0.686810 -0.937860 -15.891240 -1.940690 15.926820
603 2.566330 0.023090 -2.883060 33.178970 -2.292850 18.187180
604 1.698740 -0.218000 1.662160 -29.120080 -25.677730 9.654620
605 -0.439510 -0.822810 0.203980 -18.777030 -5.074440 16.350430
606 2.070810 -0.091870 1.793490 7.202390 -1.559990 28.546200
607 1.312510 -0.616520 -0.608140 4.405400 50.291680 16.262520
608 -0.075030 0.259120 -2.862050 7.562560 19.931880 -13.253540
609 -2.425680 0.063280 -0.664160 -9.955570 -16.636430 7.708860
610 2.165840 0.083860 0.127560 6.064370 4.745820 37.653390
611 -1.464630 0.911250 2.577070 35.059980 35.694520 -25.771200
612 -0.174650 0.883270 -2.595620 -1.979030 -3.042760 1.220820
613 2.471120 0.222400 1.350370 -25.745690 1.199120 33.475820
614 1.289250 1.030770 2.460990 -15.965760 -5.388900 -12.575060
615 0.234220 0.776680 -0.191030 20.742740 -12.238820 -11.903440
616 -0.033160 -0.688610 -0.237220 -9.184030 4.059170 -24.347500
617 0.703630 0.228380 0.287220 14.851640 31.076870 -10.897140
618 -2.407830 -0.891660 -0.915170 6.522720 -0.800350 28.630330
619 -1.510400 0.632880 -1.408030 -17.487360 -5.257820 -24.902780
620 3.134510 -0.186240 0.046810 -15.487000 -15.241570 41.105220
621 -0.962510 -0.349600 0.923490 18.519160 -48.828400 0.061040
622 -2.033850 1.399120 -2.324840 4.723690 8.542640 -4.637370
623 -0.913150 -1.092530 -2.756940 7.266940 25.810910 0.568670
624 1.748340 -1.161210 -0.103220 33.495760 13.651820 22.687410
625 -0.325970 1.161690 2.249140 -9.083640 9.955780 -30.899760
626 -1.710530 -1.424820 -2.945210 26.340500 43.012490 22.841910
627 -3.055220 -0.547900 -1.869040 4.272150 -13.791850 24.229430
628 -2.984530 0.890110 1.228630 16.415140 -50.857340 8.148280
629 1.816850 1.123170 2.313240 -9.413310 -22.345350 19.552910
630 -1.712090 0.237620 1.828500 44.514340 -2.965410 -16.410390
631 2.914230 0.587100 -0.194930 -0.830220 7.084430 9.805280
632 2.336510 -0.529050 -0.487430 6.543320 35.642430 32.595830
633 1.789020 1.131820 -1.564600 40.258000 -6.691670 -3.376920
634 -0.374920 1.102950 -2.837550 -23.259420 21.356680 -14.635160
635 0.743760 0.974220 0.067920 4.976670 22.617890 4.142120
636 -1.960490 -0.611550 -0.335730 -6.540910 -18.643030 43.767680
637 2.992500 0.175130 1.632340 11.144480 3.144510 39.500110
638 0.902600 -0.235600 1.957710 -1.989910 -19.673910 -25.935680
639 2.870700 1.156520 0.957370 -9.061220 -5.657640 -4.686410
640 2.207250 0.190100 2.390720 6.947310 -22.656770 2.843800
641 -2.901630 -0.455950 -2.924700 -0.810710 5.056470 58.184230
642 2.127530 0.134640 0.031180 -4.601610 3.498440 34.981340
643 2.195810 0.867490 -1.879890 22.325410 26.301920 24.357170
644 -0.971120 0.532690 -2.770350 0.650470 1.201450 -7.963450
645 -2.792570 0.670540 -2.437870 42.871850 32.786550 24.234710
646 1.199110 -1.229900 -2.429840 41.163570 4.700580 7.089440
647 2.690630 0.025380 0.877700 -13.243130 5.743930 53.424400
648 0.686590 -0.293160 -1.548860 51.393420 33.205180 -3.213510
649 -2.476120 -0.918790 -0.218220 12.355520 -0.917220 37.160620
650 -2.022730 -0.120580 0.004820 5.373660 -17.785450 0.083140
651 -3.096780 -0.449250 1.656960 29.017960 -14.440050 34.832360
652 0.755090 -0.491400 -2.210820 25.337250 -9.436490 1.309080
653 0.852940 0.661270 2.453650 -5.574680 -40.818490 -7.406620
654 -1.597590 -0.042780 0.674890 30.872750 -12.534490 1.219900
655 2.495110 -0.560330 2.195040 -0.764160 -27.616550 41.682140
656 -0.296160 -0.006710 3.048200 29.990850 15.767070 -37.832350
657 3.140680 -1.355160 -1.679020 9.741330 -17.179220 7.813440
658 -0.063810 -0.875600 -1.961440 25.682410 8.863940 6.233780
659 2.147350 0.307990 1.935110 13.001620 -14.733430 34.061480
660 -2.512300 -0.140600 -2.116320 -16.714630 12.331670 21.432980
661 2.126950 0.920930 -1.876550 61.575280 14.946020 5.682030
662 -0.973960 -0.979960 1.701780 44.532820 -40.491890 13.570490
663 -3.082760 0.249310 1.513530 19.817010 -34.004050 19.526400
664 -0.349650 -0.405290 1.670870 40.412500 -14.690010 -5.218860
665 -2.772410 0.231730 -0.992950 -26.681070 25.603400 33.672360
666 2.053090 -0.074010 -2.764630 43.525060 -32.377380 34.924840
667 -2.690520 -0.555120 -1.360560 6.473730 -13.410230 20.741500
668 2.089760 0.170580 -1.017480 36.177130 39.402490 32.092780
669 -1.342880 0.115120 -3.008920 21.552020 35.629880 -25.833030
670 1.917290 -0.213790 -0.095190 24.100460 34.939020 19.064740
671 -1.365620 0.727110 0.225530 -1.294230 -15.823690 4.490780
672 -2.553130 -0.112630 0.039840 18.307380 -13.453120 22.902080
673 -2.461720 1.196930 -2.985470 28.942740 20.560750 26.757030
674 -0.159220 0.661570 -0.646460 9.619920 15.407580 -30.625720
675 -0.702170 0.334440 -0.778550 -23.718260 0.328040 -10.630010
676 -0.844780 -0.216230 -2.129100 0.820240 7.484830 -13.260110
677 1.125100 -0.954030 -1.006870 33.778480 14.109430 -0.487380
678 1.598740 -0.158620 3.123670 35.663860 -13.825640 22.382450
679 -1.743990 -0.681310 -0.831630 -12.793560 3.482410 1.815750
680 -1.661460 -1.005540 1.807640 32.019560 5.984050 39.910040
681 -1.421120 0.115750 -0.518920 -31.667600 -3.993240 -6.941450
682 -0.332630 0.120680 -2.120640 16.052130 19.231910 -2.736060
683 -2.490480 -1.140690 1.045170 35.323870 -2.135240 52.773570
684 0.051080 1.319180 -2.991550 -18.346870 -1.012620 10.431380
685 -2.157240 0.015300 -1.920830 -22.727120 41.540840 25.218830
686 1.386080 0.099660 0.945970 -3.652490 -5.736980 -0.149870
687 -2.875240 0.074300 -2.769270 28.069390 22.170450 54.998920
688 0.701430 -1.536900 -0.699680 7.146040 33.701660 43.873600
689 -2.773500 -1.207750 -2.000710 -19.019970 -26.459360 24.533120
690 0.375990 -0.151820 -2.741930 47.056740 9.076240 -12.480260
691 1.037310 0.286120 2.465590 18.059480 -10.783160 -11.241590
692 -2.777040 0.263450 -0.905360 10.922450 12.161500 38.574580
693 2.501600 -0.299760 0.374160 -9.376500 33.840490 36.159800
694 2.400770 -0.403010 2.276630 8.157460 -32.943830 32.331630
695 -1.662610 -0.459840 2.181170 56.834680 21.307920 15.658780
696 -0.457130 -0.811740 0.674090 -19.236280 -30.383910 16.320740
697 0.947680 1.092330 -2.646700 3.289450 -33.744920 -20.483100
698 -2.227540 -0.804960 1.707760 33.916810 -14.720930 27.496920
699 -0.479010 -0.359550 -0.984370 7.833440 1.335560 -13.927420
700 1.374560 0.096620 -2.225560 25.011180 5.466040 1.388000
701 -1.644530 0.091400 -1.886460 -11.238670 25.255130 -16.984780
702 -1.870450 0.838020 2.001250 32.484240 -15.958520 3.415860
703 0.633870 0.725690 1.177610 5.285540 -4.415750 -22.592660
704 2.966740 0.384930 -3.081680 39.764530 -12.242910 13.304230
705 -2.939040 -0.124300 -0.321930 -9.736350 16.209400 39.155010
706 2.647770 1.003260 0.240390 -36.336320 17.472900 21.482430
707 0.050460 0.838340 -2.363930 -14.170460 -0.928900 -17.513900
708 -1.718000 0.449700 -3.025960 19.176240 21.036950 22.876650
709 -0.065420 0.044080 -0.126840 -17.814670 22.668070 -26.277860
710 -1.132520 -0.797830 -1.384210 -22.933250 10.574600 30.339450
711 -2.692460 -0.257890 -2.074790 -12.427960 33.216450 25.668770
712 -0.292490 1.023640 -2.670130 8.208930 9.238610 -18.917560
713 -2.860840 -0.601140 -2.664710 18.383580 22.601520 36.687640
714 1.010080 -0.581450 0.229100 -7.721860 3.862890 15.348060
715 -0.690220 1.330140 2.619530 -14.710230 39.849530 -14.934660
716 -1.742590 0.534980 0.481210 17.265000 -50.297250 13.893960
717 -2.533920 -0.366160 0.578730 25.215990 -3.137810 21.552640
