1 -1.217660 1.019110 -1.133030 -28.336320 38.907520 15.196950
2 -0.917170 0.633070 -3.135390 26.901980 64.199390 -21.112340
3 -0.768990 -0.400250 1.917340 57.787480 21.213070 36.308760
4 1.779910 -0.106060 -2.467720 56.446170 17.237810 -0.868310
5 2.892040 0.150770 -2.329860 60.117000 19.169460 35.478250
6 0.161320 -0.228470 -0.101540 -29.645870 -0.117400 -0.656820
7 1.428520 0.006850 -2.437110 43.883130 26.200280 -9.805090
8 1.972580 1.093390 -0.762880 36.252100 46.376230 -13.013760
9 3.033530 -0.366810 -3.031840 29.332540 20.473470 82.112460
10 3.125690 -0.411870 -2.471160 38.246710 2.121330 57.449400
11 3.134880 -0.031430 -0.399000 11.482270 61.303780 51.034690
12 1.095800 -0.938810 2.139630 29.984770 -13.068920 15.387390
13 1.851170 -0.204280 -1.702390 50.536250 49.162060 4.831450
14 0.979980 -0.078520 0.078340 -12.979280 27.895150 -16.534110
15 -1.927200 0.269110 -2.568660 37.828260 56.596790 54.342320
16 2.319920 -1.308190 -2.455510 48.390130 7.524590 45.949730
17 -0.459960 0.045120 2.592470 48.513460 53.869560 10.974460
18 -1.481920 0.289610 0.953180 27.014010 -5.608410 44.276740
19 2.335210 0.328990 2.583620 19.849860 -17.004640 6.066750
20 2.391920 -0.145070 1.693180 -23.191690 -10.465080 22.830370
21 -2.184180 -0.061840 2.005380 26.314230 -3.254480 60.603530
22 1.266820 0.644580 -1.978020 58.999310 27.142500 -34.797520
23 2.194760 1.277080 -2.662040 28.131570 -11.213410 2.571740
24 2.430980 -0.361820 2.223480 -8.692390 -12.132920 28.376050
25 2.374640 -0.463750 0.855950 -26.460110 37.933730 29.459870
26 2.253620 -0.344560 -1.873680 56.156720 27.182550 23.005720
27 -2.114620 -0.612040 -2.528790 4.142950 27.676560 71.650250
28 -1.936350 -0.990240 -2.144400 -2.871620 19.347030 68.310200
29 -0.439480 -0.568130 -2.137010 25.926400 80.280460 6.435950
30 -0.206360 -0.879610 -2.117000 -3.218120 68.363390 26.037050
31 0.139800 -0.528130 1.537510 3.709590 -25.563470 10.442760
32 -0.499960 1.039330 -2.023930 -20.954340 44.475480 4.352110
33 1.624780 -0.563260 -1.374720 48.094720 46.700410 11.071320
34 0.593580 1.164650 1.566090 28.572860 50.301640 -23.671530
35 0.450220 0.202150 0.134010 -0.005870 7.006520 -16.532640
36 2.788700 -0.105910 1.387980 -34.845380 -0.467020 39.366520
37 -1.280170 -0.305710 -1.950360 -11.131530 56.159470 54.754140
38 -0.127940 -0.494890 1.882950 57.984980 9.386250 15.833930
39 1.392680 0.541930 1.508860 -3.592320 24.148410 -21.684840
40 -0.371890 0.669190 -2.547730 5.599470 67.727100 -0.880880
41 3.000420 -0.320220 1.117150 -25.523080 24.858970 50.640960
42 -0.242630 -1.361140 -2.907590 29.406680 64.814810 30.667330
43 -1.460930 1.080350 -1.783760 -5.317020 74.943310 9.604370
44 1.382160 -0.164630 -0.545030 8.836010 58.994490 -11.711120
45 1.683450 -0.265170 -0.383250 5.970070 83.425410 36.541880
46 -1.855590 1.214190 1.754870 67.947640 4.799680 -5.047300
47 -1.339620 0.721050 -0.591560 -34.924130 20.932400 26.387060
48 -2.130820 0.596320 -1.687520 -20.631810 87.457650 36.573750
49 -1.432670 0.866990 -2.632660 4.015060 70.521800 -6.926820
50 3.124090 -0.484050 1.379520 -16.277410 32.675760 56.008460
51 -0.069380 0.672730 0.261680 9.452530 -8.944810 -10.992030
52 -1.261390 0.814200 -0.796230 -24.376420 6.202770 -12.005370
53 1.861310 -0.678380 -0.766960 7.268430 69.821940 22.485140
54 -0.636460 -0.167800 -0.067170 -28.964560 -2.400090 -8.252920
55 -1.543070 0.132950 -2.741720 22.604720 62.467770 51.753030
56 -2.322060 0.075410 -0.870470 -5.563210 58.571730 62.590670
57 -0.801380 1.076180 -3.058460 7.164680 72.921420 -27.411040
58 1.077960 -0.181870 2.904670 44.052470 16.688230 -13.074800
59 1.761240 0.609800 -2.761430 34.488930 9.008480 -13.530830
60 -0.170620 -0.165040 0.248710 -28.292940 1.126950 -16.939590
61 -1.576330 1.427620 2.650170 57.370250 30.678810 1.789560
62 -0.857360 0.678780 2.653370 34.540190 48.238700 -22.312990
63 2.189670 -0.214660 2.245980 5.268260 -27.731280 16.669340
64 0.240260 -0.431440 0.182070 -14.594440 -2.314790 6.775710
65 -0.326010 -0.126410 2.123050 59.191080 28.138970 11.898520
66 2.037580 -1.100210 -0.720990 29.042480 64.307890 28.138510
67 2.027610 -0.019770 -0.975420 34.241170 92.071760 36.585480
68 -2.981040 -0.790170 -3.027400 -0.163860 25.184050 89.343150
69 1.029850 -0.276720 2.020500 24.921280 -6.487360 -9.790140
70 -2.203800 -1.187530 1.596810 17.327470 63.534610 57.496540
71 0.562360 -0.116660 -1.235120 -13.602820 59.874300 -6.899390
72 3.033610 -0.792370 -1.338650 46.175940 43.044170 58.787350
73 -2.992600 -0.604610 -1.490190 37.858370 38.799050 58.201170
74 -0.923370 0.164310 1.314760 44.061730 7.994650 24.641450
75 -2.642990 0.106400 -0.923660 9.065780 64.253090 60.242080
76 1.270510 0.928880 2.701930 -6.314090 23.634190 -25.938390
77 -2.151880 0.398070 -2.726030 50.315930 44.881020 46.127270
78 -1.636100 0.087240 0.074290 -15.828190 6.546940 51.307220
79 2.617170 -0.045210 2.863580 32.611990 -16.691590 27.115470
80 -1.563500 0.398960 -0.538230 -28.369810 22.540460 44.504620
81 1.570320 -0.386520 -0.152730 -15.119060 81.590190 34.686480
82 2.849670 1.074510 1.980720 1.212520 -45.370150 1.310670
83 -2.994490 0.576560 -0.136510 -23.407710 65.111010 32.581350
84 -1.502000 -0.281710 1.072390 24.217560 -2.066580 60.608210
85 0.322230 -1.342320 3.056300 65.359280 9.311580 48.029470
86 1.445250 -0.747890 0.767290 -27.431990 14.135410 12.085000
87 -3.067390 0.086680 1.497930 -17.780000 7.767480 51.898870
88 0.724080 0.358790 2.259340 27.036000 26.507160 -24.682510
89 2.909780 0.564800 -0.374990 -32.785260 49.398030 34.745500
90 -1.989900 -0.646630 -0.286870 14.434410 20.268010 70.165940
91 -2.148160 -0.630690 2.858140 11.465800 27.866710 71.862520
92 -1.262700 0.578870 2.296420 60.755870 21.840820 28.875970
93 -0.233190 -0.965680 0.554490 11.251930 -23.060870 23.664500
94 1.241810 -1.165170 -1.564720 25.216980 75.535600 37.478310
95 1.239220 0.300240 2.299110 11.331170 12.874740 -21.454110
96 -2.914080 0.530130 -0.626610 -5.031790 76.974720 37.510990
97 1.482680 -0.674610 -0.027630 -19.152920 55.794340 5.449830
98 -1.302140 0.335120 -0.028220 -28.574980 -1.814260 36.599930
99 3.050890 0.269910 -1.637370 43.238920 43.040960 58.409340
100 2.384830 -0.881410 2.058670 -6.449880 -14.652620 45.969440
101 1.168440 -0.321120 -2.014530 37.741230 57.524790 -3.525390
102 0.768890 -0.414010 1.934780 36.082990 -10.735270 -1.472690
103 -0.486690 0.288960 -0.131590 -16.864660 -15.108990 -29.499090
104 -1.353720 0.417290 -0.298470 -24.000390 -7.358840 -1.672940
105 -1.723180 0.691910 -1.104020 -23.824060 57.378710 34.907060
106 2.128530 0.046100 -2.724790 52.636710 -1.738920 7.302610
107 0.961510 -1.000750 -2.395470 61.603450 43.489650 3.763650
108 -2.991440 -1.026900 -2.272400 12.080250 -8.907930 51.927830
109 -3.022870 0.669770 2.319580 50.604180 -6.443250 17.579090
110 0.090210 -0.020980 -2.219640 4.062030 41.734590 -10.487630
111 2.145910 0.448340 -1.358230 44.493720 56.990240 -5.625370
112 2.282220 1.226200 0.465810 -4.795820 63.473930 -7.948040
113 2.359900 -0.026510 -1.501780 52.303750 36.210480 29.048790
114 -2.773280 -0.324920 1.226150 -11.029010 24.722350 68.892340
115 3.011550 -0.901220 2.415240 -1.674420 25.973870 85.985850
116 -0.843410 0.305070 0.498490 0.529500 -26.478570 22.300740
117 0.788990 -0.919430 -2.787470 56.448580 26.648450 0.731210
118 -0.375500 0.776290 1.298200 52.498580 8.343050 -1.980570
119 -0.695090 1.127050 1.294630 46.983820 0.103910 -3.798890
120 2.298230 -0.388990 0.892510 -34.773390 27.841960 26.057130
121 -1.741290 0.547270 -1.555390 -38.958400 55.280620 15.407640
122 1.521190 -0.799620 0.505300 -30.711920 53.826550 48.241110
123 1.943010 -0.681330 2.689950 7.664300 -24.486420 18.906840
124 -1.555310 0.753530 -2.911740 38.716850 47.788880 2.487800
125 -0.998380 -1.158920 -1.176110 -34.647600 4.864970 34.016900
126 -1.114120 -0.089780 -0.537760 -33.602100 14.755470 4.621870
127 -1.650490 0.805490 2.411290 60.302850 13.015920 27.341560
128 -3.014660 -0.976490 2.697960 -8.157400 32.032340 88.450760
129 -1.929830 0.392690 0.768570 -11.938310 -10.370960 48.836870
130 -2.252260 1.087950 1.388490 2.836890 -31.109680 7.283070
131 -2.952870 0.697320 2.042280 47.748340 -23.538090 28.728390
132 3.118270 1.297820 2.663000 22.776060 -11.202100 9.111050
133 1.879730 -0.501900 -2.759810 50.881160 -11.744830 49.985810
134 -1.365460 -1.174030 -1.800310 -18.967330 20.079450 60.589960
135 -0.590420 0.408070 -1.235360 -19.800710 20.926410 11.031550
136 -1.052850 0.670340 1.994380 74.071610 21.725590 -15.574100
137 0.660950 -0.508090 1.433170 -22.745470 -20.376530 -0.367360
138 -1.663680 0.626930 -2.951460 57.916240 58.370570 34.161530
139 0.465490 1.066700 1.097170 2.276510 57.576940 -21.072630
140 -0.149800 0.787750 1.895960 29.804530 45.177330 -41.115260
141 0.590130 0.410050 -2.444540 16.912820 51.964150 -28.863260
142 2.931590 -0.081630 -0.103840 9.417130 55.369140 43.894020
143 1.861360 -0.038160 -0.292440 -11.628980 83.734740 36.043060
144 -1.566570 1.061580 -1.969700 -21.911530 80.793750 -6.541380
145 -2.956280 -0.607450 1.044100 -11.747960 37.360080 63.018420
146 2.196200 0.489320 -0.330170 -17.005690 80.594360 31.777520
147 0.191730 -0.321260 -1.684420 -10.206960 55.652610 -7.095900
148 -1.808550 0.034180 -2.857000 30.146400 49.322730 58.906190
149 -1.549150 -0.372750 3.030510 16.977870 48.641300 43.790820
150 -1.454650 1.387370 -0.767450 -13.422400 -7.843560 -8.055400
151 0.871040 1.278490 1.581290 -8.698250 75.223240 -2.137950
152 -0.888580 -0.724220 -0.382470 -38.224980 16.830440 22.579960
153 0.155200 0.717110 0.742070 31.525010 5.867750 -16.396370
154 2.834630 1.122100 2.098750 -6.578420 -8.486920 7.607360
155 2.445230 -0.571360 -1.752140 62.479280 14.616450 41.710200
156 -3.092130 -1.136160 1.529900 -7.303450 57.569510 46.272210
157 -0.114720 -0.135150 -1.781780 19.642150 62.953290 -21.371450
158 -1.757950 1.027860 -2.436960 0.629290 76.227080 0.778850
159 2.847960 -0.125390 1.632170 -17.625550 8.554560 40.230790
160 -0.533390 1.066810 -2.653420 0.377570 35.777310 -27.475460
161 0.572880 0.551330 1.367770 28.187270 15.582580 -29.938030
162 2.695500 -0.069650 -2.547500 51.366560 33.609940 63.989240
163 0.409460 -0.513460 1.014070 5.903550 -5.923840 -15.462420
164 2.310500 -0.360690 0.133840 -16.206830 62.675930 25.224030
165 1.961530 -0.627400 0.319190 -29.658710 76.701000 51.427540
166 -2.742510 0.108390 2.724580 58.058510 27.033440 67.858400
167 1.962110 -0.404940 -1.032690 25.153080 66.327300 14.303700
168 -2.834040 -0.463000 -0.690280 17.658420 58.076900 67.615400
169 1.190780 -0.175850 -1.196280 41.627750 81.873140 8.211360
170 -0.797160 0.019810 -1.358440 -33.556370 36.070910 26.875380
171 -2.562080 1.112870 -2.476090 39.270450 53.490620 36.730320
172 2.035810 0.233570 1.834790 -18.080460 -19.995840 37.055730
173 2.782650 -0.908430 0.068140 -1.076330 62.005500 55.642510
174 2.539760 -0.941680 -0.003110 30.323640 71.368350 43.812290
175 -3.110370 0.531010 0.470710 -34.601280 43.073910 30.714560
176 0.972630 -0.135970 0.912670 -7.036140 26.723750 -16.130280
177 2.653580 0.013350 0.719480 -31.332600 19.949070 64.744910
178 -2.493240 -0.048170 -1.696100 30.497300 54.495220 61.304620
179 0.508300 1.003040 1.210910 4.346170 61.081110 -31.055020
180 -2.458080 -0.460640 -1.175660 21.406740 36.619740 72.151310
181 -0.286580 0.369190 0.999430 26.244840 12.592920 -34.622530
182 2.593500 -1.109330 2.882960 -18.278090 1.963160 73.435150
183 1.295470 0.077060 1.833630 8.894090 -5.912230 -19.672700
184 -3.037750 -0.394490 2.918860 29.456810 24.640070 84.107650
185 -0.995440 1.153020 1.710070 53.975610 19.420210 14.861800
186 -1.430640 0.288490 2.913800 58.136870 45.352200 42.846390
187 -0.764050 -1.033800 -0.749120 -20.502750 6.919160 54.653130
188 -2.627450 -0.990670 -1.888850 25.118470 2.917220 64.828580
189 -0.421590 0.822520 -1.289380 -32.813980 22.776370 -0.877270
190 2.321700 -0.639170 -1.241780 40.239230 41.127640 29.627700
191 0.985560 0.053860 3.018150 29.536990 -20.945840 -23.607620
192 -2.620740 -0.226260 1.715780 24.744130 -3.295360 47.699920
193 -0.538220 0.729660 1.089470 38.382600 -7.421350 2.359630
194 -1.994310 0.993980 2.932900 56.778510 22.608580 19.189740
195 -1.626080 1.310840 -2.590960 3.414880 85.921390 -8.250870
196 -0.032690 1.102730 2.763940 18.792450 61.078900 -9.872780
197 1.804880 0.227410 -3.086480 25.043680 -11.198230 -2.572860
198 -1.637140 -1.406590 1.184370 69.741870 14.311970 60.058560
199 0.164030 1.088010 2.758310 -6.410240 59.098080 -3.913050
200 0.147280 -0.106970 -1.930390 28.701190 72.411740 -24.358310
201 -0.563020 1.169800 0.349920 51.301140 -3.434060 -27.571390
202 -2.840320 0.915380 -1.364200 -12.938180 82.558790 28.972430
203 -0.400520 0.243780 -3.060180 39.999780 66.989070 8.567050
204 -1.843830 -0.658750 -0.669850 -30.388720 -1.711380 69.392360
205 -0.030310 0.055230 0.755530 19.532760 -12.800280 1.035000
206 -1.337410 -1.155420 -0.759560 -12.770440 -9.367220 30.992540
207 1.676250 -0.665210 1.179920 -30.254380 -7.378640 21.582500
208 -0.845320 -0.535320 -1.340670 -28.157180 41.045510 48.304890
209 -0.588850 -0.787800 -2.258590 32.882210 74.031420 30.039330
210 -1.796630 1.055250 1.606600 58.899750 5.366630 -1.599320
211 1.862780 0.121700 -1.164110 33.174320 82.422030 29.783430
212 0.635310 -1.275640 1.563120 -15.264350 -30.494740 35.916600
213 0.587960 0.255790 1.812270 34.009910 5.978170 -18.393300
214 1.133110 -0.199760 2.704860 24.028190 -27.924370 10.704700
215 2.854450 -0.426490 -2.945880 23.189550 20.069880 76.870090
216 1.196410 -0.631660 2.471290 40.507630 -4.155560 8.860490
217 2.009610 0.822460 1.960480 -19.650070 -27.349120 8.835810
218 -0.017260 -0.867910 -0.420800 -32.402180 11.421740 31.118140
219 2.869500 -0.204870 1.121260 -13.264900 -1.568140 44.798970
220 -1.283010 0.398720 -1.780160 -20.634340 49.324630 34.935040
221 0.674700 -1.014380 1.231090 7.740760 -29.959710 21.092410
222 3.121550 0.895550 -0.834490 16.580270 71.524920 25.404230
223 -1.544070 0.582980 1.732220 62.969140 15.221610 38.452240
224 2.849430 -1.064280 -0.819090 45.746920 23.257920 77.651200
225 1.887490 0.926830 1.177770 -19.036570 45.896050 -14.952280
226 -0.431790 0.986640 1.852170 27.245360 47.662060 -28.177000
227 0.184690 -0.026920 2.266370 55.864300 24.867600 -8.702890
228 -3.119530 0.625600 -0.382420 -42.908740 52.176410 34.848280
229 -3.073070 0.703780 2.913110 39.368940 -9.733070 41.033800
230 -2.613930 -0.415820 -0.053870 -3.499040 4.162180 79.485090
231 -0.603050 -1.088470 -2.714350 11.516960 53.502400 41.112920
232 0.933460 -0.000670 -1.694200 55.685740 62.381540 -11.638290
233 -0.251850 -0.692280 -0.029970 -47.847550 12.622260 14.080940
234 0.470070 0.994650 -0.505160 39.353900 37.313000 -34.165080
235 -2.953880 -0.792250 -0.329450 45.624030 38.624140 61.990810
236 -0.093540 -1.512020 -1.881560 19.251750 84.838280 54.785810
237 0.390810 0.564730 -1.204040 25.143920 42.092820 -36.026130
238 2.991210 -0.628660 1.895470 -6.016300 22.206840 43.871630
239 -0.185690 0.237590 1.437400 38.827460 6.205740 -39.273930
240 2.812770 -1.080320 2.006280 -29.519100 31.206010 44.306340
241 -1.604130 0.109750 -1.416790 -46.785860 60.543050 35.255170
242 -1.132430 -0.588900 1.578870 47.355710 10.002070 58.425080
243 2.568540 1.055120 0.732250 -33.976010 46.229200 26.607790
244 -3.045300 0.152140 -3.094730 24.301120 13.312640 58.539960
245 1.803820 -0.200040 3.020510 26.733350 -12.006580 5.238200
246 0.950810 -0.687510 2.991210 45.224080 1.481300 -6.209370
247 3.088380 0.597710 1.137960 -15.703140 8.001690 56.077130
248 -1.090560 -1.024280 0.473570 34.615710 -4.558970 50.017850
249 0.787810 -0.496570 0.042710 -39.512490 15.870120 -2.160640
250 -0.174200 -0.685510 -0.851320 -18.627500 28.767530 0.367630
251 -2.782700 -1.161550 0.239770 45.897120 20.271240 75.697850
252 1.892770 0.567770 -2.613630 39.583970 -2.715120 -14.078040
253 -2.741830 -0.688210 -1.132730 -5.561690 9.018370 65.776100
254 -1.138970 1.327900 -1.038290 -32.432540 18.389340 15.697190
255 2.476010 0.624790 1.975600 2.663780 -31.266510 34.963970
256 -1.809640 -0.205740 1.484480 26.921760 0.671200 71.097260
257 1.872960 -0.825380 -0.105340 -11.869560 95.008630 49.894740
258 -0.315790 0.206980 0.067290 -9.227990 -9.863430 7.844810
259 -2.462840 0.544160 -2.417620 65.988600 68.685620 37.606010
260 3.077840 -0.422350 -0.295330 5.469830 71.281640 59.194800
261 0.779440 -0.812310 1.186630 -5.652060 -14.960240 -3.417620
262 2.251030 0.736000 2.781290 17.991420 -10.609260 -5.717040
263 -2.137170 -0.441710 -2.385260 24.262250 38.560860 72.421200
264 3.046700 -0.631530 -0.164720 32.180610 63.317410 59.968480
265 -2.225700 -1.201670 -2.770120 -24.888590 42.011280 85.774700
266 -1.672530 -0.627400 -1.559650 -5.841400 32.164420 71.183150
267 0.347160 -1.038850 -1.894960 46.904170 79.711060 25.791620
268 2.751840 1.264890 -0.280520 8.091000 70.058440 1.427600
269 1.543980 -0.137530 -0.190590 -10.422490 75.852940 30.978940
270 -2.341770 -0.910720 1.021890 48.252020 13.645910 66.449290
271 2.863590 0.127090 -1.929550 44.363640 58.977590 67.469530
272 -2.034620 -0.047500 1.414150 15.534830 0.097200 68.075070
273 -0.761430 -0.319280 1.796500 67.483860 -16.014220 11.353350
274 0.524100 -0.982290 -2.480080 44.303470 59.383630 6.184380
275 -1.258350 0.328820 2.957200 44.223190 34.840420 6.927620
276 -0.114930 -0.297610 2.513560 63.478070 31.398010 18.018950
277 3.055760 -0.494240 2.997450 31.369170 -8.610390 54.407100
278 1.549160 -0.097410 -2.884510 63.876770 -6.316750 26.762640
279 2.467550 -0.962030 -1.564060 52.406760 21.511050 77.324370
280 3.136120 0.982010 2.748730 69.377450 1.984630 20.319870
281 -1.406540 1.229620 1.269860 25.291940 8.960290 -8.749260
282 0.419160 1.073860 -0.105890 37.189740 45.349120 -31.691430
283 -2.510660 0.263600 1.987790 57.475860 -2.232800 47.166280
284 2.645770 -0.134550 -1.456150 53.811870 72.633850 66.020070
285 2.415910 0.010900 2.589320 5.589640 -14.719920 23.764740
286 -2.604680 -0.442640 -0.140690 22.698330 25.416270 53.359200
287 2.509450 0.579610 1.837110 5.897850 -25.225080 36.151080
288 -2.192040 -0.109700 -3.090400 15.040310 38.336540 59.440570
289 1.355000 -0.839190 -2.691440 77.334080 2.443460 38.645840
290 -0.790510 0.534400 1.630880 60.062240 29.906000 9.154680
291 2.872170 -0.348270 0.427060 -7.357200 32.367740 79.306860
292 0.800600 -0.250150 2.454660 40.204040 -29.204010 -14.029850
293 -0.193070 0.291810 -0.788400 -2.642640 4.442470 -12.569550
294 0.070520 0.384600 0.002270 1.561170 -4.435010 -11.937950
295 -1.992090 -0.049560 2.642580 60.425950 54.317090 41.234290
296 0.259710 0.166850 0.372900 -16.924620 13.291450 -38.605650
297 -1.291090 0.243190 -1.796190 -21.512940 73.476430 2.241180
298 2.612990 -1.199810 -1.217810 50.509490 52.913290 56.366420
299 0.260890 0.096330 0.743220 -15.081870 26.868210 -17.515960
300 2.302210 -1.254130 -0.215030 3.768010 70.254330 54.537850
301 0.437610 -0.060040 -0.987910 -2.767380 69.967980 2.336850
302 -1.019240 0.538220 -2.407680 2.880560 71.729740 -17.106420
303 -2.198510 0.483900 2.377770 46.413130 -2.694930 54.892430
304 -1.376320 0.076610 -1.738770 -1.735630 68.499220 14.510180
305 -2.293660 -0.250820 0.860600 20.306600 -15.860250 75.797350
306 -2.019430 0.132650 1.264750 25.807790 -37.176770 53.123410
307 -1.109780 -0.702050 0.933030 38.970060 2.479450 50.956800
308 1.035240 -0.192300 3.094840 51.991790 -15.787120 3.627590
309 -0.024880 0.232610 0.327410 18.503630 -0.406580 -40.279940
310 1.897940 -0.974060 0.810130 -34.729070 50.774700 62.392780
311 -1.541230 0.334530 0.432250 11.806120 -31.155960 11.070340
312 -2.305180 0.573760 1.717060 18.180970 -31.155330 34.855660
313 -0.018660 0.263100 2.536940 50.587090 43.926470 -5.274980
314 0.709320 0.910880 -0.796450 39.487300 47.319730 -26.960770
315 1.805030 0.226470 2.591790 23.156640 -25.693130 30.784100
316 -1.884390 0.138510 -0.467470 -19.616000 29.290150 57.990940
317 2.772260 0.818060 -2.588830 80.545500 35.158490 30.189260
318 1.245140 -0.153690 2.766180 14.746690 -3.700440 -8.130150
319 2.222120 -1.037060 0.349640 -26.466830 49.461190 42.624550
320 -1.342750 0.472850 0.975520 25.805310 0.744670 30.669140
321 -1.701280 0.434040 0.627600 16.230920 -5.441800 44.248530
322 -1.746820 1.158830 1.779610 42.798290 -16.902070 12.218480
323 -2.602230 -0.016180 2.677250 55.380920 35.729710 63.535120
324 -1.429040 -0.515920 2.046550 41.253230 34.526520 62.148880
325 0.839950 -0.294440 -2.006810 25.387030 65.247600 -3.192270
326 1.173170 1.521720 -1.584170 57.176980 10.828330 -13.059940
327 -0.155890 0.317760 0.902440 2.848580 0.012270 -29.144610
328 2.023560 -0.133530 -0.580240 3.662270 94.165510 40.340160
329 -2.207440 -0.395130 -0.509700 -23.607250 2.340240 75.404390
330 0.618500 0.329970 0.627280 -13.108190 33.717060 -40.571690
331 1.908960 -0.919490 -1.977180 50.792500 14.840330 59.911140
332 0.084460 -1.322290 1.231040 23.881980 -4.892460 27.625490
333 2.189920 1.353500 0.609520 -10.740310 70.458570 -22.508550
334 -2.235510 -1.177030 -0.285110 39.803700 23.528300 63.455970
335 0.560190 0.888860 0.082090 23.363300 58.200530 -28.873780
336 -0.215730 1.224520 2.415510 16.948800 72.845410 -37.131180
337 -2.646680 -1.508930 -1.443950 -8.170820 -15.515670 47.516200
338 0.195210 0.756340 0.008290 6.685390 -4.951410 -37.610930
339 -0.990750 -0.178440 0.085600 -31.616950 -32.916320 32.199790
340 2.955310 -0.052930 2.080560 -5.173840 4.621270 45.689170
341 -0.015910 -0.209130 -2.555550 15.552940 69.733290 5.366020
342 -3.083270 -0.118500 -2.426690 43.026520 39.673590 86.078740
343 -1.721920 -0.787320 0.296110 33.731770 3.032760 40.973750
344 -1.642960 -0.187120 -2.650340 21.759500 56.845770 63.019280
345 1.902730 -1.110100 -2.152780 59.647900 40.116290 37.096600
346 -2.476280 0.064090 0.742650 -7.970440 -23.168230 46.737770
347 -1.893790 0.873190 0.400380 -7.344740 0.309930 34.118430
348 -1.646540 0.173840 2.808100 45.945790 39.031390 54.522050
349 1.144210 -1.096980 -2.355010 70.004770 22.294520 46.450530
350 -2.765410 -1.133700 -2.172630 -18.239130 12.783690 75.132020
351 -2.737410 -0.695280 0.676690 28.770350 24.352820 90.128570
352 0.244260 0.201520 -0.632080 -1.292290 47.546780 -39.372050
353 -2.920730 0.704370 -2.855430 87.042440 25.156020 24.707070
354 2.268490 -0.380730 2.461140 -12.091430 -20.033520 29.844170
355 -0.500070 0.294170 -0.683600 -43.344100 10.541520 -23.818340
356 0.992250 0.760580 -0.172760 18.292670 26.712120 -30.302700
357 -0.554560 1.021790 0.442430 32.012390 -15.196640 -33.622840
358 0.445560 -0.956620 -2.505840 35.265580 61.396710 16.877790
359 -1.731860 0.229960 2.764670 77.019580 59.237460 38.055040
360 -3.120230 0.733680 1.032490 -23.022030 -25.570240 35.944720
361 -3.099040 1.394400 -2.361380 62.490650 37.636490 21.577050
362 1.606070 -0.583070 -2.997080 45.853730 11.620910 43.802530
363 -1.990250 -0.572520 2.397580 56.911960 50.874820 63.287660
364 1.120370 1.075370 1.970490 -3.499540 49.672010 -22.436980
365 -1.780280 -0.025020 -2.980590 38.664940 83.200910 35.218400
366 3.067210 0.077380 -0.375530 -2.237570 74.248700 41.995020
367 1.878060 1.371390 3.116540 17.961910 -25.474890 -27.005360
368 2.529730 0.970790 -2.484420 75.213730 36.437590 13.953940
369 -2.365450 0.384810 -0.997310 -3.082630 65.956490 62.536210
370 -0.123710 0.824520 1.685060 14.358740 30.296760 -33.009800
371 2.670930 -1.424840 -1.521850 57.506160 -1.812750 75.283400
372 1.849840 -0.777160 -2.813910 55.254080 -15.906040 55.069000
373 -0.806750 -1.054310 -1.582790 -32.679380 32.832310 47.131060
374 -1.137500 -0.308160 -1.364890 -50.846180 48.962800 21.872270
375 2.979410 0.155090 0.974210 -9.869940 -5.376280 37.994020
376 0.977740 -0.978450 -0.570010 5.675160 81.052180 36.998420
377 2.343540 0.277650 -1.757330 58.639680 57.396530 49.791890
378 -0.484090 -0.201820 -0.592830 -33.788480 12.865870 25.035990
379 2.891050 -0.789570 2.392500 -3.504520 27.959950 78.278560
380 0.121540 0.769120 2.210470 10.865190 52.919410 -5.533140
381 0.096070 -1.004220 -2.172760 42.050520 89.529360 9.361650
382 3.037270 0.216470 0.688990 -26.741430 15.136740 73.975980
383 2.692180 -0.708950 0.263480 -9.763170 62.192480 45.224540
384 -0.673150 -0.911370 -1.995510 2.776750 91.382700 27.860720
385 -2.861700 0.161810 0.889600 -2.020780 -12.661390 66.376770
386 -0.251380 -0.972740 -2.274750 42.464420 78.892590 36.418280
387 -0.813690 -0.650440 -2.045210 2.686630 88.427500 15.942480
388 -1.822310 -0.428580 -2.469310 3.525310 85.476300 53.749170
389 -2.322020 0.820270 2.188000 33.279820 -11.373360 28.433420
390 -1.665370 -0.244950 2.339400 77.429500 30.982320 53.140210
391 -0.020320 -0.332310 -0.103830 -48.031330 16.116850 -9.988660
392 1.233830 -1.019880 -2.381860 58.335770 54.453990 25.232570
393 -0.529580 -0.567240 -2.730530 13.903410 58.237940 16.595320
394 -0.215430 0.029480 -0.339790 -18.357360 0.777890 6.966520
395 1.795410 -1.295720 -1.269040 34.909100 73.691790 44.150650
396 -0.688860 0.135600 0.877850 45.829210 -4.539710 6.438720
397 -0.268980 -1.282030 2.007850 41.266360 -19.334050 38.052220
398 2.417570 0.552440 2.463670 39.451670 -16.272910 22.651770
399 -2.895510 -0.147540 -1.557770 21.008110 29.311550 50.327330
400 2.065640 -0.756850 -0.888830 36.659470 75.646590 21.939550
401 1.508220 0.054270 3.120390 52.501930 -28.029380 4.447830
402 -2.315990 0.833070 0.439280 -22.469000 1.387250 47.860010
403 2.583450 1.126080 -2.949260 71.822290 2.767240 2.380810
404 1.783200 0.875880 0.415360 -30.292580 40.314080 -1.136750
405 1.792490 -0.837550 0.267040 -13.002010 66.332440 57.991020
406 2.485450 0.979910 0.982670 -29.260210 41.315650 0.667550
407 -2.829270 0.487920 -1.493100 13.405210 67.074460 19.613280
408 0.366150 0.328270 0.260200 18.010640 7.519740 -18.451260
409 2.660980 0.303020 1.157120 -26.717100 -6.828170 52.374020
410 -0.078790 0.068490 2.097420 51.086840 -3.158030 -29.285090
411 3.079230 -1.378320 0.292130 60.724980 52.927260 54.606160
412 -2.624650 -1.200150 0.229110 40.581330 8.673580 67.636440
413 -1.037470 -0.461760 2.421960 59.713540 20.735520 13.757030
414 -2.093110 -0.053130 3.039160 38.387270 25.786860 61.502980
415 -1.939250 -1.032190 1.080260 46.078670 24.238910 91.575970
416 -0.176490 1.351610 1.749910 45.266170 56.000780 -35.085020
417 2.971990 0.859120 1.032650 -37.241460 22.089140 13.990070
418 0.473040 -1.015730 1.698150 38.739220 -17.893030 31.644120
419 2.533070 0.215210 -2.115370 67.468730 30.510010 16.710820
420 3.015830 -0.403820 -0.047510 -4.301350 36.729130 82.997100
421 -0.502740 -0.726030 -3.140710 35.481110 62.946090 40.464810
422 1.700220 0.104880 2.548350 -10.667570 -30.436130 5.812400
423 -2.501980 0.915660 3.092260 66.573590 56.493260 20.407440
424 0.385320 -0.076220 2.284000 32.314620 -4.062770 9.069060
425 -2.438020 0.575770 -1.781340 33.152360 67.267560 34.300950
426 -2.588080 -1.066970 -1.195480 35.764880 13.830310 62.286290
427 -2.140580 0.888620 -2.032940 -5.040470 87.194150 20.180050
428 1.705720 -0.350810 -0.405820 3.618130 72.693790 -0.660350
429 0.464750 -1.104380 1.056510 -12.827030 6.199540 44.900050
430 -0.304500 -0.092420 0.404530 -10.521680 -0.647930 -22.300240
431 1.486050 0.295390 1.442660 -47.716490 0.150890 -12.564140
432 -1.697000 0.823590 -1.179240 -49.649600 62.243260 9.284480
433 2.159040 -0.474770 2.828660 8.519220 -5.348450 27.891130
434 -1.071240 -0.624500 -2.825210 43.316270 72.060990 22.477350
435 -1.127370 0.769140 3.061030 57.497540 72.135970 -13.322140
436 0.784970 0.242290 -0.050900 -22.511300 47.876390 -34.490650
437 1.956230 -0.280640 0.774670 -26.823460 12.742040 33.647560
438 1.447040 0.339730 -1.498860 61.848980 65.050700 -2.549850
439 -2.960580 -0.023540 -1.136050 21.334900 69.892910 46.986400
440 -0.552250 1.031010 1.942070 60.033990 40.936840 4.155300
441 2.636480 -0.316620 -0.710270 -2.493490 56.369580 56.548270
442 2.875340 -0.396000 -3.091700 8.530780 -10.092680 69.252650
443 -3.091850 0.563230 1.098450 -31.882720 -12.170850 64.716080
444 2.393530 -0.944170 -1.218680 50.662830 19.562690 40.711100
445 -1.616340 0.396110 -0.777920 -39.246100 48.347580 38.253630
446 -0.011130 -0.747360 1.796790 58.173150 -5.560620 26.740100
447 1.941770 -0.744540 2.689590 15.983190 -39.670390 54.313200
448 0.728420 -0.214350 -2.194710 64.416310 38.728350 -12.730870
449 -2.278400 -0.511690 -1.144150 0.524990 4.382390 64.934640
450 1.817520 -0.153870 2.602050 8.929390 -29.638040 40.591010
451 2.445890 -1.129630 1.605020 -37.287500 24.244560 37.283610
452 -2.741260 -0.717560 -2.076720 -4.551380 27.067640 87.930540
453 0.408200 -0.577760 -2.937530 81.669080 43.027010 12.037670
454 -2.315760 0.177270 -0.026140 -44.804150 4.377240 56.008770
455 -2.950450 0.207590 0.869700 -3.314080 -12.394750 56.773110
456 -0.411700 0.328810 1.009000 19.509940 -8.404720 -29.311660
457 2.443620 0.061480 1.700060 -25.715130 -17.584050 56.660350
458 -3.043780 -1.135170 -2.686160 -0.130180 -16.312480 54.007940
459 -0.854980 0.746160 2.214930 44.343440 56.549560 10.051610
460 0.766610 0.398120 -1.325580 20.182750 15.814840 -26.371060
461 -0.370680 0.518260 -2.672510 12.405950 32.750710 -24.778350
462 2.336910 -0.720420 2.807350 11.140640 -11.828430 29.816080
463 -1.676160 1.181390 -0.983100 -42.964650 45.663310 -14.121080
464 -0.901800 -0.904740 0.144200 -26.186170 -22.136580 48.968330
465 1.283220 -0.610600 -0.111590 -11.445260 76.239280 31.780790
466 0.808470 -0.109340 1.998710 34.225980 -3.785170 -1.454950
467 -0.464700 -0.855180 -2.364240 34.577840 89.297310 22.863140
468 1.529200 0.955880 -0.785900 42.885950 33.375790 -4.093630
469 0.813080 0.948560 2.631220 -1.270850 44.617760 -25.277770
470 2.017180 1.000570 2.080360 5.788720 4.846310 -10.061550
471 1.598330 -1.091240 2.916610 51.151330 -5.604990 37.362130
472 -1.160600 -0.372440 1.866190 62.354820 2.247510 13.380590
473 1.003650 0.838620 -1.837450 54.431490 17.550950 -6.878170
474 -2.447330 0.568780 -0.519670 -15.297890 53.562620 46.456690
475 -2.652900 1.266020 -2.398840 66.886280 50.187770 -3.991520
476 2.675530 -1.239030 1.682830 -6.316170 50.405270 71.948910
477 -2.643540 0.770960 -0.340820 -57.028410 40.808060 42.318240
478 0.731730 -0.474340 -3.088280 44.515120 23.862590 -13.764590
479 -1.544900 -0.820400 2.674600 44.492660 33.178790 53.418400
480 -1.095960 0.133330 -2.446530 -15.088260 73.616420 19.691380
481 -2.260700 1.313030 -2.221010 3.414810 75.331430 0.528840
482 3.034980 -0.791060 -0.642570 27.633650 31.369900 87.676450
483 -1.958590 1.126840 -0.367670 -17.918300 1.012360 -4.384910
484 -1.468480 0.745350 -2.851140 15.024250 57.471660 -5.793170
485 1.340360 0.305250 2.644740 18.563280 -32.886180 -21.316940
486 -1.362120 0.840970 -2.406150 -7.437330 78.277820 -6.809920
487 1.474520 0.277430 2.891880 31.910580 -26.891560 9.500640
488 -1.318310 1.057020 -0.513110 -26.185840 -9.243070 23.426820
489 3.035600 0.500620 -1.851540 26.621420 62.268500 23.573990
490 1.671750 -1.075560 0.303450 -10.497920 45.942330 20.968700
491 -1.094670 0.480600 -1.805950 -21.036540 53.274490 -12.580250
492 -1.384350 -0.922460 -1.078710 -47.062630 23.641910 54.532830
493 -1.639590 0.418460 -1.026190 -28.164420 33.704220 5.121750
494 -1.855730 -0.256450 3.077450 46.529660 76.149660 49.661390
495 0.344480 -0.302500 0.775600 3.141390 10.179300 -22.097750
496 2.868850 0.039370 0.193240 -2.244490 59.362160 62.806680
497 -1.900400 -0.754040 2.111880 22.636770 50.719440 51.986650
498 -0.123190 -0.025850 -1.027300 -15.043360 17.715440 -19.844930
499 -0.554580 -0.838780 -0.739930 -25.797860 7.527650 32.217440
500 2.015540 -0.147830 0.550320 -58.158130 44.903020 22.599880
501 -0.741970 -0.173210 0.857690 32.863360 -0.865620 21.347840
502 -0.344880 0.652050 2.476450 39.566230 46.022580 -40.778070
503 -0.686670 -0.819340 -0.593740 -30.608820 -4.442190 14.944010
504 0.522490 -0.012100 -2.673330 61.748480 45.702800 -29.837180
505 0.043050 -0.209130 -0.600660 -21.786640 47.194680 13.436330
506 0.717990 0.336880 -1.716400 49.840870 37.919140 -21.347920
507 1.960420 -1.025640 1.333460 -28.182290 44.428180 56.078530
508 -1.035600 0.175100 1.397970 64.334330 -23.354520 4.191540
509 2.710900 -0.705790 0.288090 -13.253260 54.007720 47.369430
510 2.794890 -0.236100 -3.103910 37.376350 21.365450 68.851670
511 2.754050 -0.138770 -1.053480 22.470550 79.967040 71.398010
512 -2.762390 1.255600 -2.705770 49.606030 21.798430 -1.429740
513 3.091060 0.263570 0.135480 -26.611000 58.970400 34.662730
514 2.212590 0.072360 0.497530 -9.239400 53.501430 21.077840
515 0.443800 0.317770 -1.552810 33.118540 44.986330 -31.738670
516 -0.488580 1.336370 -0.298310 -1.630880 -11.553580 -16.011820
517 1.315040 -1.122610 -2.029030 41.542950 43.879860 21.891030
518 1.925950 -0.087450 2.584290 -3.852760 -7.685490 21.909180
519 1.309920 -0.127250 -0.837860 24.560570 53.997990 -8.753450
520 0.347610 -0.001150 -0.716580 -2.764060 66.013020 -21.479540
521 0.278080 -0.327660 0.537090 -31.509440 16.388580 -13.851140
522 -0.611380 0.491520 1.380470 36.558850 8.196350 -26.722580
523 -2.270850 0.920930 1.029070 -7.375080 -18.814450 43.964450
524 2.094730 0.280530 -2.820610 54.146650 3.972110 -2.445460
525 0.238630 0.945770 2.959650 -0.475460 44.917220 -1.133290
526 3.084260 -0.757710 -1.993810 43.588690 -6.493550 61.595600
527 3.115270 -0.461590 0.395530 -12.980970 58.817690 59.606110
528 0.474450 0.332920 0.249410 18.559000 32.135170 -44.722940
529 1.014340 -0.172820 1.026840 -42.265550 -4.907360 -2.129100
530 -0.920390 0.702440 -2.485780 -20.230840 53.383630 -0.886000
531 -1.839430 0.863110 1.386610 21.954470 -2.542720 33.192510
532 -0.350680 0.134760 -2.536130 24.243190 81.863250 -26.566090
533 0.830930 0.833460 -1.870160 5.729260 11.883240 -16.272990
534 -2.776520 -0.080020 -0.876560 -17.146960 26.713010 62.457000
535 1.497620 0.042220 1.581190 -36.103580 -19.834210 4.187470
536 -2.576190 -0.106750 -0.049280 14.437960 21.055330 63.882660
537 2.652710 -0.231680 2.106900 1.132080 -20.933730 73.365520
538 -3.102200 -0.568110 -0.061820 14.631860 35.833670 90.705960
539 0.979370 -0.210290 2.184110 0.226930 -27.114530 6.913750
540 0.837030 -0.022310 -0.946140 -11.920140 53.749700 -26.789760
541 -1.402490 -0.199080 -1.735840 1.844680 68.832370 44.326340
542 2.117990 0.502450 -3.033210 22.649070 -13.668850 21.540930
543 -0.098430 0.013940 -0.291160 -3.771100 7.517220 4.434270
544 2.094080 -0.969510 1.416890 -31.812650 35.778380 62.904320
545 0.019250 0.301330 -2.081450 -6.802700 55.576030 -3.306130
546 2.664650 0.219890 1.631120 -25.173680 -8.050360 24.279940
547 0.493310 0.596440 0.988090 -4.754870 44.969710 -28.902290
548 1.666170 -0.402120 -0.563300 13.352750 94.430610 33.487520
549 1.064370 -0.911080 -0.780210 12.795350 55.240120 11.781000
550 -1.189380 -0.225510 -2.423920 -0.892420 67.765960 50.881780
551 1.807310 -0.580340 -0.772620 31.084590 50.068240 24.409490
552 -2.248330 0.374140 -1.787860 18.175080 61.207240 64.271180
553 -0.151910 0.175480 2.018300 64.683310 5.648710 -31.523900
554 2.167720 -1.080200 -2.682570 36.634840 -14.579050 30.054890
555 -2.109230 -0.386890 2.814860 50.049090 51.501780 49.224340
556 -0.974770 -0.452610 1.556120 53.029340 -25.677000 21.258410
557 -1.986820 -1.040390 2.826410 24.790730 74.103390 61.451700
558 -1.830720 0.732230 0.777410 3.896870 -11.567510 42.577400
559 0.849390 1.212990 -0.519820 39.136800 25.148020 9.302020
560 -0.785360 -0.293910 -1.922710 15.084710 61.577960 14.561400
561 -2.480610 0.167570 1.558400 41.849700 -20.834900 54.256680
562 1.071760 0.064600 -2.194710 41.614300 49.962140 8.167670
563 2.902880 -1.121320 2.266350 -33.047000 32.243510 79.971650
564 0.205750 0.464120 0.567120 9.076080 18.081380 -47.584990
565 1.135250 0.553170 -1.823510 61.640850 33.138360 -11.399770
566 2.433580 0.524600 2.211260 5.646670 -45.067130 25.941910
567 -0.061500 0.963620 1.497400 13.780090 41.417640 -29.214460
568 -2.851720 0.232810 2.422980 55.332620 -17.598440 64.578700
569 1.575460 0.105030 0.355610 -37.038710 54.341910 23.185160
570 1.438540 -0.947970 -3.055260 60.256330 16.170030 25.426610
571 1.289670 0.240360 -1.531190 60.569790 58.261470 2.765400
572 1.666300 -0.631050 -2.656350 48.170910 -0.873890 49.869760
573 -1.235730 1.073500 2.143230 57.571220 53.343360 -15.631190
574 0.469710 0.303530 0.372110 -10.764210 44.013980 -30.823760
575 -0.440020 -0.057540 2.916970 58.511140 28.875740 -10.466350
576 2.960540 -0.266210 -3.120340 38.457050 11.842560 82.029800
577 0.762350 0.996060 1.541770 -20.284850 35.423260 -8.728950
578 -0.317500 -0.583320 0.202980 -35.629610 11.837550 14.961610
579 1.387670 0.675270 -2.559610 22.738500 19.138740 -15.453680
580 2.202570 -1.066410 -0.890990 15.474990 44.891530 49.703430
581 2.999200 0.124720 1.452040 -0.403720 -10.820370 70.833050
582 1.548350 0.289430 1.193630 -14.406590 1.461020 7.485310
583 -2.626360 -0.694530 2.271760 -3.226880 46.397960 67.708440
584 -0.217640 0.598600 -2.904840 21.750200 42.723500 -39.899300
585 0.615830 -1.278600 -0.161880 -36.022850 17.851680 38.808160
586 -0.675940 0.802500 -1.963560 -17.684640 71.024900 -2.284580
587 -0.365160 1.070050 2.364360 17.276980 66.736410 -30.813820
588 -1.615790 -0.028090 0.337230 -16.457820 -5.179460 27.333200
589 1.302650 0.677620 2.399860 -14.268600 -23.115460 -21.589410
590 0.989580 0.004360 2.537870 41.502980 -23.250420 -22.303710
591 -3.079410 -0.303590 0.983960 9.154870 12.887600 80.116810
592 -1.836560 -0.104610 -1.974620 -15.362320 81.718740 42.862920
593 0.321540 -1.061840 1.832210 45.819300 -3.412850 26.880650
594 -2.229450 0.052580 -0.198720 -19.518550 18.632020 31.649660
595 -1.111730 0.132710 -0.648760 -59.335350 15.157230 20.809620
596 2.118020 -1.221010 2.033380 -21.536850 13.601780 27.980690
597 1.372890 -0.989560 0.540690 -34.212470 31.463990 11.208990
598 -2.586600 1.026480 -2.969780 54.561930 44.028670 -2.525430
599 -1.855910 0.348390 -1.854800 -24.231290 73.666880 29.316870
600 0.533570 0.783940 0.801330 34.828350 24.592250 -22.790830
601 -2.804700 0.792270 3.081530 85.882610 22.138570 27.857850
602 0.021780 -0.190790 -1.237890 -3.717960 73.505330 -18.464980
603 0.435530 0.937930 1.235410 24.670480 49.112500 -51.657570
604 -2.875280 0.952820 -0.788980 3.690680 72.111590 28.255460
605 1.163260 1.142810 -1.816590 18.564230 -16.168290 -23.075450
606 -0.537300 0.577390 -0.847890 -22.556680 -1.372260 -33.765390
607 0.071500 0.356720 -1.120410 -3.689100 12.181310 -41.987660
608 2.782580 -0.780140 2.095730 -28.329730 21.584980 52.038280
609 2.321610 -0.690580 -1.799880 43.627920 23.147280 29.840360
610 3.117020 -0.101840 2.129460 0.391900 10.538190 81.543120
611 -2.381150 0.832050 2.477970 73.857040 23.007080 24.578480
612 2.822500 -1.316490 -1.773160 43.338850 -17.200360 42.333700
613 -3.091130 -0.708200 -0.665770 30.640390 56.275040 57.985680
614 1.533380 0.753150 2.626120 9.325470 -27.228120 -2.878370
615 -1.551390 -0.283310 -1.505430 -39.671970 66.647380 45.897050
616 0.213430 -0.684610 -0.680110 -28.469270 74.738270 7.686670
617 -0.050290 1.118620 -2.278790 -18.505570 21.744630 -43.015440
618 -0.882300 -0.277050 -0.906780 -56.198250 40.155970 19.055080
619 2.718650 0.409180 2.234050 -3.032990 -2.227420 35.156700
620 -2.258350 -0.001650 -1.523910 -20.361190 66.580670 49.279300
621 0.612710 0.098240 2.641280 40.031090 30.409770 -21.926340
622 -2.888890 -1.158670 -2.345180 5.692820 0.193640 91.121750
623 -2.811960 0.679790 -2.337230 40.469650 49.845340 12.366280
624 1.579120 -1.230140 -2.282570 55.266180 3.080130 54.849740
625 0.970400 0.980000 -2.983910 28.382960 8.758600 -14.308930
626 -3.100070 -0.087080 -2.346500 32.720950 37.611810 85.275280
627 -2.852020 0.269570 0.613130 -26.978630 -9.024330 64.549450
628 -3.132590 0.262790 -1.931340 44.539620 48.877150 77.413800
629 1.618250 -0.620370 -1.346190 28.498280 71.667400 14.481930
630 2.549950 -1.037470 2.928710 -11.424920 7.625960 70.805040
631 -0.075180 0.251200 3.032910 55.690790 45.998690 -32.841110
632 -0.318420 0.630080 -2.346620 -28.422380 46.337170 -18.532100
633 -0.995150 0.712800 2.156360 57.567220 50.558230 16.512570
634 0.477110 -0.247600 0.776980 -35.401420 9.643910 -6.810260
635 2.414630 0.172600 -0.679980 -5.042690 53.979900 39.227030
636 -2.195160 -0.902320 -3.085180 5.466270 61.794400 84.761270
637 -2.137440 -0.210820 -1.887120 20.613710 53.429790 75.170610
638 2.810760 -0.666270 1.950700 -12.103010 10.234960 40.601040
639 0.131660 -1.101290 0.650340 -37.810240 -5.908190 36.429730
640 1.798590 -0.821980 -0.075010 -10.445160 56.520240 60.460120
641 1.371490 -0.895600 -2.682530 74.831220 -3.617410 12.646640
642 -0.684030 -0.424610 -1.421400 -24.234220 70.463360 0.138070
643 -0.667190 0.383690 0.561910 33.526080 -2.228730 -21.629720
644 1.913120 0.185650 -0.866680 28.826360 79.505620 37.053960
645 1.610020 -0.361050 -1.130340 40.671650 64.381540 -2.352820
646 -0.363900 -0.106460 0.169730 -4.503020 -14.841300 16.498960
647 -1.718100 -0.659980 -0.593510 -28.572850 -16.322480 69.523140
648 1.006210 -0.937630 -3.054360 68.755870 -11.759140 27.033350
649 -1.035960 0.164390 -1.718180 -34.895190 64.992430 -1.930570
650 -1.611830 0.637070 1.076550 14.775340 -17.558890 1.624340
651 -0.784190 0.263210 1.671590 38.845850 20.972120 18.890830
652 -0.393550 0.216400 2.294410 56.325030 17.067570 10.245770
653 -2.560210 -0.044250 -0.276200 -2.818300 48.989180 61.623620
654 1.160770 0.327160 -2.601810 23.422890 22.799990 -14.226030
655 -0.897020 0.419540 -3.015790 52.833790 85.084690 7.290520
656 2.818590 -0.076920 -1.379450 13.466610 68.893330 48.961580
657 1.987310 -0.033340 2.126900 19.179390 -22.450680 23.075340
658 -1.400940 0.256280 1.548230 31.542990 -18.628440 28.307300
659 -2.422510 -0.799530 0.698740 36.758310 46.044940 62.537770
660 -1.863450 0.550790 1.121180 23.156500 -15.225460 5.556110
661 -1.078850 0.309700 -1.965780 -20.757060 54.717990 -9.222610
662 -2.578860 -0.117620 2.285520 53.195800 22.148600 70.394310
663 1.896140 -0.029710 -2.023950 84.016660 47.180050 22.832730
664 -3.112400 0.944900 -2.055720 37.611020 67.976130 2.682180
665 -2.381800 -0.826810 -0.932810 -14.601670 11.194240 70.359490
666 0.380690 0.801250 -0.482020 37.865230 8.987550 -13.071300
667 3.112160 1.169620 0.876420 -19.911400 -10.751040 -7.179070
668 -0.478400 -1.185970 -1.140300 -42.882020 21.513100 31.095390
669 -2.321880 -1.455650 2.082640 -2.472320 79.531360 41.453660
670 -0.555440 0.553170 0.713650 19.305880 -19.770130 -31.986820
671 -0.263420 1.274460 0.261590 43.009100 -5.594070 4.894910
672 -2.371400 0.623710 -2.668520 52.091000 38.654290 35.535960
673 -0.655380 0.152440 -1.585520 -2.780200 69.344060 8.547280
674 0.516760 -0.195650 2.871060 32.700410 -10.682360 -15.686970
675 2.230160 1.342240 -0.201620 11.893960 46.977620 -13.211110
676 -2.639240 -1.406340 0.307150 62.754760 32.783180 37.422400
677 -2.124600 -0.122060 -0.140580 -22.402320 16.996260 40.385710
678 2.145230 0.041980 -0.094950 -11.154320 94.310110 38.668910
679 -1.762130 -0.129090 -0.392620 -46.197520 3.237630 53.571460
680 0.778230 -0.821670 1.001800 -45.693680 -23.058580 11.805740
681 0.116610 0.039800 0.586910 20.712850 -7.625980 -25.326380
682 -0.101890 -0.510050 0.124660 -1.189570 -1.434200 2.540300
683 -1.856770 -0.348550 0.901600 51.890670 -3.084940 64.556000
684 -2.721220 0.990990 2.722510 68.960270 28.201840 20.804350
685 -2.458700 0.771990 -1.865140 12.076920 62.050320 50.744360
686 -0.105490 -1.005180 -2.267660 41.503860 78.874250 7.093250
687 1.430400 -0.290950 3.005450 47.657880 5.616410 -5.165460
688 -0.893110 -0.863560 2.838640 32.553600 66.277160 49.749490
689 -1.790080 -0.018900 -2.591660 16.563090 90.558170 37.052340
690 -1.747230 -0.319030 0.127940 -21.857720 3.369660 45.988870
691 2.456770 1.115650 1.248720 -30.069400 19.655310 28.921980
692 -2.308420 0.317520 -1.378380 -16.945500 68.717300 28.545130
693 -1.032800 0.143620 -3.041060 51.749180 92.119730 7.710290
694 -1.801050 -0.102650 -1.802080 7.988660 70.032230 39.455840
695 -0.802630 0.798240 -1.441690 -42.456410 27.260200 -25.441240
696 -1.280090 -0.296380 -1.501720 -13.950810 30.284730 37.418440
697 -1.451150 1.450370 -2.573600 0.615780 90.059050 -17.699110
698 -0.057490 -1.205750 0.952890 25.562080 -17.108550 35.371670
699 -1.780350 -0.520610 1.436310 54.465970 -5.036020 76.605650
700 2.697120 0.851240 -1.531120 58.284980 51.826740 25.919280
701 0.578410 0.959350 -1.356750 43.636810 20.415990 -24.062940
702 -1.166370 0.426300 0.609010 -5.336820 -5.471050 8.486110
703 0.793060 -0.045740 -1.107420 26.018620 79.378400 -14.591730
704 1.384150 0.540720 -1.342060 68.836430 45.981830 -20.300490
705 2.612350 0.219740 2.615790 42.972480 -2.334780 29.305030
706 -2.635850 0.613910 2.865930 77.598720 19.060370 21.189040
707 1.336900 0.297220 -2.740100 38.800140 23.298500 -23.298330
708 2.221980 -0.344520 0.942440 -49.275860 43.377640 57.423030
709 -2.079430 -0.235130 2.034420 49.446460 -2.667000 49.906290
710 1.693890 0.514540 0.589150 -46.381730 55.634690 -5.978730
711 2.464260 -0.266510 0.724380 -29.269960 12.485670 38.691020
712 1.569110 -0.710720 3.046510 29.414430 -24.812900 44.691560
713 -2.631840 0.967560 0.583830 -33.384690 -26.030370 7.416430
714 2.468440 -0.719970 -0.678050 27.812960 42.738150 71.577120
715 -1.696060 -0.324600 -1.109460 -39.404940 33.228500 35.406260
716 1.677850 0.162190 -0.186730 -13.129020 73.203060 28.858500
717 2.059810 0.013650 2.234330 -10.806730 -33.960610 41.203910
718 0.534850 0.448970 -2.490230 29.567920 39.325910 -50.217860
719 3.047570 -0.480770 -0.294280 3.224780 44.410920 89.173310
720 1.216540 0.948730 -1.324370 54.087800 41.049420 -35.379740
721 0.515750 -0.387810 -1.388450 30.195570 74.103450 9.551170
722 -2.338330 0.390610 2.171220 47.662590 14.982350 69.543230
723 0.985200 -1.187860 -1.751800 37.295620 53.714660 58.647220
724 1.699130 0.626610 -1.804040 65.036460 51.142180 6.768870
725 -1.625480 -0.907140 2.802820 9.491700 78.118490 55.764510
726 1.025320 0.494640 -2.511830 52.742260 0.726990 -22.888300
727 -0.744890 1.031900 -1.250220 -34.104110 27.154060 5.733770
728 -1.862870 0.632980 1.743570 52.953490 16.135550 41.307730
729 -0.514400 -0.590330 -1.674920 -12.909360 88.409460 7.678500
730 -2.290290 -1.340080 2.145120 1.658270 64.990590 85.136090
731 2.226730 0.149560 -1.698540 44.953130 60.712760 47.082500
732 -0.816770 1.083800 1.923410 57.881700 23.162490 3.592440
733 0.834710 -1.306240 2.783310 55.746410 20.230010 42.010670
734 1.588550 -0.357310 2.917120 25.345830 -17.967490 41.352250
735 2.632610 0.273570 1.739950 6.282630 -12.669970 56.815440
736 0.219160 0.277330 -0.515000 -19.542740 12.265460 -13.107310
737 -0.682310 0.161630 3.114830 55.534330 78.728390 -12.371770
738 -2.691610 -0.110880 -0.863860 -16.036870 43.256320 44.920440
739 0.989460 0.407340 2.919820 20.876900 28.117170 -24.584740
740 2.424480 -0.042260 0.060330 -23.814360 49.599430 21.066930
741 0.867480 0.442150 -2.327590 17.072760 5.058780 -10.971760
742 -3.121090 -1.086130 0.629760 40.372730 44.471480 76.513810
743 0.897860 -0.956580 1.034700 -43.525700 7.582610 34.485300
744 -2.554190 -1.013470 -3.114160 18.983580 36.322260 67.729560
745 0.003100 0.495870 0.924970 -1.677100 1.512580 -21.803010
746 -1.199160 -0.297030 -1.789490 -21.554430 34.843880 18.505150
747 -0.604590 -0.865120 -2.452380 33.520510 62.149390 46.391640
748 -0.730670 0.483240 -2.122740 17.059590 59.420750 -4.335670
749 -0.045940 0.472380 -0.799870 -0.277930 12.942080 0.740460
750 -1.996700 -0.560510 1.826720 62.915400 20.577150 52.554420
751 -0.651630 -0.117090 -0.588670 -40.408620 -14.445950 -3.462100
752 -1.370840 0.311690 -0.121170 -33.287680 9.921050 35.306590
753 -3.039170 -0.219610 1.948250 -12.569060 -6.616570 58.363020
754 -2.513090 -0.531720 0.102590 6.856240 44.377880 74.871890
755 -1.865530 1.176910 -2.112280 29.365160 75.573410 -1.550700
756 -0.124720 -0.479430 0.386830 -26.586200 4.493980 25.608680
757 -2.103020 -0.615750 0.577740 12.303400 -18.492030 62.496040
758 2.550520 0.830880 -0.097270 -13.877180 50.860680 -3.440290
759 -1.666290 -0.047450 -2.602050 18.168940 86.975670 26.624700
760 2.430630 -0.034020 -2.252310 60.357020 27.033260 65.059270
761 3.125190 -0.255430 -1.706270 43.584340 51.439640 90.027780
762 -1.989990 0.404390 0.498890 -12.214060 -19.479650 15.923760
763 -1.926230 -1.041060 0.622960 28.981770 -14.292680 50.810270
764 -3.101050 -0.343120 1.806340 1.420720 -5.417330 87.408040
765 -2.246610 0.477260 1.737140 60.843570 -18.892600 45.926840
766 -0.480660 0.174370 -0.133880 -26.096570 -4.442610 15.286950
767 -0.242480 0.146810 -3.114800 36.709210 65.371460 4.683500
768 0.416470 0.642850 -2.545470 -9.731660 13.157580 -30.240340
769 -2.730110 -0.484820 0.633290 18.164250 4.986920 76.160960
770 2.755380 0.281170 2.193670 -4.489480 -26.631010 26.225320
771 -0.996560 0.731070 -1.858750 -2.607230 64.925680 -17.690570
772 2.511080 0.370610 2.418660 33.864020 -20.077200 12.697130
773 2.178160 0.350400 2.639380 33.617070 -43.655020 11.566790
774 1.071490 -0.752330 2.786130 70.755970 -7.635100 26.559680
775 0.812340 -0.763730 -0.245950 -21.470980 40.615990 36.759660
776 -0.913260 -1.487900 2.652610 32.504400 54.406520 31.375830
777 1.529690 0.084100 -0.650080 -6.217930 57.544250 8.622750
778 3.078590 0.781540 -1.402230 26.388770 50.009670 33.755970
779 -2.654660 1.271710 -0.964170 -35.484390 51.639270 0.643050
780 -1.153060 0.919160 1.162920 49.081880 -24.188960 -16.250770
781 -2.500300 -0.626090 0.977130 15.180310 10.932550 94.603590
782 2.703500 0.146210 -1.745900 52.228800 71.263790 58.700150
783 -1.849720 0.608590 1.204250 18.075600 -6.802390 8.819630
784 3.116710 -0.702390 1.275570 -22.130600 29.979140 57.231390
785 2.465040 -0.276560 -2.380000 38.292690 27.371150 64.295750
786 1.243440 0.974460 -0.380310 19.757470 27.954940 -20.152930
787 1.244360 1.035120 2.889610 -8.648830 -22.641940 -30.342880
788 -2.842740 -1.322280 0.894760 18.394600 41.452590 37.328060
789 0.985690 -1.284540 1.143130 -22.003070 11.675210 61.111980
790 2.148720 -0.866370 -2.977350 38.523150 7.706630 65.210490
791 -0.338320 -0.205290 3.115760 45.279410 60.129180 21.591590
792 0.335930 0.257410 -0.305660 -4.573420 50.571350 -33.455740
793 -0.034950 -1.353430 -2.416160 49.500050 64.187930 20.568020
794 2.008540 0.001800 1.495870 -38.015220 -1.856110 45.881870
795 -1.086300 0.189130 -1.023270 -30.139870 7.512980 21.060280
796 0.658280 -0.450890 2.003640 22.198210 -42.336500 -5.236780
797 0.752390 -0.498070 3.141380 56.402160 -8.200610 -12.098720
798 0.444160 1.022310 -1.178300 25.527280 -8.649210 -7.941460
799 0.990320 -1.204940 1.993370 26.631540 -19.765360 19.055850
800 1.453330 0.453980 -1.937920 32.213130 21.291020 -18.998700
801 2.475070 -1.023000 1.371680 -32.238170 50.776510 72.427060
802 0.334280 0.675680 2.288630 6.704370 39.229920 -1.819960
803 -1.846880 -0.297470 -2.647120 31.382070 45.882040 58.418380
804 -0.954360 -0.998660 -1.518490 -29.449660 28.222210 53.990800
805 -1.756150 -0.761440 -1.673320 -11.225060 18.942090 41.294910
806 -1.739630 -1.049940 1.860400 62.919160 50.337810 43.852540
807 -2.409620 -0.002420 -1.457900 7.822640 35.389280 72.041400
808 -1.444940 0.665880 -1.197180 -41.639560 31.680660 37.359910
809 -2.390320 0.011140 -1.618560 -6.251010 32.103060 65.249040
810 1.488670 0.291510 0.717910 -46.039440 45.438860 4.976090
811 -0.644670 0.018820 1.109690 55.198890 -12.452150 -14.104560
812 -1.887720 0.000480 -0.960560 -49.296840 42.522610 61.939690
813 0.774530 0.021640 0.785700 4.795000 27.695430 -7.144480
814 -1.538620 0.193030 1.426680 61.168000 -30.208800 34.726440
815 2.898950 -0.173390 -2.821330 45.836010 0.430640 41.228330
816 -0.347360 -0.746610 1.572720 39.033540 -38.593170 17.473370
817 -1.955640 0.019110 -1.157440 -36.456900 34.910760 30.428070
818 -1.392680 0.749410 2.139520 56.215710 37.765830 30.093990
819 2.122040 1.297890 -1.650490 55.377710 61.607850 -2.098390
820 -0.795230 0.441170 1.978100 62.164920 5.709860 -19.423230
821 1.266920 -0.867950 -2.771580 40.677870 18.806090 15.631780
822 0.709010 1.237870 2.776220 -7.305960 36.123560 4.410580
823 1.282550 1.006090 2.816750 21.924420 -8.263110 -14.487800
824 2.688980 -0.324750 0.809000 7.536580 36.043340 57.404240
825 2.917440 1.216610 -0.317250 -34.182720 47.404600 18.890000
826 2.044340 0.834430 1.608420 -38.604830 -16.725320 4.292730
827 0.586610 1.220270 0.577320 24.682930 68.491370 -25.636080
828 -2.797640 0.414010 -0.127950 -40.436320 19.766640 60.378270
829 -1.698750 0.013360 -1.095970 -29.899640 13.083010 48.428660
830 1.715200 0.767800 1.902450 -15.794740 19.275990 -21.159230
831 -1.464790 -0.027380 -0.012520 -6.272250 -5.236300 56.749850
832 0.465910 -0.385020 -1.178900 5.724740 53.019660 -24.101500
833 -2.061120 0.561710 0.532320 6.897220 -32.198620 28.562610
834 1.129400 0.281850 2.778380 21.532230 -23.217730 -3.237300
835 0.621010 0.616310 1.338220 -17.501840 28.710700 -14.087200
836 -0.110760 0.769630 -0.542360 25.896750 8.048830 -34.518920
837 1.999290 -0.359190 -1.829320 61.187790 57.404900 12.706200
838 3.141200 -0.332830 -1.845590 12.345410 39.991930 78.989430
839 -2.374410 0.923740 -2.667320 61.242180 84.011520 16.278710
840 -3.140080 0.163790 1.196580 -34.261780 2.769710 44.677310
841 0.899440 -0.001280 1.410140 -3.998730 26.754090 -19.676570
842 0.729050 -0.903070 -2.515660 51.554520 58.192020 3.902500
843 0.527140 0.156270 -2.166610 51.787960 33.411410 -16.534740
844 -1.286600 0.014040 1.798240 56.311180 5.782030 4.494470
845 -2.329350 0.667190 0.794090 -32.300640 -23.295490 30.561950
846 0.789890 0.685420 2.959330 10.365230 4.667500 -48.681600
847 -1.938080 1.210820 2.278410 43.307660 28.443390 -7.600590
848 0.099930 0.788050 -3.082100 -2.889580 66.258450 -19.832300
849 -1.600800 0.481760 1.850580 36.367470 15.405740 37.178840
850 2.218650 -0.400960 3.085310 28.091580 -6.876990 22.159060
851 0.874880 -0.312660 -1.295080 23.084390 62.342670 -29.088890
852 -0.464220 0.040730 -1.960970 12.502050 55.894450 -20.818180
853 -0.537380 0.490290 2.465110 45.333940 64.024400 1.561050
854 0.715480 -0.712560 -2.981020 37.022790 29.715160 10.605630
855 -2.036490 -1.165880 0.913810 67.450040 41.103900 57.377270
856 1.931310 -0.065290 -2.380210 35.884650 11.370220 32.394810
857 -0.829990 -0.483990 1.130230 12.008150 -21.197700 26.805240
858 -0.260850 0.701360 0.593270 34.681210 -3.393390 -44.571340
859 -1.579240 0.328640 -0.988790 -57.123800 22.797030 20.004310
860 -0.314120 0.254000 1.119360 29.788740 -8.510440 -35.545240
861 2.156550 1.382300 -2.800840 57.518250 3.320380 6.698640
862 0.461630 -0.779660 -3.058720 57.807060 19.806910 37.247540
863 -0.456790 0.088350 -2.216040 -24.184410 71.651580 -5.087980
864 2.196850 1.061610 -1.603440 31.786490 56.993770 -2.726760
865 -2.135150 -1.324630 1.881010 30.894110 54.412610 31.163070
866 0.809700 -0.869170 3.128550 59.926580 -9.633490 25.480440
867 2.352110 -1.340600 -2.658570 44.984340 -2.531340 65.344460
868 1.846170 -0.174320 2.583780 19.000460 -32.702280 40.865510
869 -1.264040 -0.232040 -0.167630 -1.589000 1.522830 11.370010
870 1.305760 -0.560590 2.923140 28.086570 -19.476570 -2.090410
871 -0.779570 0.061490 -0.842810 -60.078510 21.561530 0.747650
872 2.842370 -0.563670 0.333200 8.001310 34.837140 76.163990
873 3.039790 -0.871090 1.382630 -16.152780 30.932020 47.913980
874 0.803440 -0.181280 -2.880420 74.673490 19.273120 -24.146660
875 0.182900 0.111280 -0.246280 -32.511330 20.152530 -35.160060
876 -2.355960 0.230870 -3.042940 49.494980 69.775740 50.680620
877 -2.109770 0.598430 3.029950 29.659500 40.509780 30.513430
878 3.082400 -0.965090 1.981710 -3.163450 29.571810 41.226910
879 1.997340 -0.628220 -1.190590 48.342740 90.050640 47.148970
880 2.823640 0.192590 -1.001700 1.682550 73.380430 61.798640
881 -2.587620 -0.856630 1.385690 -2.720240 39.702080 84.533420
882 -2.427330 -1.192150 2.159350 28.598140 58.813360 39.989130
883 -2.762610 0.784540 -0.809870 -35.780370 87.273310 35.506190
884 3.056130 -1.088800 2.103310 -18.697790 43.533160 44.076840
885 -2.811850 -0.099570 0.353590 -14.325390 0.120840 68.144540
886 -0.173980 0.790340 -1.242060 -29.416740 21.172890 -11.525460
887 -2.657940 -0.765140 1.843660 -4.036650 14.605900 65.782240
888 -0.208960 1.282610 -0.617520 18.707180 -15.422830 -37.370490
889 2.727600 0.846770 -0.702430 -18.562570 76.195540 29.415670
890 -1.376230 1.210290 -1.250980 -7.531530 40.103390 -9.442220
891 0.192240 -1.187380 -2.216810 30.051540 80.998840 13.039080
892 1.248250 0.952910 -1.219360 50.991110 55.060920 -11.316070
893 -0.885260 0.569770 -1.949250 -10.096090 42.173070 17.395880
894 -2.605540 -1.033910 1.952590 -5.842400 32.132110 76.614120
895 -2.675340 -1.017570 3.108830 -12.264140 5.980410 63.387680
896 2.061310 0.711470 0.763130 -20.657740 62.703850 11.247200
897 1.561480 0.124930 -2.142550 58.286340 2.685730 -10.977690
898 0.581810 -1.464720 -2.346560 43.329990 43.236410 22.412560
899 -0.080930 0.542000 1.142460 18.532410 28.635090 -34.103630
900 1.504090 0.261010 1.414100 -9.690190 3.771510 -21.194820
901 -2.424750 0.170790 -1.994480 9.462210 36.982070 43.192210
902 1.190480 0.283690 2.242120 -8.007650 -24.957580 -5.254220
903 1.135770 0.951980 0.708540 -4.133780 67.989360 -38.563210
904 2.892790 -0.247460 2.742720 11.789570 14.727650 43.868100
905 -0.349410 -0.516890 0.684800 -18.060090 -25.065580 0.681710
906 -2.690740 -1.086640 -0.283200 30.960880 16.221060 92.421830
907 -2.669970 -0.589690 -0.519470 -5.990950 34.816940 59.189530
908 -2.831610 -0.523520 0.588140 10.938190 5.178880 70.940230
909 2.752970 0.781800 -3.097290 79.120000 -10.944570 15.876020
910 0.270240 0.305850 -0.705270 7.777100 10.894220 -26.027550
911 2.731900 -0.872730 2.286630 -20.386370 28.640980 73.300980
912 0.904430 1.151870 -0.301100 69.841250 33.137590 -26.000420
913 0.233780 -0.095650 -1.458000 18.094870 72.856730 -19.992210
914 0.364750 0.525550 2.302780 32.267530 10.851570 -9.455260
915 -3.006490 0.101410 -0.609070 15.704800 41.146610 55.786430
916 -1.323530 -0.752060 -0.254320 -7.476640 -26.397300 32.407010
917 1.008640 1.222310 -2.893150 -12.274820 -15.674830 -38.188870
918 -1.266210 -0.539550 -1.382090 -37.525940 60.054960 29.472680
919 -2.583360 -0.868560 -0.093230 0.134390 20.380260 78.817900
920 0.696990 0.034740 1.548590 -20.221500 -4.487420 -10.413210
921 2.848430 -0.436670 3.116640 13.960690 23.441560 73.126220
922 1.418480 -0.151470 -0.528250 12.908540 76.065460 30.393860
923 -1.071090 0.225970 0.759950 10.497100 -47.330900 8.599530
924 1.782400 -0.463510 -2.848010 54.121870 -8.076160 50.617620
925 -0.273900 -1.278060 -2.189930 10.390350 70.175900 18.192370
926 -1.040970 0.388640 1.356120 21.388440 -6.748000 14.373260
927 1.355010 0.426860 2.827400 34.269300 -21.321010 -0.242920
928 1.166200 -0.462550 0.165040 -35.257130 36.317240 31.857640
929 1.719950 0.122850 -2.905580 66.491500 -11.550150 21.415200
930 0.577500 -0.573740 1.766790 18.237300 10.684460 4.172200
931 1.990300 -0.445420 1.130170 -8.350330 27.722570 25.307260
932 2.958380 -0.268580 -3.111070 17.425170 -18.313830 72.762210
933 -2.304350 -0.190120 2.335270 51.462180 38.400330 43.779750
934 2.157600 0.413620 -0.788760 42.927220 63.160030 20.620260
935 1.563790 -0.508450 3.058980 61.359630 -27.867460 29.661380
936 -1.302120 1.384430 -0.745050 -14.172310 20.603630 13.770400
937 -0.553340 0.000590 3.054180 57.173440 36.715210 8.109330
938 2.343170 0.092810 1.362120 -28.259350 4.347650 58.548600
939 -0.105760 0.281190 1.209770 43.037340 20.000440 -12.466740
940 1.277720 -0.293840 0.414920 -36.944180 50.061540 25.667150
941 -0.190500 1.028530 2.639510 7.336130 26.280860 -21.279020
942 -1.735690 0.936430 0.702890 13.588990 2.224200 26.483530
943 2.932020 0.697010 -2.776130 65.783370 -0.504820 12.316960
944 -2.122400 0.656310 -2.383210 18.306750 91.327350 23.702450
945 -1.980590 0.102690 -1.247770 -45.263530 43.314860 64.352580
946 -2.187690 0.762220 2.622250 52.856240 -0.625070 26.168680
947 2.021210 -1.096480 -1.437690 34.926090 30.368690 28.994430
948 0.625730 -0.297520 -0.833940 -14.589460 74.336710 13.631030
949 1.428200 0.459040 -0.463930 21.421950 43.651790 5.770900
950 -1.234250 -0.990200 -0.739310 -3.641240 -7.880590 49.217180
951 -0.454380 -0.752200 0.846350 -7.802420 -10.110180 38.252910
952 1.591400 0.792100 -0.545200 38.166840 47.564240 -17.749850
953 2.582870 -1.203970 -2.905400 -8.622290 8.719590 65.401890
954 -0.162670 0.268810 -3.117970 12.403420 52.859580 -0.265170
955 -2.295000 -0.337850 1.158530 43.196110 -3.664330 72.341330
956 1.558670 0.872050 2.392880 -1.683220 -17.591680 -31.854410
957 -2.446260 0.606160 2.114430 58.862950 14.077620 26.945120
958 2.154330 -0.062380 -0.470860 31.579230 73.017720 30.922970
959 0.037220 -0.699430 0.515410 -3.263660 9.548850 -1.408580
960 -1.674760 -0.222440 -2.013610 2.292530 50.271460 61.553390
961 -1.290150 -0.482520 -0.730350 -5.767780 3.186000 30.953690
962 -0.099750 -1.057220 -0.208270 -18.018960 1.759090 36.901850
963 -1.698030 -1.232270 -2.701100 -13.589960 60.876950 82.981830
964 1.893260 0.088740 1.989800 7.354540 -7.960540 3.747950
965 0.272700 -0.173900 0.362750 7.500680 13.343580 -9.048710
966 -2.397500 0.451450 -1.663210 -17.906110 71.555010 41.561570
967 1.269370 0.032650 1.443590 -17.032870 25.302810 -17.906780
968 0.943790 0.375600 -0.490690 28.110830 38.973140 -3.115490
969 -1.369690 -0.614080 2.686460 38.889280 26.277260 35.439210
970 2.611950 0.402140 -1.019370 19.780160 85.795960 53.010770
971 -1.530990 -0.405220 0.518430 37.291620 -11.160650 42.477220
972 0.815860 0.299810 0.638190 -24.784520 42.835790 -29.705030
973 2.655500 0.039780 2.173750 8.659910 -18.731860 23.757390
974 -0.419660 1.136770 -2.981470 4.726130 30.787740 -16.763380
975 0.260570 0.534160 -0.052470 0.908990 16.468890 -50.074200
976 0.860530 0.541360 0.346310 -19.471250 24.088060 -23.861030
977 1.266650 -0.333700 1.570340 0.209350 -24.775630 -8.101000
978 -1.163620 -0.542860 -2.152090 -15.584280 54.794200 53.054730
979 -1.493550 0.579110 0.563000 -8.137690 -26.210260 -1.195190
980 2.593410 0.495780 -3.102730 67.843360 -18.136860 12.042260
981 -0.642830 -0.450940 3.077900 34.364430 77.496640 11.577290
982 1.902380 0.848850 -2.417440 27.282470 9.248150 5.761030
983 1.304970 0.017870 2.498360 12.819840 -36.301280 0.979690
984 0.487570 0.236870 -1.611480 -5.799490 51.528230 -21.231140
985 -1.759160 -1.443520 2.302950 39.558260 42.900450 58.968410
986 2.150150 0.256010 -2.341860 86.321430 26.490920 18.242950
987 -2.894460 0.086180 2.317910 14.879760 17.951010 48.945790
988 -2.076380 -1.293520 2.759080 3.382710 63.346200 32.390100
989 0.117280 -0.801290 -2.587000 65.767170 46.725720 10.294700
990 2.634570 1.072960 -2.205810 74.966890 33.371560 -16.159820
991 3.021190 -0.961310 -2.981630 -6.184360 6.529660 87.302660
992 1.308900 0.182840 -1.757670 71.263020 30.131850 -16.048190
993 -1.148320 1.033520 -2.875400 12.599550 51.793090 17.862380
994 -0.552330 -0.923780 1.634290 59.991580 -24.548010 44.109500
995 1.503100 -0.438500 -2.407600 80.772190 19.109450 33.586360
996 -3.121490 0.398450 -1.661540 21.026920 62.519340 24.615890
997 2.423420 -0.717160 2.283350 -18.390910 -24.657610 72.591760
998 1.295360 1.130490 -2.450970 46.094330 -9.603560 -22.471840
999 -2.723540 -0.991680 1.561720 7.964040 17.433250 62.363870
1000 1.451920 -0.325830 1.005770 -12.296890 32.504820 8.420660
1001 2.591450 -0.027800 0.857960 -21.212110 23.213600 68.124470
1002 -0.800540 -1.393370 0.556890 32.309760 -9.113780 33.696740
1003 0.349490 -0.042580 -3.033350 43.682810 59.154850 -14.270750
1004 -1.469570 -0.144860 -2.883100 36.542740 64.583130 62.361440
1005 1.046760 0.013390 -1.939010 61.330590 60.972240 -21.727680
1006 2.041650 -1.348160 -2.808980 57.739520 -15.135130 38.912090
1007 -0.544300 -0.527680 -1.506970 -40.481910 55.674990 38.039800
1008 2.818870 1.472180 -1.312140 40.955780 53.212350 16.437050
1009 2.393560 0.657760 -2.610740 70.093480 26.115580 33.065860
1010 0.507850 0.547780 2.200250 38.089570 18.757050 -27.635880
1011 -0.519150 0.552410 -1.058160 -32.505310 34.456600 -29.338850
1012 -0.530740 -1.342360 2.329860 81.769290 28.514550 61.551290
1013 -1.411370 -1.277820 0.880070 57.517730 0.213380 79.128050
1014 1.176850 -0.237400 -1.553880 34.898770 83.511150 15.203610
1015 2.677640 0.891340 0.282870 -17.264920 63.781710 13.489570
1016 2.884660 1.279480 -0.391600 -29.543560 75.110460 -7.321820
1017 1.717240 -0.775820 0.502050 -13.632670 33.703810 51.131200
1018 -1.360820 -0.217870 0.517290 -6.623620 0.129980 32.473740
1019 -2.791100 -0.473620 -2.068470 23.397570 50.681020 87.948460
1020 -2.147640 -1.335120 -0.306910 33.538000 -17.927730 37.567090
1021 0.533060 0.289520 2.241200 33.362140 2.548170 -48.477500
1022 -2.258400 -0.156240 -1.861240 20.265860 55.888890 42.815570
1023 -1.528930 -1.001690 2.909040 45.344800 66.329390 47.271560
1024 0.346990 0.499530 0.102090 -0.994120 1.942790 -21.091090
1025 0.735470 -0.957170 -0.989780 -24.459020 68.926440 34.553780
1026 2.824390 -0.540680 3.089820 41.016820 -14.744980 53.568380
1027 -2.089750 0.598460 2.495700 36.353020 12.419870 30.228890
1028 -2.104240 0.568730 -1.641880 -13.711340 65.903170 60.745420
1029 0.754610 0.016210 1.290860 -5.614480 -11.052900 4.479950
1030 -1.409110 -1.245520 0.344710 8.073360 -21.481060 58.462070
1031 0.449040 0.047530 -0.090260 -15.605850 55.713650 -20.890320
1032 -2.123920 -0.928220 0.134630 41.350010 -14.001070 70.102070
1033 -0.360690 0.829760 -0.944470 15.997640 14.329400 -24.689610
1034 1.164550 0.035240 -0.241080 10.199830 71.280380 -28.457210
1035 -2.024330 0.062890 -0.383250 -0.060510 20.536340 44.739670
1036 0.474800 -0.610710 -1.452280 29.915950 81.322630 11.461900
1037 2.721550 0.410960 1.029660 -40.151820 -1.786590 51.935190
1038 1.220180 -0.265850 1.041300 -3.271200 18.618790 14.757770
1039 -2.681380 -0.244820 0.414580 6.912390 38.585590 55.899380
1040 1.803270 0.009920 2.439770 19.453860 -45.332730 12.436390
1041 0.446660 0.036580 2.074400 20.192370 12.900950 -42.490840
1042 1.704930 1.245300 -1.693960 55.136120 14.363140 17.937390
1043 2.087730 -0.736210 -0.324410 15.597870 55.168680 25.377590
1044 -2.009430 0.141320 -0.782380 -12.495380 14.052040 56.868210
1045 -0.712390 -0.304760 0.142500 -10.458490 -40.294370 1.908330
1046 -2.823850 0.624150 2.496290 67.382600 2.724330 48.632850
1047 2.506690 0.277690 2.919550 18.771360 -39.001550 33.721670
1048 0.596690 -0.030330 -2.361900 57.130770 24.522330 -14.493560
1049 0.956120 -0.404810 1.639040 -1.850800 3.698010 -16.447520
1050 0.974360 -1.113680 -2.840630 63.259550 9.514900 10.222990
1051 2.135180 -0.089680 0.946440 -29.993830 17.327660 51.971410
1052 3.006110 0.246840 1.742780 -4.714700 -34.251150 60.512420
1053 -1.973630 0.331460 -2.193290 9.400100 47.308920 43.581620
1054 1.571820 -1.329410 -0.025970 -23.887780 87.707220 59.269310
1055 2.303030 -0.813040 2.838930 27.804450 9.222800 56.327290
1056 1.087730 -0.840380 2.755330 37.496940 12.388320 36.676060
1057 2.664530 0.808230 1.294900 -14.110180 -17.694790 30.436650
1058 -2.652810 0.761530 -1.716910 26.964090 54.574610 37.846120
1059 -0.675790 0.439360 1.252260 28.961930 21.089350 8.865360
1060 2.766650 0.418060 -2.374320 74.777060 16.407840 57.015860
1061 -0.161660 -0.621590 -3.067900 44.391090 42.202430 35.244910
1062 0.041430 -0.609970 -0.197840 -46.068330 5.728590 -17.490740
1063 1.774020 0.171980 2.133820 -10.990790 -16.262480 37.159010
1064 3.074170 -0.034620 1.357460 12.266940 0.271220 70.695160
1065 0.803800 -0.328840 -2.024500 28.911200 73.770840 -2.320380
1066 1.702950 -0.372140 1.976860 -34.339740 -9.197500 17.157340
1067 2.360710 0.459970 0.629130 -56.130290 25.330760 20.480720
1068 -0.984070 0.052700 2.963640 73.923510 66.370190 20.106370
1069 -1.371060 1.079140 0.161350 -20.248540 -9.950710 16.199780
1070 0.923340 0.871320 -0.606500 53.474220 31.256710 -48.751270
1071 0.312070 0.660740 2.367970 24.500200 51.513920 -20.831890
1072 -1.085300 -0.657130 -0.340650 -41.006720 -12.251320 26.263260
1073 1.381690 -0.698630 -2.737890 64.019770 10.889300 -3.193450
1074 -2.138710 0.387400 2.953490 64.938350 65.662750 48.033790
1075 2.703950 0.903110 0.153140 -9.112770 49.071840 1.841930
1076 -2.594090 1.087850 2.801980 42.223370 7.468820 -1.673170
1077 -2.315890 0.122990 2.814430 32.810380 16.245980 63.859570
1078 2.615320 0.158910 0.055580 -17.982530 68.427380 20.321930
1079 -1.717790 1.367930 2.572340 53.792000 64.626340 -8.256960
1080 1.341680 -0.687270 -2.368660 70.703560 21.844750 40.660620
1081 -1.381830 0.041760 0.762640 29.198380 -23.768870 8.124770
1082 1.907710 0.353780 -2.505640 61.673380 27.463420 26.593400
1083 1.870590 -0.237220 0.796750 -14.989820 16.247400 30.597710
1084 0.944430 -0.597420 2.897420 42.177100 -24.826810 14.267850
1085 2.267750 0.338030 3.060030 36.726700 -34.302060 40.142460
1086 -2.316340 -0.369360 1.174550 36.109390 -4.672780 82.916210
1087 2.945460 0.318670 -2.205430 42.816130 18.757020 39.517960
1088 -2.606190 -1.307830 -1.233290 18.730650 -7.137120 86.037490
1089 -2.730630 -1.202030 0.309990 33.256500 59.369220 63.375530
1090 -0.398480 -0.855210 2.577300 87.404820 23.119140 26.667010
1091 -1.668340 -1.409310 0.476450 35.061580 -18.032350 58.193690
1092 -2.999340 -0.278610 0.912050 17.201660 6.809760 67.471530
1093 0.253840 -0.861890 0.383910 -42.433860 3.522480 -2.117210
1094 2.295990 0.223890 -1.715270 50.762200 25.941950 21.080200
1095 -3.011850 0.659260 -1.814900 15.540840 58.580490 18.878040
1096 -1.626120 -0.708260 1.805740 75.706310 37.618940 69.842360
1097 0.435700 0.356710 2.091500 5.968950 32.005540 -40.223430
1098 -0.811670 -1.109130 -2.982960 22.960170 73.297030 22.182150
1099 2.687040 0.085730 0.760260 -34.662250 50.822360 63.138650
1100 -2.419560 0.417680 -0.782710 -6.002680 46.583900 24.209820
1101 -2.708700 0.542630 2.014750 47.529710 -35.899440 42.413130
1102 0.733380 0.539560 -0.480370 17.985550 65.878770 -23.713370
1103 -1.346400 0.116470 1.258210 56.170870 10.429110 27.488530
1104 -2.538760 0.568650 -3.091600 66.892970 46.346400 64.917020
1105 -0.627040 -0.213870 -3.069880 47.872220 38.722110 13.958950
1106 2.469530 0.822320 0.109920 2.071200 49.891500 14.054890
1107 1.022770 -0.968680 -2.280880 68.969670 35.704030 4.682790
1108 2.940140 -0.107890 -1.346250 13.318170 52.452870 76.158910
1109 2.138030 -0.206840 -0.629860 -9.632070 72.923480 34.276730
1110 2.353860 -0.831600 0.770030 -13.634300 65.433460 68.571240
1111 0.961440 0.724840 -0.681280 24.349480 22.869810 -6.735030
1112 1.437470 0.976760 0.460480 -10.749230 66.102430 -34.421090
1113 0.635660 0.137400 1.701550 21.035830 -17.872160 -31.847080
1114 -2.953910 -0.216840 0.325080 -7.327480 10.363020 77.015170
1115 0.405800 0.303010 -1.517980 37.825780 39.402000 -15.118460
1116 -0.098430 -1.030080 2.541620 49.124260 -6.420950 13.472460
1117 1.319690 0.796690 0.901150 -34.886310 46.525470 -11.071080
1118 1.441850 1.117530 -1.463700 39.917300 3.152950 -36.046550
1119 -2.698630 0.797330 -0.088200 -31.857150 55.715230 29.835740
1120 -1.718830 0.024570 -1.575480 -22.657510 36.139620 56.626060
1121 -1.299040 0.459130 2.918130 67.075430 41.429260 4.066140
1122 0.979250 0.808460 2.541430 -0.700600 17.776590 9.091090
1123 2.265740 -0.591530 -1.071190 37.644090 80.192110 32.266900
1124 -3.111690 0.251560 -1.447770 5.768620 75.117870 62.656110
1125 -1.274550 -1.110880 2.028950 30.444300 39.620500 40.076610
1126 -2.392660 -0.674270 1.351210 8.310830 42.471320 78.842990
1127 -0.962110 -0.872570 -1.728150 5.405430 57.972270 33.364080
1128 -0.270170 -0.592840 -0.844150 -25.712840 32.180170 -11.757100
1129 -2.631310 0.465420 2.989890 60.326800 19.484330 21.240960
1130 0.729150 0.714720 -1.643900 2.539390 6.527090 -36.936240
1131 -2.831030 1.324970 -1.530460 -3.381330 87.818740 11.444900
1132 0.228170 0.122850 -2.728450 8.566870 33.461000 -14.068160
1133 0.325620 -0.359940 0.007030 -30.962490 39.901840 14.180410
1134 -0.742670 0.734610 1.891220 42.247050 39.407250 -25.960760
1135 2.404530 -0.874720 0.914050 -8.441630 20.960450 51.878090
1136 1.065350 0.570770 1.350440 4.248850 40.476810 -5.384700
1137 2.442290 0.192630 -0.725220 0.094230 90.421940 47.337900
1138 2.796620 0.076790 -3.061300 68.302270 -10.070760 53.358270
1139 -0.958220 -0.723970 2.225140 84.940460 40.290820 26.034830
1140 0.877290 0.591070 0.230760 29.540700 49.546030 -25.100730
1141 0.031090 -0.237030 -2.837760 39.357840 59.971910 -33.673790
1142 1.994520 -0.742130 1.892560 -35.662580 15.846050 39.708620
1143 -1.639720 -1.033700 2.752180 47.663140 59.612570 64.194900
1144 0.642960 -0.617300 1.774870 -11.100480 -16.778680 9.789770
1145 -1.978180 0.045260 2.738410 48.982150 28.607460 27.215110
1146 1.391690 -0.515330 -2.150560 44.634870 45.663980 38.245830
1147 -0.988800 0.638160 3.127930 8.172380 49.415650 3.524550
1148 0.791260 0.796880 -0.922740 44.806930 9.888790 -22.668490
1149 0.848150 1.179660 1.750370 -5.017700 48.701300 -44.879340
1150 0.343120 0.540160 -2.848440 1.929490 33.123630 -2.124760
1151 1.582780 0.324840 -0.383270 -17.371120 58.699090 -4.614640
1152 -2.492760 -0.555670 -0.659520 11.840450 47.157600 78.787890
1153 -0.169120 -0.631630 -0.311940 -39.176620 42.217170 6.031620
1154 -3.072770 -0.785150 2.490030 22.421740 28.083750 60.831830
1155 1.432290 -0.027640 -0.373220 4.327700 45.963550 -4.486320
1156 2.176430 0.321100 -1.313800 38.995530 68.135890 45.572380
1157 1.263090 -0.141020 2.271060 5.277070 -45.486690 -18.846290
1158 -1.114430 0.046510 -0.255690 -17.838330 -0.790130 -4.812930
1159 0.555100 1.420900 0.532050 32.001800 73.726870 -11.296090
1160 -0.357200 0.594570 3.039090 12.656470 72.842990 -33.105130
1161 0.714620 -1.121420 -0.989530 6.791370 95.268910 35.545470
1162 1.103430 0.718230 2.870180 20.288360 -12.056900 -36.201230
1163 -1.884410 -0.717250 -0.109130 17.315170 15.285820 42.265410
1164 2.630790 0.874310 1.342050 -21.829490 -23.596480 4.496480
1165 -2.324170 1.259840 0.862330 -20.364740 -33.308690 29.280490
1166 0.812400 0.462370 -2.332920 47.996700 33.874050 -39.537830
1167 2.277840 0.712700 -2.181310 78.725870 37.325720 -6.467430
1168 -2.168930 1.157020 2.041460 31.245660 0.072740 -4.210760
1169 -2.596910 -0.814480 -0.778860 -4.902300 30.553150 67.469310
1170 -2.339570 0.821030 2.598180 48.261220 16.182680 6.577850
1171 -2.915310 -0.406140 2.218910 37.943840 4.538030 64.474660
1172 2.892370 -0.617290 2.740150 8.413420 15.894690 39.718850
1173 1.534730 -0.787990 -0.171020 -23.885070 59.238240 54.144810
1174 -2.345320 0.093390 -3.027770 66.415880 45.457470 42.592640
1175 -1.183870 0.523050 2.702490 83.746670 64.028300 19.986950
1176 -2.430840 -0.716980 -1.247850 3.142980 7.450350 44.456200
1177 -0.053460 -0.122110 -0.772640 -1.099480 24.057410 2.492530
1178 -0.634890 1.155920 0.725780 17.294240 18.898820 -8.861580
1179 -0.030060 0.120400 1.442700 34.304690 20.216400 0.129310
1180 -1.446150 0.522190 2.109600 50.955360 11.000980 36.860620
1181 1.471460 0.308850 -2.309500 70.466370 20.893940 -32.753840
1182 -0.773680 0.241640 1.626730 76.856120 -12.227370 -6.163130
1183 -2.448120 0.637600 -0.971770 -24.579450 40.751710 56.136830
1184 1.705340 -0.791520 -1.743860 68.642910 45.465600 55.827900
1185 1.863900 -1.312450 -0.814450 56.598820 77.761250 49.671430
1186 3.135110 0.746910 0.270120 -34.920310 21.400130 6.540820
1187 2.561130 -0.243910 3.097620 16.007610 -6.796680 34.118370
1188 -0.893860 -0.389870 -1.763510 -37.231070 53.193500 5.192090
1189 0.760740 1.275230 0.087800 28.285490 38.203950 11.640850
1190 2.719120 -0.300380 -1.709720 71.047620 26.767190 48.710830
1191 1.078430 -0.535670 3.004560 25.889600 -13.977070 -2.360210
1192 -2.034520 0.192610 3.028480 73.705840 57.217990 54.963890
1193 2.855160 0.955620 -0.938010 13.607490 96.468430 37.003500
1194 -1.353690 0.166140 0.886380 52.536860 -33.225140 30.276930
1195 -1.853040 -0.651190 1.061730 33.943280 -14.505260 44.077730
1196 0.340060 0.460040 2.646180 41.994960 10.991390 -19.483530
1197 0.129170 0.665900 -0.078470 38.811900 25.320050 -17.857510
1198 -2.957980 -0.296000 0.227170 17.249390 27.789300 47.922530
1199 1.252520 -0.299830 -2.822440 59.665620 -6.669460 20.187530
1200 0.361230 0.559720 -3.009550 28.390930 11.938230 -33.308500
1201 2.059440 -0.518230 0.595020 -51.263390 33.106880 43.058060
1202 0.442120 0.449790 2.201270 22.063060 5.534750 -47.736080
1203 2.711290 -0.569000 0.294130 -22.987560 39.304180 43.501460
1204 1.733230 1.183120 -2.453840 57.591650 11.894050 -2.657430
1205 -1.881300 -0.977350 1.646140 61.823510 21.023590 53.051060
1206 0.471290 0.821280 0.563910 24.622950 12.728530 -26.050600
1207 -0.792840 0.203120 0.686140 19.974780 -3.360660 -19.265890
1208 2.729560 -0.055690 -0.260540 -10.558300 64.588580 28.842150
1209 -1.081780 0.208830 -1.163210 -11.242860 28.216610 27.316340
1210 1.469690 1.305090 -3.109400 -6.667930 3.003760 12.148170
1211 1.957650 -0.748790 -2.756810 38.485360 3.016580 21.268760
1212 2.605650 1.046840 0.194740 -11.997460 32.648150 -1.949750
1213 -0.139050 0.498050 -0.593120 -12.643680 19.199960 -43.963670
1214 -0.157860 0.083320 -0.433180 -36.052460 26.889780 -25.556190
1215 1.537790 -0.342220 -1.832550 47.387580 68.297780 3.276260
1216 -2.316350 -0.396660 -2.925110 47.636940 46.666250 71.748520
1217 2.185700 -0.367230 3.140720 59.621490 -8.840630 26.629840
1218 2.598070 -0.689020 -0.701040 56.768240 60.864830 59.877070
1219 1.577900 -0.964530 -2.292030 79.834790 8.169900 35.866860
1220 0.743360 -0.184040 -1.369170 22.803930 89.906920 -18.531340
1221 -1.229620 -1.003830 -2.624290 -18.636720 81.620470 43.086530
1222 -1.101670 0.930960 1.146450 41.108100 23.043460 11.900700
1223 -2.966060 0.423500 0.666230 -10.594330 22.393650 62.342940
1224 -0.054780 -1.120990 -1.618100 -3.737500 55.077620 51.940620
1225 3.019430 0.529510 -1.849640 28.229790 70.952220 23.516350
1226 0.489480 0.616920 -0.880130 19.166490 26.587130 3.747630
1227 3.086020 0.242990 1.728970 -2.676320 4.037370 70.415460
1228 1.544550 0.918270 -1.652390 72.548110 24.669470 -29.585820
1229 0.867640 -0.341330 1.864590 1.646370 -15.163600 -28.079840
1230 0.981660 -0.152950 1.633060 3.964970 18.927290 -0.471270
1231 -2.012090 -0.084990 0.051450 -9.031460 -25.941380 44.464160
1232 0.111810 -0.848230 1.089910 -4.115170 -49.378710 20.858300
1233 -0.245810 -0.675640 0.190990 -17.716210 11.022450 35.423670
1234 1.273950 -0.938690 1.322710 -43.849980 0.696270 45.338400
1235 2.391990 -0.200190 0.625040 -38.734520 41.717800 25.783570
1236 1.900020 -1.167420 -1.475050 70.703610 37.323520 61.372090
1237 1.140680 0.629520 1.775640 -0.919920 29.659800 -46.093430
1238 0.945120 0.824130 -2.337340 14.832990 -20.688730 -30.997790
1239 -0.631810 -1.149250 3.133670 64.583680 54.391280 31.349130
1240 2.321960 0.340700 -1.703150 35.261220 70.444630 21.965350
1241 -2.879380 0.714470 0.378510 -11.858700 31.661660 33.703230
1242 1.646180 -0.750540 0.609920 -34.059940 46.497380 54.979610
1243 1.670690 -0.455500 1.069900 -35.431700 3.038630 43.864820
1244 -3.016850 0.268340 1.166520 5.821750 -15.390130 58.643220
1245 2.229070 1.266860 0.779480 -36.883880 70.615540 9.395500
1246 2.553300 0.024650 1.087030 -64.616650 18.087020 44.596360
1247 -0.749580 0.539440 0.981320 48.732160 -32.452030 -18.152200
1248 2.616070 0.290240 1.177110 -15.853750 31.962200 32.884790
1249 -2.997190 0.428260 1.789000 3.926270 -45.481860 36.258460
1250 -0.960930 -1.006630 0.910180 29.641360 12.082300 28.949360
1251 -0.856320 0.035760 0.796930 12.353340 -0.777950 -6.963740
1252 -1.511240 0.287000 -2.131170 -23.846400 92.066510 34.998740
1253 -2.554940 -0.726790 1.837580 9.732550 35.473860 48.966190
1254 -0.965610 0.187480 0.457450 -16.991370 -12.969670 8.012320
1255 -2.985520 -0.414330 -2.993460 28.739850 -4.943800 65.770100
1256 1.565450 -0.234960 -2.288640 51.178010 13.035680 -7.935950
1257 -0.728420 0.825960 1.985470 36.105340 23.455060 -28.106340
1258 0.873960 1.469410 -2.605260 1.481270 20.976710 -17.527740
1259 -0.296530 0.857440 -2.514860 -13.417230 39.804820 -40.574910
1260 2.980930 -1.100850 0.933750 7.096020 45.453770 38.206540
1261 1.140670 -0.115420 1.134460 -26.507250 0.901740 21.524690
1262 1.446750 -0.605300 0.983450 -48.078600 29.032670 36.815610
1263 -2.126600 0.037070 1.448480 13.849320 -19.081980 74.588350
1264 2.295230 1.079210 -0.833620 34.429460 52.625330 16.143710
1265 1.455910 -0.260940 2.975700 14.598080 -1.022370 14.967660
1266 2.787070 0.529410 -0.380880 8.536300 46.582450 30.303300
1267 0.798190 -0.108850 -2.071090 19.227910 42.722390 1.157510
1268 1.331770 0.439910 2.350160 27.640800 -7.095390 -13.243610
1269 1.920440 -0.924680 -0.542840 11.983610 84.652270 65.663530
1270 -0.933750 -1.282650 0.247740 34.696800 -26.142000 55.711470
1271 -2.046400 -0.719340 -2.320550 13.579720 57.514530 49.554570
1272 0.660770 0.092740 0.574450 -33.449860 23.624160 -25.129950
1273 -1.813760 0.942220 3.088200 45.115020 76.196470 2.523990
1274 -1.343100 -0.677230 2.697330 47.300200 30.362660 31.848530
1275 0.057490 1.387850 1.299500 11.602900 66.626670 -5.253780
1276 -1.351110 -0.004910 3.084700 23.614980 42.948450 27.073490
1277 -1.414390 0.370790 -1.338780 -4.388900 50.598040 25.606970
1278 2.249540 -0.314690 0.184170 5.692560 71.754070 35.767550
1279 -2.813700 -0.621800 1.135240 5.248430 29.056540 102.405470
1280 3.011530 -0.018930 -0.706000 7.142940 39.289340 37.486880
1281 -1.930780 -0.097890 -2.559860 24.611130 47.411690 31.121890
1282 1.917250 -0.105350 2.652770 39.111000 -40.632780 26.873520
1283 1.825620 -0.527410 -1.515540 67.584960 76.167270 40.488160
1284 1.061010 0.454380 0.595840 -2.509110 31.568330 -50.563000
1285 0.993160 0.731610 -0.152310 27.895950 38.948870 2.854160
1286 0.830460 -0.860570 -2.639400 69.913440 44.893900 -7.817410
1287 2.168710 0.639150 -2.652150 32.703880 -3.666890 11.240410
1288 -0.125710 -0.207600 -1.041010 -11.374280 60.716860 -22.074060
1289 -0.991730 -0.208180 -1.301870 -19.445690 26.730630 1.601270
1290 1.262130 0.634570 -1.188850 51.705810 26.499570 -4.378040
1291 -0.262630 0.063540 -2.571190 6.509190 38.305530 -4.358760
1292 1.182210 0.455880 1.475500 -21.346720 -1.582930 -41.062930
1293 1.927000 -0.828230 -2.135940 94.228500 26.656820 38.100510
1294 2.748660 0.021810 2.205080 -18.029480 -10.681420 49.354970
1295 0.008290 -0.645480 -3.023260 74.466260 71.888630 -7.809650
1296 1.668050 -0.017460 -1.523600 42.378470 29.214600 8.199940
1297 0.902790 -1.374970 -1.570310 26.623860 61.568100 70.291730
1298 -1.549200 -0.034690 -1.718940 -11.424000 34.661130 37.373590
1299 1.878430 0.014460 2.475220 27.606810 -6.858510 2.886570
1300 -0.651260 0.999230 -1.110150 -23.838170 18.156410 -34.942590
1301 -1.219670 -0.052500 -1.729520 -14.699960 69.133010 3.407760
1302 -2.378570 -0.193120 -2.465990 34.957400 46.775770 41.924210
1303 2.187650 0.127060 3.042230 18.103680 7.305550 30.206080
1304 0.932520 0.129240 2.771030 36.700470 -15.656870 -40.432140
1305 -2.883970 0.032910 -3.045080 59.154170 33.102050 76.237990
1306 -1.923000 1.095030 1.287860 42.259080 -36.369760 -5.825550
1307 -1.327430 0.978840 -0.626850 -7.228430 -11.159110 -3.856450
1308 1.202060 0.128480 1.504180 2.538230 -2.834370 9.656150
1309 -3.073620 0.965940 0.514160 -11.706230 27.538310 32.568240
1310 -2.920240 -0.723050 -0.860950 43.093270 15.330340 86.609570
1311 -0.407430 -0.622810 -0.312910 -57.273540 -13.085700 20.311050
1312 -0.132760 -0.054430 2.830340 29.953050 54.333150 -15.413140
1313 0.037980 -0.522470 0.141320 -51.009490 -0.322530 11.517410
1314 2.662850 0.280630 1.908980 6.280610 -18.720310 60.446480
1315 -0.452150 -0.281480 -0.045410 -37.966800 -16.922920 -12.942730
1316 0.057670 -0.797500 -2.981840 43.417270 42.337750 -2.869150
1317 -2.577040 0.613040 -2.705540 46.151970 77.676590 38.991020
1318 1.121840 -0.764030 2.779040 49.169080 -39.310520 2.737730
1319 -1.164690 0.422180 -2.032170 1.043270 54.041250 29.767160
1320 2.378410 0.924570 2.009030 5.992490 -33.609060 10.342050
1321 0.777110 -0.014730 0.871230 -36.007720 -2.641680 -28.783790
1322 1.232440 0.005950 -1.376880 17.631990 65.055870 15.127290
1323 0.772980 -0.164300 -2.964500 57.658470 11.103900 -39.720210
1324 0.785870 0.311500 0.631110 -1.617920 5.717160 -17.567290
1325 -2.842960 0.733210 -1.697560 25.848360 81.745010 7.809560
1326 0.470600 -1.121500 -3.127000 66.473980 3.430180 29.077790
1327 -1.519710 0.761260 3.059880 44.793280 76.906020 -3.853750
1328 -1.060100 0.308530 2.789990 34.409770 63.442910 28.034300
1329 2.107500 0.601780 0.688750 -50.341600 27.799880 -11.719070
1330 0.600100 -0.714850 -1.417680 -3.009730 58.640000 21.547620
1331 -1.990510 0.358920 -2.610240 46.062930 93.356580 40.157050
1332 -2.879030 0.187770 -1.634000 20.070510 37.956300 65.116300
1333 -0.787240 -0.126880 -1.304960 -8.757730 27.484240 11.546440
1334 -2.636710 0.178740 -0.110990 -25.857040 24.743520 86.379350
1335 1.625710 1.122090 1.780550 -46.709360 9.638080 -3.874600
1336 -2.255240 1.447600 2.080100 75.135010 -7.498400 2.200060
1337 -2.721520 1.035110 -1.705120 7.420330 60.528530 40.692220
1338 -0.548110 -0.661180 1.821770 57.982670 5.212990 45.428910
1339 -2.518870 0.345470 1.714090 21.223990 -4.069950 76.463380
1340 -0.456710 0.625580 2.610690 47.742860 32.377820 -30.383240
1341 -0.289250 -0.470030 2.753840 63.343130 29.485320 34.222980
1342 2.754440 0.523550 0.778160 -43.134080 0.135660 37.852200
1343 -1.838020 -0.608150 0.804100 41.189580 -14.247630 38.566820
1344 -1.656080 -1.366260 2.997950 24.147500 74.921550 54.489520
1345 2.112910 0.348150 2.036010 -14.398800 -33.122660 30.109520
1346 -3.084420 0.334780 -1.933980 39.258540 66.489270 73.176160
1347 -1.421280 0.687480 1.693730 77.887330 12.032490 10.088760
1348 -1.360640 0.085090 -2.735490 29.737150 104.325040 29.009210
1349 -0.813360 1.307630 2.278570 54.354320 76.655990 5.198650
1350 -1.642770 0.941340 -1.006940 -37.239940 61.715930 13.556930
1351 0.911100 0.448950 1.085970 10.582240 9.259590 -27.998530
1352 1.174940 0.626880 2.150270 -6.803770 -18.889570 -29.801770
1353 -1.773620 -0.282810 -2.247420 4.752700 89.311290 68.318910
1354 -0.947920 -0.911490 0.189470 12.200510 3.975800 29.795070
1355 -1.296800 1.096170 -2.975110 3.926010 62.141930 -10.156920
1356 -1.371290 0.919800 1.942120 86.888520 18.511860 -3.958970
1357 -0.362380 -0.586080 2.628130 79.371860 16.937030 27.221530
1358 -0.471380 -0.197130 -0.921350 -42.450540 27.717060 24.832110
1359 1.131180 1.117550 2.567500 -42.681340 8.506450 -23.366110
1360 0.510200 -0.759250 -1.951110 40.972660 98.299550 17.176990
1361 -2.084430 -0.786840 2.492490 17.115750 56.866000 43.109060
1362 2.342130 1.041880 2.751980 29.899250 -41.060470 14.761930
1363 -1.783920 0.324350 -1.973390 -19.890420 70.415030 20.916770
1364 -1.065290 -0.242720 0.921300 3.122710 -27.950560 35.540560
1365 1.436540 -1.082540 -0.166940 6.554440 43.690660 29.179470
1366 0.832490 1.078080 -1.077300 51.965160 35.933650 -20.982360
1367 1.998840 -0.978660 -1.024900 33.339240 82.644990 64.450070
1368 2.591410 0.052060 0.975240 -11.026970 37.523730 32.397740
1369 -1.017280 -0.598150 0.753020 39.133880 -5.536910 23.261750
1370 1.121250 -0.647470 -0.452930 2.841590 75.774320 33.731120
1371 -2.606430 -0.553190 0.313530 -9.774360 6.736270 79.744580
1372 -3.021460 -1.237360 -0.011540 52.460190 31.925520 82.614260
1373 -0.961430 -0.728950 -0.877480 -52.142300 29.998570 28.725910
1374 -2.444370 -1.051430 -2.505010 -0.628680 19.695640 41.434900
1375 -0.308480 0.181310 -1.146680 3.542810 33.476110 -26.761560
1376 -0.552430 -0.382740 -0.879070 -36.397850 51.453620 -1.634790
1377 2.243410 -0.873890 3.065060 21.574210 -32.367080 31.133510
1378 -0.885770 1.063470 2.788380 56.830090 78.134370 -20.813040
1379 -2.082750 -1.512610 1.161890 59.905550 22.507620 49.420970
1380 0.494610 -0.396310 1.352730 -7.583750 -4.441460 -23.898490
1381 2.136130 -0.721420 2.211500 -18.982480 -19.536980 23.772820
1382 2.612260 -0.950340 2.575030 12.555340 12.426600 39.725270
1383 -2.636020 0.805850 -1.453430 -1.412030 87.749130 9.576120
1384 -0.380340 0.036630 0.712130 17.194510 -6.109740 -30.262270
1385 -0.891270 -0.082340 -1.053090 -21.403410 58.488190 17.265390
1386 0.391420 -0.211900 0.383930 -43.175770 0.133500 -5.445100
1387 -2.390680 -0.217750 0.200190 16.167580 -3.122460 79.459920
1388 -0.015840 0.801050 -2.748880 27.571830 35.954220 -26.633260
1389 0.807850 -0.692530 0.835640 -21.824430 -5.110010 -13.792980
1390 -0.694550 0.925280 1.856120 29.733470 47.214700 -18.849620
1391 -2.921760 -1.059910 1.873430 8.304550 63.526430 79.583710
1392 0.440850 -0.529940 -1.991810 33.608800 56.681920 -21.127110
1393 -2.680300 0.000350 2.206490 51.667790 18.181610 58.555490
1394 2.487000 -0.969450 2.532970 -2.426420 -12.716500 82.113670
1395 -2.560930 0.377080 -0.051280 -42.738570 0.359680 43.383720
1396 0.232820 -0.825480 -1.184320 9.946040 51.002470 3.547970
1397 -1.936110 -0.950020 -2.335930 3.751780 25.991210 44.837200
1398 -2.946860 -0.431390 2.324550 -8.363610 26.633810 72.224330
1399 2.757260 -0.699640 -1.083700 23.113220 32.713900 79.687360
1400 -2.322350 -0.672300 -2.055520 -2.037360 34.642460 101.850660
1401 -1.114080 -0.721510 -0.960430 -20.635570 18.261700 60.549290
1402 -0.784960 -0.634890 -0.394910 -51.071820 3.718780 18.715320
1403 -1.641750 -0.022640 -3.043090 43.142300 78.242910 24.975800
1404 -2.256370 0.006810 2.856780 23.093240 24.466910 44.517540
1405 -0.424470 0.900380 1.404750 22.765190 9.700040 -5.241060
1406 0.881660 0.667420 -0.134800 -2.125700 29.635220 -10.844540
1407 3.038560 -0.639140 -1.217070 50.445950 17.215270 76.665860
1408 -2.965960 -1.260730 2.424540 10.853260 25.951030 52.473800
1409 -2.989560 -0.007420 -1.593960 10.449840 61.644040 80.859390
1410 -2.073190 0.243780 -1.408370 -38.444780 67.279980 51.621360
1411 -2.832840 -0.095350 -1.483050 3.200410 22.761070 56.303790
1412 -0.677140 0.942020 1.156770 73.158950 17.850090 -5.533740
1413 1.671480 0.183080 -0.984080 41.127720 77.782040 25.174070
1414 0.770230 -0.842310 -2.866580 77.309230 11.355930 23.227300
1415 0.089340 0.357830 -2.270950 35.819240 56.191990 -22.194810
1416 1.560180 -0.760440 -0.279810 3.693540 97.348440 27.034790
1417 0.700020 -1.009600 -3.043310 34.626890 20.084000 17.855090
1418 1.825150 0.646390 -1.892060 34.887370 18.618870 13.826930
1419 -0.465690 -0.720880 -1.547700 -36.751190 71.765430 4.717780
1420 2.286570 0.857070 2.779510 18.107750 -32.698290 31.107800
1421 2.474380 -0.311640 -0.927200 36.599010 81.605510 29.088350
1422 -3.038300 -0.909200 0.464930 38.594910 28.699260 74.015010
1423 3.003020 -0.732840 0.974500 -1.096490 25.051770 41.688130
1424 -1.610220 0.729430 1.613620 49.510250 -30.201490 1.556930
1425 2.595690 1.281200 -0.087900 -32.315040 42.189810 -2.703730
1426 0.036750 -0.989840 -2.054320 35.981650 94.747480 16.241220
1427 2.192530 -0.728310 -2.862200 32.215020 6.816470 26.904420
1428 2.140430 0.311200 0.044270 -40.420610 72.275120 9.319940
1429 1.452120 -1.084690 1.374680 -47.799510 13.858140 29.779590
1430 0.932690 -0.013350 -0.151680 -37.273160 58.692160 -15.935010
1431 -0.574620 0.056110 -0.547200 2.682370 19.256780 0.147340
1432 -0.834040 0.380400 1.766500 48.844480 -1.928850 -20.427950
1433 2.277260 -0.172970 -3.048880 26.263720 10.518530 29.230480
1434 -0.797340 -0.786050 2.717090 30.012530 48.932140 31.108050
1435 -2.563760 0.191210 1.633800 29.965340 -28.419510 73.717610
1436 -1.426460 0.217330 -1.714390 0.539980 45.358140 33.737830
1437 1.374220 0.398120 1.815240 -29.986950 -9.157190 6.157540
1438 -1.560930 -0.718530 2.793890 35.360770 30.373420 54.278530
1439 -1.149810 0.571870 0.839710 20.859560 -20.243340 -15.898660
1440 0.704830 0.153650 1.017130 -3.371510 8.515830 8.061570
1441 -1.977600 -0.166820 -2.815310 49.450760 67.796830 47.352430
1442 1.233570 0.090640 0.258000 5.280540 37.614540 -2.780160
1443 0.499470 0.456980 0.951770 -17.564490 25.464130 -24.753910
1444 -0.120340 0.818120 -1.555300 3.952250 10.450230 2.426250
1445 -0.080950 -0.178480 2.973280 26.893800 45.726260 -15.115370
1446 -1.816170 0.111640 -2.072160 -7.374900 84.418170 28.861570
1447 -2.906890 -0.124480 -2.840730 58.793920 29.395490 85.509030
1448 3.070290 0.079990 1.097400 -27.552300 24.895820 76.420960
1449 -1.126550 -0.400530 -0.516640 -38.631000 -3.147900 8.791470
1450 -3.054670 -0.772160 1.913500 -7.203090 20.898790 46.304990
1451 0.857040 -0.393520 2.916220 56.521510 18.141790 17.406190
1452 2.903740 0.837310 -2.939050 65.849230 34.485920 31.193170
1453 2.556730 0.674280 -1.006200 12.925120 45.011400 14.231420
1454 2.115890 -0.279390 -0.802700 0.479730 56.117900 30.571370
1455 -1.795470 -0.102370 1.450280 36.959660 -30.367860 42.095260
1456 1.194260 -0.063650 2.362440 31.011430 -12.732990 -31.136620
1457 -0.820150 0.749100 -0.100450 -26.104260 -33.763090 -1.394530
1458 1.614130 1.057090 -2.552000 58.604210 -7.772340 -2.299670
1459 -2.047400 -1.302130 2.334450 34.749360 68.707230 70.873470
1460 -3.128980 -0.557570 0.912130 13.668610 30.956740 87.398830
1461 -2.562880 -0.367010 0.391580 11.488700 33.741200 48.605370
1462 1.176510 -0.464040 -2.631400 59.638040 41.185000 26.803260
1463 -1.259160 0.087680 -2.483880 5.122080 57.842150 -0.632860
1464 2.546400 0.375760 -0.551180 -13.119220 72.117170 51.855900
1465 -1.874700 1.240360 -0.646930 -17.158760 39.668990 17.883460
1466 1.943550 0.121080 1.654840 -0.455870 -19.228600 11.886640
1467 -1.811760 0.756590 -1.879670 6.549060 51.977350 33.329640
1468 -1.999740 0.070970 -1.520840 1.811020 74.510180 38.569500
1469 -1.522150 -0.117790 -1.073350 -35.155260 34.963580 16.682350
1470 -2.951480 -0.843570 -1.788090 2.015790 11.570820 86.026760
1471 -0.220580 -0.554360 -0.366540 -35.468690 29.846430 34.029160
1472 3.097770 0.161080 0.310680 -26.944440 38.784230 30.133510
1473 -0.129610 0.824320 2.346660 24.011890 20.150760 -32.565220
1474 0.191890 -0.126790 2.685740 44.976430 17.174010 -40.328160
1475 -1.887680 -0.203860 0.178770 8.753230 18.701450 49.067860
1476 2.466350 -1.318060 2.953440 2.699610 6.831450 75.831820
1477 1.741150 -0.571950 1.286630 -42.311260 13.476360 51.368190
1478 1.205610 -0.033780 0.052810 -11.823250 70.895700 15.812560
1479 1.753320 -1.383450 -0.196430 16.729930 55.265130 69.447720
1480 1.274420 0.744030 3.097230 15.439020 -26.867670 -16.802050
1481 2.760390 -0.293870 -1.690970 40.601260 30.710490 78.932710
1482 -2.252620 0.152400 -0.804930 1.509010 25.689320 41.296600
1483 -2.741040 0.235050 -1.458570 2.879420 53.688450 29.361890
1484 -0.569880 -0.148350 0.019100 -18.994000 6.579280 -14.094170
1485 0.738970 -1.073170 2.014720 13.828650 -5.101330 47.606030
1486 1.082880 -0.623400 1.293200 -9.619980 -28.425810 8.455570
1487 -2.741410 -0.530510 -0.635060 16.938850 25.439720 102.960250
1488 -1.894890 -0.264010 0.483530 8.563080 -32.245770 51.832180
1489 -1.901780 -0.295910 -1.280750 -40.467270 37.317500 50.881760
1490 2.447540 -0.050660 -3.095860 65.027950 -16.403010 55.421300
1491 -2.684130 -0.319480 1.029480 -16.475290 13.959040 66.471040
1492 2.982720 0.110050 2.811830 57.949670 1.440420 37.351130
1493 -1.565210 -0.475520 1.476920 68.825540 17.955710 40.327960
1494 -1.678650 0.171500 0.232540 -28.485710 -22.952400 20.994430
1495 2.062730 -0.150430 -2.832630 74.128390 -10.509100 6.707790
1496 -2.113830 0.479760 2.258510 41.491420 13.814110 61.092740
1497 0.995660 1.063280 2.695690 -27.230640 22.156920 0.905700
1498 1.352100 -0.098780 -2.132520 54.239280 7.247410 -4.111480
1499 2.685930 0.314010 -2.085910 47.339210 33.051040 63.849890
1500 1.471790 -0.270320 -3.044120 52.691090 -28.854890 14.917180
1501 -1.836040 -0.454470 0.081760 2.168880 -32.686130 60.313540
1502 0.697230 -1.003600 -2.825890 86.884770 40.452020 42.378760
1503 -0.013910 -1.339580 -0.642120 -53.398590 44.451350 27.526410
1504 2.415900 -1.140420 -2.085270 25.671310 -4.096680 71.357250
