1 -1.880190 -0.148620 -1.156350 7.256240 -1.829590 22.180740
2 -0.310560 0.509370 2.416150 -6.064800 24.350850 27.239590
3 2.730740 0.696910 2.215280 -16.777830 40.057160 30.709760
4 1.512870 0.385320 -1.224180 -6.032050 -16.240810 26.807110
5 -1.698830 -0.646520 -0.672160 15.880570 4.274270 8.080640
6 -1.201650 -0.469280 -0.953630 14.675040 -8.516650 10.643870
7 -0.495350 -0.147930 2.267800 -28.265400 33.968840 21.738090
8 -1.646860 0.230210 -1.426760 5.415950 -9.754490 26.282730
9 -0.875620 -0.178870 2.403600 -20.469660 27.661290 24.485670
10 2.271960 -0.797640 -0.984360 8.958830 12.946450 -4.582970
11 2.248980 -0.455840 1.307920 -0.525220 6.202010 12.678950
12 1.129260 0.448440 3.027990 -39.182520 -18.710860 23.065160
13 -2.318410 0.744480 -0.730270 -18.942760 -6.487970 5.674150
14 -1.478760 1.050400 -1.926460 -3.479060 12.470200 38.010590
15 0.811040 -1.402470 -1.635950 -14.765970 -3.910770 -9.939140
16 2.134560 0.219400 -0.139510 16.661060 5.271770 10.868080
17 0.656870 1.365060 -0.702320 -5.445840 -0.828710 25.049620
18 0.087260 0.052990 1.897500 -0.830180 36.745290 15.567480
19 3.011390 0.788800 -2.793710 -26.224120 -4.996410 38.332790
20 1.686620 0.902000 0.603470 14.120450 24.353760 23.382070
21 1.462060 -0.184410 -1.582040 -5.817900 13.060980 11.614150
22 -2.877580 0.642010 2.346440 -14.499670 4.205150 28.828290
23 -2.603740 1.002200 1.304620 -9.658600 32.973930 40.236690
24 2.290690 -0.805370 -1.559410 -5.178450 2.703490 -8.328020
25 -2.282460 0.768290 -2.072560 -26.682640 21.637080 9.908940
26 -1.275240 -0.257970 0.401110 5.026700 15.874170 24.272780
27 -0.329730 -0.004520 0.273670 -0.642170 1.530450 -1.638960
28 0.459410 0.808670 -0.848620 3.878880 29.435280 14.814290
29 1.121080 -1.015850 -1.854430 -14.141890 15.640670 4.221830
30 -2.591780 -0.393050 3.004270 -20.280600 0.658680 4.517500
31 -2.444280 0.724190 0.517370 -9.411560 22.667090 30.230370
32 2.682100 0.643670 0.964580 -6.754340 -7.991270 31.276410
33 -2.581650 -0.319520 2.498880 -30.695840 18.921680 5.930610
34 -0.683660 0.530180 -1.016840 8.632180 12.557830 -3.497270
35 1.112440 0.427620 1.125010 10.983920 21.965640 16.525390
36 -0.886230 -1.434190 1.875170 -16.172180 20.417870 -8.939680
37 1.492740 0.269400 3.067720 -23.973950 20.716880 12.371470
38 -0.005160 0.922120 2.134500 -7.929640 18.001370 42.229040
39 2.265320 0.214280 -0.912280 8.326390 -26.989690 25.704660
40 -3.059760 1.205320 -2.252380 -13.175230 32.811720 14.753370
41 0.856860 -0.086690 1.229870 3.347440 47.998690 28.366980
42 -0.903560 -0.039610 -1.994620 -23.276480 -7.931790 27.676390
43 1.557220 1.005750 0.420770 14.398900 5.188640 33.222770
44 -0.987200 0.134370 1.856010 -16.779710 24.914800 30.176460
45 -0.872770 0.332230 0.015760 16.154230 17.582280 33.275350
46 -0.268100 0.550710 2.059220 -2.367450 17.620770 29.326560
47 2.300730 -1.188380 1.075960 -3.033330 9.758660 -11.530110
48 1.762550 -0.003600 0.892220 18.644490 28.564280 41.806390
49 1.233980 0.751980 -0.880160 6.829990 30.897870 16.098460
50 -2.903560 0.057180 2.866930 -23.881290 5.708540 12.946550
51 2.665520 0.545440 -1.794970 9.372060 14.827100 48.761550
52 1.751470 0.792800 2.335870 -21.276160 24.738400 18.479780
53 2.311950 -0.515420 1.947830 -11.641330 27.784240 -5.663020
54 0.106490 0.326640 1.455730 -41.429000 25.561200 22.684800
55 -1.100150 -0.631510 0.489180 -2.459900 29.884500 -20.566190
56 -0.003580 -0.016540 -0.528660 -2.251200 30.954310 6.703290
57 -1.545310 -0.786130 -3.083920 7.742230 15.985460 12.108900
58 -2.974630 -0.159490 0.646960 18.698760 31.752210 2.239100
59 1.595600 0.639950 0.737110 12.579390 9.809720 48.414150
60 -0.231700 -0.730240 0.379980 16.564190 1.476660 5.105930
61 -1.138310 0.589390 -0.568120 6.626830 9.104400 38.333180
62 -2.642450 0.476110 -1.414780 -24.964950 15.876130 14.715420
63 -1.990930 -0.590160 -3.064330 0.420080 37.801960 10.510560
64 -3.057730 -0.094320 2.757200 -23.682560 45.727550 7.424790
65 -2.528580 -0.704540 1.854330 -23.719420 22.805810 10.585390
66 1.127760 -0.405610 1.365580 6.188230 17.491510 5.309850
67 1.726310 0.347750 -2.847350 0.747450 16.806140 44.639280
68 -2.896040 -0.281560 -2.024000 -2.486930 -18.887960 15.011790
69 2.585010 -0.284800 -3.094310 -16.866160 3.053010 3.567510
70 0.854860 -1.300540 -1.337870 -0.750220 15.754960 23.655440
71 2.780530 -1.226870 -2.637990 -0.114580 12.716670 -6.618720
72 1.916090 -0.174500 2.980100 -6.949690 -6.353600 37.815060
73 -1.479180 0.277790 0.021490 14.673920 23.944950 30.055630
74 -2.861950 -0.270600 2.463830 -27.599330 12.705890 14.549160
75 1.558910 1.092370 0.901020 11.467460 17.141310 34.936100
76 1.429730 0.082380 -0.921090 3.790640 -20.300160 24.640500
77 -0.859690 0.323180 2.848030 -24.229300 10.027530 33.253540
78 -1.975670 -0.580210 -1.600910 -2.500070 -16.941640 16.999180
79 0.585940 -0.268150 -1.311710 -15.745330 -4.129270 11.266160
80 1.863940 -0.182560 2.582540 -42.864450 -1.269800 14.643570
81 2.668820 -0.974870 1.216140 24.032830 13.553900 21.565890
82 1.577830 -0.587960 -0.110390 17.182070 -6.238080 2.737740
83 1.727660 0.395310 2.543000 -30.124680 -10.295710 24.355520
84 2.687370 0.450700 3.021540 -34.588870 16.763060 18.508480
85 0.864750 -0.793860 -1.306980 -15.458150 -0.736970 -0.674330
86 2.923810 -0.177180 -3.014280 -8.674290 28.029460 37.272100
87 -0.607100 0.106790 -2.564020 -27.803430 3.406230 30.231620
88 -1.230520 -1.223780 0.520310 5.303420 30.451210 -8.960430
89 1.402050 -0.038020 -2.599070 1.840630 -1.168360 38.219550
90 2.250180 0.536320 -0.076850 20.628970 13.214190 17.723040
91 2.917540 -0.054990 -1.888910 -4.296830 -5.401660 4.708080
92 -2.157990 0.547220 0.615130 -6.601970 -0.195990 13.464150
93 -2.839240 0.208550 -1.476170 -26.389600 -26.529980 21.571010
94 -0.669030 -0.047530 1.231170 -15.306780 4.931770 3.530690
95 -0.300560 -0.945790 0.977470 7.954880 26.271620 5.179100
96 -1.392410 0.911820 -2.420280 -8.892250 -14.155780 38.320630
97 2.944340 -1.093050 -2.684040 -3.384010 -4.059380 1.267950
98 0.430710 1.053850 2.414600 -16.238140 -17.012970 21.606420
99 -2.817560 -0.785700 -1.725370 4.860720 -6.877150 7.366690
100 -0.094840 0.760070 2.514260 -8.642500 29.160360 30.974020
101 -2.789050 -0.904050 -0.268590 29.404710 -22.178630 15.204920
102 1.862930 -1.035110 0.623340 -10.134120 9.838250 2.682740
103 2.321060 -0.699880 3.123880 -31.663830 25.651630 -6.278980
104 1.881690 -1.412640 0.082110 -15.952040 6.769970 2.413000
105 1.853150 0.635970 1.055400 -15.671210 0.679290 25.779550
106 0.721050 -0.318930 -2.669240 -33.070070 10.015900 5.965190
107 0.365020 -0.697940 1.812680 -32.854760 -0.179840 -6.571660
108 -1.328830 -0.235050 -2.130410 -18.493660 -3.673670 26.481450
109 -1.198270 0.072120 -0.547730 -8.968420 -20.871280 -5.354300
110 0.390420 0.316150 1.744940 -4.256130 35.180830 32.908560
111 2.506780 0.296030 -1.062250 4.833750 -13.066880 12.341030
112 -2.727580 -0.952290 2.492690 -18.346450 9.796980 -5.369110
113 -2.803550 0.635150 1.538460 16.815330 48.554710 25.008350
114 -2.749430 -0.154750 -0.128060 25.093370 21.814310 10.981440
115 -1.100740 -0.518960 -2.748650 -14.805360 -14.748600 -13.151810
116 -0.768750 0.073450 1.236650 0.683730 36.697340 29.151680
117 2.621450 -0.540500 2.794480 -27.050390 14.007830 -6.597000
118 2.440360 0.759880 -1.377310 -24.144290 26.460060 37.613980
119 0.832890 0.509220 -0.469350 7.367330 -4.662440 15.903210
120 -0.133720 -0.361180 -2.952550 -21.978580 24.918790 13.859580
121 -2.138900 -0.830050 -2.046230 -8.382530 8.244830 -21.549310
122 1.488120 0.934490 -1.760390 -4.751450 -19.416900 33.706770
123 -2.354620 1.044360 1.881330 -21.801640 20.258550 44.225430
124 -2.535970 0.228080 -0.605780 10.062360 19.067750 24.355510
125 2.191160 -1.351350 -1.649780 -14.527160 12.720060 -10.415660
126 -0.530070 -0.260690 -0.536200 1.283820 -19.057120 -8.117670
127 -2.123450 0.482680 -0.987600 -21.829390 10.762180 17.051450
128 1.433670 1.342950 -2.131540 -21.086430 2.390270 39.319260
129 -1.985920 -0.989860 -2.695100 -2.303250 -6.239920 -8.222900
130 -0.545580 0.031150 2.965340 -3.393500 -7.700050 -0.880230
131 0.730410 0.529770 -2.455590 -27.382770 9.783860 28.353660
132 -3.062190 0.737140 2.561810 -31.277480 17.581260 29.789790
133 2.005100 -0.229180 1.069830 7.374500 26.108010 1.249270
134 2.518550 -0.780430 -0.647370 31.614360 9.861930 23.923790
135 0.782120 0.674480 1.575820 -30.765150 5.025650 21.706100
136 0.457240 1.158130 -3.083680 -7.372330 -8.160080 8.369960
137 -1.180140 0.154310 -2.955230 -16.870290 5.081620 30.369710
138 2.772850 0.546720 1.088750 2.380440 29.890800 14.032630
139 2.049970 1.175040 1.496570 -0.374120 34.439610 33.688050
140 2.953830 0.345470 0.062710 -1.981390 -14.436140 16.429520
141 -1.086520 0.111530 -1.230240 -13.866810 -1.100860 29.308980
142 0.056420 -0.124580 1.108390 10.550130 14.527590 18.113310
143 0.168700 0.558500 -1.205900 30.153140 9.707070 29.520600
144 -2.866870 -0.007370 -2.029050 -41.494700 19.517090 20.397700
145 -0.956300 -0.113920 -1.207630 6.245560 -17.134860 23.882450
146 -1.145860 0.404550 -1.044600 -9.518420 7.122170 31.667500
147 -0.021330 0.048030 -0.100270 12.259110 -7.736350 23.002690
148 -2.958270 0.121470 -1.948550 -0.721860 -9.742040 16.743430
149 1.748040 -0.944090 2.782040 -19.101730 37.017830 -0.901590
150 -1.116360 -0.220550 1.162190 0.842430 23.599710 25.525980
151 -1.460150 0.863620 -2.523480 -9.883780 -1.718530 40.788220
152 1.808160 0.119710 0.374270 14.941020 24.850660 4.421680
153 -0.889420 -0.777290 -0.259880 12.135560 1.363640 13.629390
154 -2.710070 0.382720 0.109110 21.639800 23.491470 14.357160
155 1.146310 0.216160 0.958780 14.024000 12.805550 19.609100
156 2.511730 0.587040 2.747750 9.736330 0.058450 30.435250
157 1.073360 -0.801430 -2.955830 -6.369620 19.553780 -4.780390
158 -1.825570 0.991660 -0.735600 21.805680 -0.431640 32.808220
159 -0.153360 0.992780 -1.650650 -19.272610 -27.396270 22.741090
160 -2.948380 -1.322490 -0.391630 -10.975680 5.497400 24.948180
161 2.736690 0.405110 0.924210 3.704430 38.843630 19.098130
162 -1.504200 0.849640 -0.377090 3.774770 21.640140 34.787280
163 0.948420 -0.061710 1.489840 7.327670 29.417210 11.052390
164 -1.183560 0.493970 -1.820650 -4.582580 15.901850 2.195650
165 -1.303800 -1.355920 -3.091950 20.598970 -4.470490 -9.606350
166 0.338840 1.250430 -2.389960 -28.166440 11.062260 33.221810
167 -0.595410 0.225780 -0.451840 6.683070 25.243240 -6.764070
168 0.935480 0.311200 -1.658020 -19.867790 -14.205770 36.384410
169 1.464590 -0.766210 2.456760 -3.702270 6.560490 0.831800
170 3.023330 -0.020720 1.062910 6.809100 36.568310 51.719500
171 -2.717310 -0.160280 1.745740 -24.279240 30.931880 15.570260
172 0.332640 -1.070600 -3.085720 11.933640 -15.611620 8.784160
173 -0.983820 -0.647830 -3.042550 5.920190 17.020480 9.909070
174 3.009520 1.020710 1.222020 11.236850 36.696240 41.233970
175 -0.959790 -0.065470 -2.392780 -25.282750 -10.628530 25.764160
176 2.239620 -0.751990 -0.410350 7.274900 27.405590 3.517820
177 -1.585670 -0.373650 -1.104710 16.238650 -13.235860 -5.373130
178 -2.344860 -0.173560 1.298210 -14.339650 33.736840 9.269740
179 -0.729910 -0.179180 -2.825370 -22.228640 18.142200 23.565380
180 0.180970 -0.769930 -2.660400 9.503340 13.106830 10.534150
181 -0.695850 -0.185030 0.135890 15.422630 0.006170 22.800190
182 -2.028510 1.449100 -2.124650 5.048460 18.171330 28.995560
183 -2.598540 0.181340 -0.169930 -18.053580 -10.666440 28.283380
184 0.160980 -0.090780 1.705810 1.335540 25.789150 20.351440
185 0.810850 0.960670 -1.061210 34.979320 -6.938640 24.665700
186 -1.781410 0.920090 1.159930 16.795450 15.364050 2.041610
187 -2.196750 0.044780 -1.495350 -2.202280 8.692060 29.153870
188 0.870030 -1.371570 -1.186470 -18.724890 7.185370 4.089470
189 -0.016800 -1.088840 0.611680 -1.356850 47.390210 -4.303650
190 -1.803820 -0.650800 -0.669130 13.936670 11.480000 9.384840
191 -0.962760 0.431660 1.567790 -9.670010 14.350770 33.005520
192 -1.546450 0.431320 1.246190 8.897870 1.789770 6.484080
193 3.063440 -0.329140 -0.151150 11.139220 18.784880 3.333360
194 -0.058290 1.097010 -2.295510 8.609940 -24.434060 39.126740
195 2.004370 -0.608680 0.154670 -3.460930 23.413150 -3.940770
196 2.001110 1.144800 -1.695780 -3.323580 -6.921310 23.737260
197 0.170270 1.135480 -1.000140 -15.040010 1.119310 43.338680
198 2.036620 -0.889420 2.220810 -4.301800 19.047160 -5.919910
199 -0.184640 0.598340 2.989580 -32.658090 29.140520 1.173750
200 -1.789850 0.486110 -0.666150 22.835940 -21.709310 5.860010
201 -0.737680 0.322330 -1.165170 3.941380 -4.811150 35.540670
202 0.698840 1.254680 -0.785430 32.669270 10.816820 20.623290
203 -0.901020 0.236310 -0.768640 1.557360 -2.744500 32.245060
204 -1.458710 0.034950 2.894220 3.561610 20.352880 0.996820
205 -0.184890 -0.060230 -0.233740 19.879490 -12.365140 21.144430
206 -2.342320 0.376650 -1.836130 -27.811460 15.201780 47.253360
207 0.647110 0.118940 -1.817560 13.127630 18.083800 11.257350
208 -1.056040 -0.513500 1.857440 -21.216880 30.341580 18.021400
209 0.228840 1.049950 -0.557310 34.133070 17.431210 8.554520
210 3.019960 0.641130 -2.110170 -7.157290 34.062990 25.423220
211 1.001880 -0.958550 -2.025480 -10.231060 -25.201450 -5.096410
212 2.313670 0.165300 -0.769610 6.308840 1.069550 5.877870
213 0.772850 -0.322150 -0.319790 32.647430 28.894700 23.798260
214 0.839110 1.387590 0.741780 -20.533390 44.010530 20.897920
215 0.453330 0.791070 -2.666090 -23.040640 10.563910 46.555310
216 1.828240 -0.684450 2.548010 -5.463390 19.914910 -2.200290
217 -1.077610 0.682760 -0.152120 22.404050 -23.978540 8.134340
218 -1.536750 1.019520 -1.743000 -2.196460 4.740060 43.430270
219 -1.362180 -0.742080 1.528510 20.587650 35.151320 8.424930
220 1.676700 0.194440 1.039990 10.889680 28.987890 9.111500
221 2.331620 -0.714610 -2.918540 -9.424830 4.372700 -4.926140
222 1.561950 -0.157620 -0.759290 -5.284990 5.204940 4.801890
223 0.482970 -0.682800 -1.478640 -19.252230 1.705100 12.384040
224 -1.371350 -0.698680 -2.458110 -21.104780 -11.420380 15.003400
225 -0.779260 -0.372620 2.632090 -28.457340 -9.170240 2.794000
226 -2.640940 -0.811950 1.922550 -21.124180 21.416100 -3.328330
227 1.036770 0.093210 0.537110 -3.547140 37.612390 45.470210
228 2.915430 0.091950 -1.973320 -46.339840 -2.485240 27.389130
229 2.862150 0.388220 1.804580 14.159180 49.041020 24.802930
230 2.258860 -0.940740 2.163310 -2.704340 32.654710 -11.630970
231 -1.679950 -0.840250 -0.791830 7.286230 -0.047460 15.613560
232 -0.611080 -0.003010 0.105380 6.138030 0.569240 26.545720
233 -1.930370 -1.180560 1.208390 -9.317990 9.328220 -23.940310
234 -1.403420 -0.561030 1.313990 4.556150 37.162040 18.247170
235 -2.802240 -0.248220 1.902580 -5.803400 33.889600 44.959210
236 0.722510 -0.889110 1.615160 4.399140 25.909750 -4.580660
237 0.764450 0.565880 -1.219460 29.669050 -3.768400 5.365910
238 1.300030 0.791420 -1.969540 -4.010950 14.412010 54.857930
239 -0.209160 -0.481940 -1.239350 -2.731840 22.604140 -18.770050
240 -1.611590 1.011830 2.307180 -27.137990 50.953960 29.199960
241 2.839700 0.666710 0.956410 20.144490 -1.199550 52.275340
242 -2.606760 0.490390 -2.784050 -31.982260 1.279640 10.134800
243 -1.519270 -0.165420 0.537760 -7.845960 -1.235950 -2.766360
244 1.305520 -0.795750 1.652790 -30.878960 2.296070 6.341350
245 -2.279630 0.165330 -2.464750 -31.731450 -15.612690 12.010690
246 2.559760 -0.092090 -1.379990 17.288730 -3.005740 42.146050
247 0.979340 0.542920 -1.428770 -17.971690 -1.214210 27.354680
248 1.183460 -1.141740 -0.634760 5.481050 28.347560 23.835310
249 -0.387010 0.623100 -1.342260 24.033310 -11.852220 31.927020
250 -0.565620 0.388770 1.122330 -15.854250 45.111480 32.523960
251 1.996830 0.992520 2.013460 -3.811760 31.568360 22.100730
252 -0.973470 -0.131130 -2.845160 -35.540670 0.781720 25.144140
253 -2.736560 -0.419850 1.442880 0.565060 46.432470 36.646290
254 2.496690 1.126500 -2.181630 -1.702070 -9.496420 27.696810
255 0.854390 0.003060 -1.024950 -7.099340 -5.660540 8.625210
256 1.245830 0.231390 0.769750 0.982370 53.291950 6.136470
257 -0.654080 -0.332490 1.069200 1.436750 41.071740 -22.435220
258 0.919700 -0.311690 -1.444850 -15.050790 -13.904570 17.657910
259 -0.254370 0.825530 -1.104190 26.535560 2.727620 37.217210
260 -0.459500 0.968610 2.388230 -20.016100 10.264600 0.940700
261 1.206560 0.312930 -0.273820 18.609640 -6.096900 14.965150
262 2.154550 -1.383680 2.191470 2.298070 2.130920 -0.558380
263 -2.390650 -0.042310 -1.464870 6.887940 -3.564890 14.459630
264 1.083820 0.254060 1.039520 -20.730460 6.968220 27.178640
265 -1.490920 -0.152940 3.131280 -32.156170 1.185140 25.149570
266 -1.751230 0.041530 3.036610 -23.554230 -4.380660 24.102190
267 2.440790 -0.229470 3.052870 -24.873490 -0.556580 3.189480
268 2.242440 -0.492350 -2.878790 -7.331410 3.169170 34.257180
269 0.113710 0.799080 0.480120 -15.185340 28.004520 5.894660
270 -0.288100 -0.633350 -1.150510 -10.534030 27.778770 -13.909350
271 0.604530 -1.038230 1.824230 -14.737030 -10.693670 -16.298890
272 1.266220 0.956470 -2.665460 -9.401530 20.836160 52.978890
273 -2.778210 0.022810 -2.798260 -30.655060 14.252700 50.775430
274 1.778940 -0.145880 -1.470190 -20.816990 -17.072680 22.085840
275 2.644550 -1.456650 2.402090 -12.556890 29.915460 25.662080
276 0.642490 -0.298980 -1.971900 16.002090 1.495690 25.042930
277 1.110030 -1.382350 -2.184730 27.588630 -0.211550 -0.739650
278 0.938320 0.507930 1.379910 8.078930 34.838550 18.947220
279 -1.490980 -0.172710 2.982060 5.025110 27.907700 1.553400
280 -2.543350 0.623490 -0.995400 11.795870 -25.841430 25.519360
281 0.799040 -1.243050 3.107800 -39.077160 -6.957570 1.953590
282 1.869780 -0.493300 2.071450 -9.856020 25.879820 -4.403260
283 0.975400 -0.234750 -0.201230 3.190840 0.606040 4.627120
284 -0.440620 0.925670 -2.645770 -19.812180 -12.483850 -0.489020
285 0.595120 -0.199850 0.661810 19.978150 35.281330 23.511620
286 0.744950 -1.229740 1.746970 3.044620 28.953740 -5.971260
287 -2.609340 0.395900 -2.778310 -6.690320 -1.269550 42.202750
288 -0.730440 -1.334400 -1.783210 -21.604540 41.466040 -5.909220
289 -0.254930 -0.368040 3.119280 -33.636710 -15.776270 -3.481930
290 2.135360 0.290760 2.579520 -20.408910 21.261450 8.220660
291 2.070080 -1.165500 1.138890 0.481300 7.230950 -10.230720
292 2.607690 -0.570950 3.078820 -23.172940 12.585270 -7.990310
293 -0.960410 0.727670 0.902550 35.467490 9.902980 16.273410
294 -0.603930 -0.323860 1.062240 -20.585490 42.742020 -0.095100
295 1.948770 -0.293530 1.287260 -5.487080 20.748850 0.032180
296 2.493570 -0.322190 2.074020 -6.778200 1.429810 17.250190
297 -0.677240 0.234800 0.672580 8.067710 5.952810 29.866330
298 -1.992680 -0.135710 -1.257770 10.010110 3.754290 14.685590
299 -1.561000 0.150240 -1.708700 0.151410 -15.069830 25.645130
300 0.578460 0.366210 -0.795370 26.074040 9.908410 -7.086810
301 -0.892330 -0.177840 2.917380 -16.767360 21.792820 24.214490
302 -1.366710 -0.741180 -0.379930 17.849370 1.331030 7.245010
303 -2.014950 -1.128830 -1.773360 -20.987040 31.999150 17.509490
304 -2.416240 -0.091300 1.803890 -24.709480 30.626480 24.161620
305 -1.645750 1.139640 -0.122820 -7.677120 2.307820 6.733480
306 -2.091880 0.131760 2.134310 14.133820 46.676620 29.245650
307 3.066010 -0.769330 2.053440 -28.168390 17.721170 9.841110
308 2.482420 0.396800 1.799630 -14.522390 43.719370 21.755130
309 1.979520 1.095860 0.873680 -22.847590 -10.867030 36.870090
310 -0.763950 -0.164340 -1.101270 -5.432940 -10.340920 25.461670
311 2.058800 1.096590 -1.824460 -22.294200 3.559910 29.090900
312 -1.280760 0.515430 2.741510 -15.542820 57.373540 17.893340
313 0.675480 0.357360 -2.819880 7.325290 -9.285240 18.053770
314 2.572240 -0.633050 0.844170 32.737800 11.506090 6.522800
315 -2.806270 1.032530 -1.213620 -12.154990 16.620370 11.408410
316 -1.879720 -1.209970 -1.259940 -18.585290 19.351740 21.205430
317 -1.014380 -0.894630 -1.402990 14.268260 16.119090 -20.707010
318 2.810630 0.117950 -2.252050 -16.567170 -12.264440 9.996410
319 0.434760 0.541000 -1.956100 22.379460 2.687750 26.152210
320 0.483030 -0.018600 -0.645120 -4.516100 28.291180 20.153490
321 1.258570 0.799780 2.522050 -8.215670 30.699220 23.065550
322 -0.897480 0.127990 -1.138110 26.393340 -6.184120 0.088190
323 0.248750 1.297880 2.270430 1.415790 17.951510 37.587400
324 2.984700 -0.258500 0.184720 10.458350 14.678160 48.482540
325 -0.256050 -0.354220 0.033450 26.224070 35.164660 7.506440
326 -0.292100 0.724060 0.287600 3.148300 -0.283810 36.839660
327 -1.774230 0.232330 1.933010 -4.112620 53.034720 -2.350920
328 -0.770380 -1.164010 1.528110 -6.488000 -21.992230 10.622850
329 2.360470 -1.174800 0.574650 -13.920780 19.377760 -6.706500
330 2.992380 -0.528320 0.537180 27.978560 10.525530 -6.306910
331 0.221450 -1.416050 0.280230 -43.369050 18.820830 -1.857400
332 -0.602840 0.319550 0.521900 8.780240 17.647900 35.100030
333 -0.795110 0.627260 2.731970 -2.976320 9.735390 7.557170
334 -1.894160 -0.860400 -2.899410 -13.379950 -11.853730 7.295670
335 1.799340 -0.258740 -2.997920 -32.782050 13.117100 46.327610
336 -1.092760 0.025130 2.752310 -28.752530 13.250120 28.184510
337 -1.167250 0.948930 1.696400 10.365220 5.614010 16.259730
338 1.731490 0.306650 0.134220 6.479580 13.670670 7.342960
339 0.715890 0.395480 2.592940 -48.364740 14.074710 0.729420
340 1.427440 0.191930 -0.223690 27.945350 45.042260 18.637440
341 1.556850 -1.015600 0.256230 -7.225590 2.546310 8.606350
342 0.313870 1.114080 1.916110 2.368850 31.082510 29.869260
343 -2.459330 0.492820 0.539380 16.860530 -18.199820 14.153290
344 0.112000 0.125710 1.482980 -31.401780 53.988460 10.150030
345 -1.275550 -0.314380 1.290540 -7.634730 40.054980 19.030600
346 -0.611320 -0.377270 0.399030 -23.765750 16.031470 5.722780
347 -0.224510 0.234160 -0.418320 20.058870 -22.130050 1.306220
348 1.960690 -0.496350 -0.203580 10.482590 -5.669270 0.465520
349 -0.260910 -0.069250 0.766200 -21.769990 16.635520 0.179440
350 -1.948030 -0.886950 -2.403400 -4.730660 6.689170 -21.654570
351 -3.139360 0.994300 -2.516270 4.117940 22.520580 58.662530
352 -1.755840 1.015290 -1.207440 13.190390 -23.957470 30.848420
353 -1.545090 0.159290 -2.786810 -42.235920 -8.589900 10.147400
354 1.941360 1.457860 -0.021510 7.146670 12.916680 24.662640
355 0.623360 -0.923460 -0.317760 -6.134400 3.498740 -15.485860
356 -1.357750 -0.571080 0.136240 19.677220 29.289940 -13.060760
357 1.172320 0.889760 -0.680180 -1.469240 -1.908680 16.903830
358 -1.082060 -0.205960 -1.033560 -28.916750 -11.499910 -3.190770
359 -0.965830 0.947880 1.240940 30.624620 34.491380 15.233700
360 3.014010 -1.086860 -3.117340 -34.178250 38.195450 -9.828770
361 2.833420 0.725520 2.770950 10.551230 11.118230 21.393720
362 1.997650 -0.694130 -0.549120 5.951170 7.573340 -11.254200
363 0.916570 -0.606730 0.472160 -9.474940 53.104820 -3.327310
364 0.983940 -0.730750 2.995800 -7.242720 -16.284550 22.393150
365 2.084190 0.288320 -1.309780 11.531600 -31.361490 26.897410
366 1.870160 -0.075420 3.137450 -45.199170 23.255920 23.089780
367 2.538730 -1.425060 -2.638880 4.482430 8.476390 1.131970
368 0.886450 -0.379640 -2.424820 -23.785190 13.186250 17.198110
369 1.784190 0.359580 -2.980110 7.925830 5.766590 27.367770
370 -0.172050 -0.016740 -1.295400 17.041550 25.258470 7.983410
371 1.299160 0.505290 -2.685330 -7.955830 13.112420 10.322120
372 -2.802770 0.942540 2.172820 -27.993710 23.594600 39.277870
373 -2.356560 0.968020 2.242710 -20.425370 13.925450 15.041320
374 2.035860 0.501340 1.192200 17.565890 33.371120 39.741890
375 -0.753020 0.362990 2.021230 -8.211670 16.815910 32.018930
376 2.658330 -0.911550 -2.109440 -24.229750 17.424860 28.564540
377 0.361760 -0.403450 1.471660 6.963770 39.737700 4.010810
378 0.911660 0.325720 1.303870 -15.193760 30.827220 50.217050
379 1.332190 -0.500870 -2.043050 2.263440 6.889340 -7.611920
380 -2.791880 0.939070 0.312310 -6.571970 20.114730 20.367000
381 2.685930 -0.113940 2.919450 -21.890380 -10.143820 21.165550
382 -2.265350 -0.309850 -0.150610 14.362670 24.706240 17.090760
383 -0.721310 0.429080 2.309590 -11.470520 23.569240 34.966520
384 -0.467940 -0.473950 2.271550 -24.808610 -3.749700 -11.013340
385 2.824500 -0.057860 0.775210 1.350420 27.342690 4.532420
386 -2.471910 -1.446790 1.669510 -19.542620 12.457330 11.830840
387 -1.023040 -0.380890 1.510380 22.913990 20.288780 -14.666380
388 2.123610 0.544230 0.184200 -24.868740 9.404730 40.130580
389 2.635870 -1.012410 -1.237110 -16.225480 -10.653380 -15.365510
390 -2.978930 -0.882470 1.837570 25.400670 30.224710 3.756900
391 2.117940 0.635900 -1.350560 16.635860 25.965870 49.463290
392 -2.532390 -0.119590 -0.112080 -2.750630 -23.190220 12.451190
393 1.753370 0.012910 1.756640 -47.349500 24.284010 33.739450
394 2.695430 1.021360 -0.616750 15.258790 1.204450 33.933160
395 -2.623000 -0.742080 2.752520 2.844190 36.626730 20.249310
396 1.620310 -0.933630 0.958140 17.967950 22.202480 -5.274630
397 -0.949090 0.865530 -2.997390 -5.281540 7.295320 32.352290
398 -2.630270 -0.446950 -1.859300 -3.853730 -17.718400 -1.397780
399 -0.008480 0.922250 -1.954700 -29.262450 -16.225800 11.355720
400 0.809640 -0.154380 2.657610 -21.880740 36.291360 11.089280
401 -0.877990 -0.406300 2.518870 -17.174860 35.751930 18.334170
402 2.015040 0.063480 2.242520 -14.473790 12.265570 6.654800
403 1.395010 0.471110 0.455740 17.084230 1.922610 24.413970
404 2.059070 0.523510 1.177670 -23.399370 6.139800 27.873250
405 1.953870 1.097770 -2.046140 -18.859780 -5.909000 35.890430
406 -1.515130 1.204640 -0.016670 15.461710 -8.213410 6.668860
407 -1.844740 -0.054730 1.642700 -3.144780 53.242420 -2.089860
408 2.529350 1.189300 2.145110 -15.597300 -10.511560 29.833100
409 -0.658810 -0.763350 0.922290 13.611380 -7.696030 6.572420
410 -2.445800 0.515920 0.917830 4.451150 -3.748380 11.203750
411 -3.060340 0.279750 -1.135640 -11.588200 -3.494980 57.606860
412 1.496110 1.410350 0.814150 6.879560 29.789360 28.997170
413 -1.467210 0.769110 -2.572170 -39.052070 -11.063710 10.609310
414 -0.919960 -0.109660 -1.525450 -6.395290 -17.862970 25.331430
415 1.513260 0.707750 -1.868300 -21.115110 -3.711290 20.602390
416 -2.217030 0.821430 2.421850 7.207600 11.993650 48.918130
417 -2.531200 -0.523670 3.080150 -2.161970 7.588320 20.449010
418 -2.001660 0.230740 0.332450 -13.634660 5.828960 19.262920
419 0.364170 0.769550 -2.668390 -28.037940 -0.492890 49.672680
420 -2.813850 -0.345950 -2.082440 -5.515210 -24.815740 15.820110
421 -0.239030 -0.565260 3.125800 -34.034590 13.382810 18.360520
422 1.505510 -0.665610 1.742450 -23.829670 36.296290 36.465130
423 -1.216370 0.921270 0.222390 3.699420 -10.672570 19.640090
424 -0.850080 0.158800 1.080020 8.007800 16.661900 30.079820
425 2.180860 1.268040 2.710440 9.970210 2.631930 13.027240
426 -0.626830 -1.236430 0.446400 7.532800 -1.652730 8.404890
427 -2.597520 0.198280 0.923880 36.939460 5.399260 14.935080
428 -3.068480 1.343090 0.984510 -19.079650 19.798580 28.864620
429 1.457680 -0.295250 -1.972460 -8.343700 10.084790 3.952860
430 -1.069610 0.112530 1.196520 -7.748540 9.008110 -8.049840
431 2.346000 0.617930 0.793270 15.198630 30.556440 54.680480
432 0.349040 -0.620420 2.760890 -3.555110 0.923170 -21.201520
433 -2.593000 0.982160 0.521960 -15.910090 -1.022900 18.577850
434 1.417250 0.944070 -1.322360 -9.221950 -14.923380 41.256840
435 2.187540 0.413900 3.064600 -39.295470 27.162380 39.391130
436 2.980520 0.084150 2.454300 -38.956610 27.970360 14.374500
437 0.092720 0.339170 -3.118850 -2.143050 -9.124250 7.060010
438 1.128670 -0.073830 -2.112590 17.904790 -25.854740 9.281780
439 -2.562730 -0.129330 -2.222980 -41.438690 6.396630 -5.741950
440 -2.794720 -0.956670 -0.990790 -35.957980 -2.939350 0.536090
441 -2.891560 -0.083680 -0.815080 7.444200 -8.363350 49.458890
442 0.549710 0.866310 -2.678840 -20.837970 -32.639920 22.650280
443 -2.879380 -0.431790 2.169950 -18.517210 7.149850 18.403080
444 0.921940 0.145820 2.774490 -29.195910 -23.617630 12.981210
445 -2.357380 0.421190 -2.823600 -47.001830 4.161040 20.263530
446 -0.191810 0.278020 -2.500090 -17.183560 16.866280 25.968660
447 2.130040 1.350350 -0.143720 -29.724410 37.862670 31.324750
448 0.153130 -0.185500 0.291010 -20.642660 21.062640 19.530260
449 -0.909640 0.658290 2.070290 -6.024530 23.094800 -5.568000
450 0.952330 0.040710 -0.669160 -1.591110 -9.024850 21.041430
451 -1.259160 0.101790 -2.669610 -45.846370 8.335370 -14.009770
452 2.941340 0.568790 -2.559240 -1.374180 3.073170 57.184370
453 0.745800 0.166340 0.394390 -22.852410 29.628360 17.912270
454 -1.299220 -0.670690 1.839030 -22.947940 16.387740 -20.141000
455 0.971180 0.681490 -0.707670 33.408100 21.509950 43.387000
456 2.652510 -0.331980 -2.800130 -17.714920 10.817900 -3.345640
457 -2.940120 -0.183020 2.815040 -38.667930 25.954270 47.438100
458 -1.853180 -0.142390 0.682930 20.069760 -14.212530 -2.068550
459 2.242410 0.916490 1.462280 -2.699770 -15.017420 30.172980
460 -1.251780 1.038400 -2.956360 -4.644360 -4.596710 33.246510
461 -3.043500 1.317090 1.778840 20.429270 14.019960 12.489800
462 -1.167370 -0.448520 0.725810 -7.838090 35.958680 -12.914300
463 -2.690540 0.685620 1.713560 -23.046950 28.092310 26.433160
464 -2.566190 0.238910 1.390790 17.043960 5.753390 47.362790
465 2.097860 -0.404050 -0.725620 26.183750 26.452920 28.798610
466 -2.695690 1.226550 -2.130560 0.205000 19.079980 12.963020
467 -1.923120 -0.833100 1.541770 10.281970 -9.332560 -8.260090
468 1.040100 0.356120 -0.469210 -1.371330 36.533100 19.635810
469 -2.900460 0.690110 2.659240 -29.307610 8.625700 34.307080
470 2.627930 -0.093890 3.106120 -31.858560 23.387790 2.727170
471 -2.898620 0.593910 -3.041510 -11.283000 44.543530 16.596430
472 1.770890 -0.233440 -1.494210 -1.574340 0.285530 47.620800
473 -0.590220 -0.434180 -1.464390 20.589100 -5.924920 -11.182550
474 0.049090 -0.350520 0.900430 -4.520930 12.261510 -21.711890
475 0.234520 -0.874920 -1.677590 -6.162490 21.269760 -23.025140
476 2.371640 -0.558190 -1.247720 -8.188470 -30.992970 10.038840
477 0.882750 0.368810 -0.746630 -6.590430 27.137680 23.480220
478 -0.266280 1.269750 -1.513270 -15.372420 -30.066170 36.115010
479 2.475220 1.162320 1.089090 -35.469730 4.221060 54.679840
480 -2.800470 0.931430 -1.133700 9.967100 5.609220 21.886040
481 1.105840 -0.316710 -2.495570 3.844190 10.733420 25.217590
482 -1.136210 -0.138270 0.993650 0.755110 34.715740 24.496320
483 -2.335470 0.256750 2.149860 -2.418160 49.225080 -0.358640
484 0.631230 0.645510 -1.268980 -12.846990 -13.239170 30.620250
485 2.355250 -0.535220 2.482450 3.780570 11.053740 25.860000
486 1.236850 0.256530 -1.659590 17.950530 19.952440 16.410230
487 1.203300 1.038250 2.396500 -45.681610 8.638480 22.231620
488 3.104920 1.036990 -1.467610 4.083210 2.486680 19.974560
489 -1.146300 -1.185380 0.559490 -12.554440 -1.258980 21.339440
490 -1.137690 -0.942950 -2.377560 -31.904330 32.471890 -13.001970
491 0.313950 -0.710590 -0.861820 11.841700 29.491300 -22.279720
492 1.066980 -0.731080 -0.695240 5.895580 -15.331280 7.718230
493 2.241640 0.138660 -0.589370 -14.863830 18.458900 26.905830
494 -1.526110 -0.215780 2.331450 4.704480 55.134340 13.624820
495 -1.199970 1.062480 -2.542110 -7.444900 4.986050 43.482890
496 0.536630 -0.434050 -0.894610 15.339360 18.295180 -21.483390
497 -0.879250 -0.771870 -0.004170 -12.963580 -9.197030 -23.930790
498 -2.983430 -0.618500 2.382020 -18.107020 47.135860 36.169890
499 -1.974350 0.758170 -1.749920 2.656480 10.585760 22.610060
500 -3.126560 -0.278390 -2.498390 -41.999490 -15.888360 17.007760
501 -3.121850 0.428370 -1.523650 9.215980 -15.601690 27.912740
502 2.738600 -0.231640 -2.440070 -24.122260 -5.916200 -0.966700
503 2.165680 -0.419840 2.883860 -32.237710 -19.419170 28.948280
504 -0.790060 0.729850 2.895800 -9.897030 38.238570 28.566430
505 -1.841600 -0.092710 0.431060 6.288410 -14.258250 0.030200
506 -3.138580 0.266620 -3.036630 3.133620 19.115500 19.911470
507 0.807830 0.049590 1.680810 -2.262920 16.959790 1.777300
508 3.134900 0.023080 2.762340 -7.019730 53.875020 23.295370
509 -1.952530 0.608430 -1.697000 -6.378360 21.957490 15.882190
510 -0.200080 -0.750060 -0.945050 -0.516200 -19.669830 5.089410
511 -2.720370 0.581220 1.791120 -22.041390 16.820390 35.625080
512 -2.020120 0.192560 2.457420 10.373130 25.112790 5.941530
513 -2.324650 0.596590 2.591470 7.813790 36.001030 42.835580
514 -1.985630 -0.587300 0.602840 26.020740 -11.709300 21.716510
515 -0.466930 -0.397780 2.335610 -26.496500 37.925470 14.552340
516 2.494680 -0.743660 -1.336180 18.104500 -23.780170 29.193390
517 -2.781760 -0.193660 0.463140 22.827440 20.317930 44.558000
518 -2.571540 -0.155560 3.123360 -38.787450 32.557830 41.770510
519 1.995380 -0.912280 -2.667280 -32.268900 -29.267980 4.073910
520 -3.007410 0.330960 -0.407850 0.545840 8.870580 56.305830
521 0.543740 -0.005940 1.015010 -14.380470 50.072590 33.914940
522 -1.021560 -0.445480 -1.095560 -30.267050 -16.647020 6.428510
523 -0.006910 -0.074620 1.250390 13.743560 15.703080 12.204410
524 0.388280 1.219600 1.689200 -37.115150 23.123890 10.920630
525 1.683880 -0.362190 -2.593940 -19.176260 1.300320 -6.148460
526 2.162200 -0.646280 -1.937760 4.591240 -32.505320 31.394990
527 -0.966630 -1.223950 -0.693740 12.311760 26.659000 -15.049150
528 2.925810 -0.859210 -0.449320 33.980540 -1.700390 21.868460
529 -2.730020 -0.560040 -0.075690 2.697860 -23.166180 -3.227930
530 -2.309320 -0.058430 -1.199350 -32.122540 7.541640 21.905120
531 2.390730 -1.278100 3.101320 -33.536560 8.385330 28.713180
532 -0.265890 -0.152850 -2.663690 9.503890 -2.676760 1.185490
533 0.121330 0.900990 2.986800 -41.199010 6.952790 1.584070
534 1.002470 1.063000 2.946070 -29.642820 17.946680 21.015680
535 -0.913460 0.390900 1.870030 -10.291960 25.428060 36.166730
536 0.238580 0.719700 1.832800 -32.298940 21.254870 48.794120
537 -2.662120 -0.012940 2.923130 -35.044480 10.508120 6.945100
538 0.088440 -0.442740 1.567070 -9.978520 19.469010 -26.485210
539 -2.145920 -0.419760 1.292020 33.498760 21.340140 20.586460
540 -0.110250 -0.582090 2.751860 -3.418750 18.195090 17.254610
541 -2.907100 0.155840 -1.363480 -27.037850 -6.899460 53.819180
542 -0.653660 0.630670 2.446270 -52.438740 22.076410 26.101720
543 0.221310 0.325000 -1.734270 7.632120 -26.809170 38.457100
544 2.285040 -0.861830 1.316610 -3.504050 17.310860 35.292340
545 -2.346870 0.041770 0.985330 0.120590 40.831900 14.174990
546 -1.417010 -1.065110 -0.405130 -9.122260 17.704350 -26.565140
547 -1.521080 -0.314980 -2.190890 -33.794150 25.951200 -10.827700
548 -1.791400 -1.123010 0.774370 -10.933690 -14.417420 -8.769940
549 -1.013210 0.721050 -0.905620 -17.500160 -21.668460 11.039290
550 0.655640 1.416910 0.997940 0.162810 50.833230 29.070210
551 -1.349190 0.609650 2.261710 -8.493040 9.015060 37.262600
552 0.846000 -0.673680 -3.133340 -6.369750 24.684540 4.451890
553 -2.369980 -0.613930 2.520940 -29.256550 9.730370 16.408280
554 1.011980 -0.145430 2.752610 -11.241880 29.174730 7.071350
555 0.579860 0.817400 -2.583920 -13.942610 5.399220 4.294250
556 -1.030590 0.796790 1.688110 -4.114080 5.865950 35.794460
557 0.172130 0.611870 -0.727540 18.575210 20.427600 -2.374340
558 1.302160 0.049560 -0.850430 11.155150 -19.823580 17.074910
559 -1.337620 -0.537960 -0.734410 -20.284570 21.938860 -2.588540
560 -0.018740 -0.320720 -0.103380 -8.648900 21.378560 -21.207570
561 -0.158970 0.427470 1.421510 -12.116690 5.749630 5.995790
562 0.414860 0.244080 1.412860 -21.592510 10.080120 4.825540
563 1.349260 -0.280990 2.611630 -32.916400 -12.194420 2.364790
564 1.392060 -0.606740 -2.541980 6.944860 -3.231200 -8.986890
565 0.519420 0.245020 1.585610 -1.663810 50.309430 25.835810
566 1.298820 0.986860 2.038190 0.769480 -15.235380 27.624890
567 -1.683640 -0.779630 2.710510 9.113070 3.200500 12.109960
568 1.315570 -1.074180 -0.652030 25.711500 38.485900 -4.548770
569 -0.848080 -1.054510 -2.846490 -5.660740 16.028780 20.596540
570 0.123110 -1.184180 -1.770230 -3.984160 -18.714350 5.913570
571 -3.034430 0.215460 -1.089830 -24.894410 12.133670 20.399970
572 -1.331860 -1.066230 2.566960 10.672630 46.671040 -2.144750
573 -0.828330 -1.310360 -2.683360 18.824760 28.200200 9.333340
574 2.797450 0.189870 0.096090 8.818090 31.253640 52.611620
575 -1.066240 0.010160 2.896920 -8.254160 46.731090 -3.273980
576 -2.115870 -1.314980 2.968810 -20.692700 7.543680 -12.761440
577 0.577150 -1.468790 1.337700 4.712340 10.337020 -12.597000
578 -2.299100 0.373820 -1.802720 -8.869130 9.430620 42.505140
579 0.785950 -1.079430 1.672590 -39.837460 36.762490 -0.446010
580 -2.768160 0.709070 -1.351330 -20.355550 22.663590 51.393560
581 0.552680 0.764490 1.044090 -13.359480 23.487630 52.348430
582 0.607870 -1.348400 1.611070 -27.353860 31.417660 -17.037150
583 -2.115670 0.443630 0.747930 4.414150 -13.279580 26.998460
584 0.157080 -0.762250 3.032640 3.193800 -2.173940 15.747920
585 -2.643330 -0.283690 3.053600 -16.635070 36.785120 -10.829380
586 1.852020 0.752700 -1.262390 27.811110 25.227810 32.397620
587 -2.674440 0.124450 -3.035760 -19.316910 26.874620 51.067290
588 -2.038210 0.109280 0.318790 11.354090 33.236260 23.245080
589 -0.698860 0.209190 2.341390 -33.108190 29.407230 31.238760
590 -1.351300 0.070470 -0.150820 2.892940 11.217330 29.182190
591 -2.259610 -0.548960 -3.069530 2.050860 25.324290 16.854140
592 -2.790580 -0.093290 -1.707880 -17.457200 -10.296910 48.069600
593 1.637580 0.271920 -1.880720 -15.996270 -1.599290 8.188890
594 0.439570 0.236540 2.375970 -19.397620 28.575100 -10.778190
595 1.900440 -0.231130 2.021090 -47.233730 12.312640 34.650570
596 -0.807150 -0.431760 1.257780 2.468000 -5.416080 -14.762270
597 2.939630 -0.987470 -0.950010 18.935690 13.521870 -2.037100
598 -0.232090 -0.711940 -3.140770 -6.685800 -21.974550 -14.523280
599 1.482770 -0.184310 2.685160 -20.877460 -18.908280 10.044690
600 0.943100 -0.955230 -2.447510 13.518490 -19.501070 -15.333290
601 1.118430 0.143880 0.969770 -12.634300 57.544350 8.387210
602 -1.202790 1.312680 -0.582110 22.777610 12.881820 42.903240
603 1.016040 -0.019670 -1.850710 8.878140 19.919910 21.463920
604 0.543240 -0.487960 2.249610 -13.659570 40.428710 15.416160
605 -1.947810 -0.307930 0.995970 34.312760 4.492170 22.228840
606 -2.418640 0.137230 -2.040690 -9.203220 25.756800 4.265750
607 -1.479810 0.158360 0.105830 38.679090 -9.110930 0.626260
608 -0.970830 0.535970 1.510150 26.320700 29.497660 10.936250
609 -2.957900 0.837760 1.101400 22.781350 23.315970 51.908800
610 1.070820 0.432610 -2.490180 -15.932840 -23.751570 2.690670
611 2.945860 0.322080 -1.175750 12.748160 -3.349080 15.690570
612 -0.259070 -0.488200 2.595800 -46.089740 6.760700 3.417200
613 2.651900 -0.589510 -0.869970 29.654820 9.235460 22.060850
614 -2.133470 -0.491850 -0.969460 5.913070 15.202270 15.417250
615 -2.007720 0.570410 2.531040 9.259810 35.482170 5.196310
616 -0.649870 -0.023900 -2.839840 -32.790440 15.947680 24.817240
617 2.260010 -0.912950 -2.444760 -49.114910 -11.489630 15.863450
618 1.069910 1.361010 -1.790860 -19.343530 4.514780 29.173160
619 -0.764450 0.820730 -2.986710 -16.140410 -0.159870 -2.552990
620 0.032640 0.219090 -0.065860 20.348560 5.967350 -13.555250
621 2.933350 0.023680 1.882740 -24.078070 35.146240 9.197530
622 -1.988110 0.858580 -1.052000 -12.317780 12.380950 10.923480
623 0.604470 0.817690 -2.553080 12.745190 -18.467170 19.578590
624 0.493040 0.199560 2.824850 -20.309840 33.654220 21.774890
625 3.121890 -0.729970 0.303360 22.666050 30.704200 -6.366200
626 -0.512640 -0.969640 -2.027260 19.638990 -5.272850 -11.790500
627 1.574840 0.604940 -0.529290 2.525770 26.669690 57.993310
628 -0.325410 1.162840 -1.272770 4.192100 -30.401970 15.638780
629 -2.533370 -1.502690 1.855240 -23.411940 21.691430 1.444110
630 -2.806850 0.012400 -1.769350 -49.495080 -9.236330 32.815000
631 2.995920 0.861150 -0.758650 -31.115230 -9.582800 30.879520
632 -0.714670 -0.674270 -2.345090 -34.777370 5.365620 -24.946930
633 -0.777910 -0.200800 2.439630 -25.074540 46.581010 -14.952490
634 2.716540 -1.229990 2.036830 -2.478280 3.090110 -7.078890
635 0.850870 -0.086490 -2.454900 -1.289310 -11.068250 -10.986850
636 -1.889560 1.396070 -0.983450 -6.829680 26.795470 39.896400
637 0.823900 0.222890 -0.588270 -1.757540 -2.227090 9.668030
638 -2.448130 0.339180 2.807070 0.274060 51.381850 33.911850
639 -2.881310 -0.182830 -1.391710 -11.143750 -38.474010 12.264250
640 -0.738870 0.063390 -0.364620 10.392920 -4.154490 29.177250
641 -0.980440 -0.375350 -1.628170 -7.368310 -10.781050 -26.928960
642 -0.231900 -0.878280 2.597860 13.055030 12.372560 -18.994360
643 -2.333610 -1.153610 1.683410 25.959000 24.884370 -21.700030
644 0.237750 -0.065420 -2.631310 -22.004930 20.744960 15.518750
645 0.977150 0.821000 0.157970 -10.221070 28.487410 6.428360
646 -0.359920 1.356510 1.858140 -16.227830 43.543020 13.246970
647 1.375010 0.202360 2.882330 -2.330250 -2.769420 42.435840
648 2.631360 -0.168460 2.740660 -21.262660 45.246120 10.539010
649 0.194810 -0.234920 2.055870 -14.130540 -7.784850 -5.586790
650 -1.786580 -0.094710 -1.043440 17.735340 -8.382290 -7.356390
651 2.941880 -0.181250 0.005900 -2.066750 27.473320 26.186270
652 2.604470 -0.024920 0.957400 32.564470 19.903830 22.338870
653 -0.093390 -1.230920 2.168910 14.908540 -15.053730 -5.953210
654 2.225520 -0.950170 -2.929760 -7.516700 15.551760 25.364540
655 1.906760 0.238300 0.972980 -1.658990 -0.631190 50.571910
656 -1.264000 -1.229820 2.323170 7.713600 0.145900 20.291520
657 -2.318610 -1.044220 1.677580 11.158400 1.799210 -18.763890
658 -1.325350 0.473820 -2.183840 -9.873400 -29.172860 5.961890
659 -0.799770 -0.673480 -2.806840 -1.909340 34.625780 -22.950370
660 -0.213780 1.015010 2.718080 -12.429540 21.163190 46.366750
661 -1.358690 0.789470 1.757510 -0.907460 23.584110 -3.045140
662 1.848480 0.947180 -0.045670 16.681190 27.192140 18.289880
663 -0.891920 1.355320 -0.833190 21.260000 -21.385430 47.167990
664 -0.742070 -0.048620 -0.594930 -5.074310 -2.042040 26.993390
665 -2.800620 -0.268480 1.341530 27.120980 27.497090 -4.894140
666 1.627110 -0.065790 0.353270 -17.508300 15.072520 36.412370
667 -1.884680 0.300070 -0.168430 7.875280 -34.919030 30.087800
668 -0.786720 -0.458050 1.499760 -9.016020 44.704860 12.725860
669 1.310720 -0.810580 2.093140 1.798770 17.486080 6.050840
670 -1.865040 -0.719800 -1.784910 -23.420350 22.506050 -18.840400
671 -2.523930 -0.289260 -0.716780 -7.941710 -31.349090 37.228950
672 2.375530 0.953830 0.750200 -20.490570 37.598590 41.029960
673 -0.366940 -0.645100 0.792080 0.993760 49.498310 3.969250
674 -2.979660 0.536000 1.360030 -5.897600 -0.388820 54.877790
675 -2.076630 -0.198310 -1.499200 -1.586580 -10.739260 28.561650
676 2.569770 0.393570 -1.709910 -3.294290 -4.865000 12.025790
677 1.399980 0.145460 0.717930 -22.163790 21.394300 14.616280
678 -1.379280 -1.307900 1.834610 11.669210 0.554600 -29.338470
679 -0.914240 0.525020 -3.112900 -9.893040 12.901120 -7.044970
680 -3.115420 -0.230380 -2.542150 -38.783280 30.970610 10.673340
681 2.511460 -0.408880 0.984400 11.483250 -4.264640 34.334450
682 1.205990 -1.446530 -2.208840 -25.680020 -4.766040 -11.814380
683 2.158590 -0.805190 -1.095640 25.212150 -1.667010 29.920190
684 1.254540 1.052160 0.564230 1.526630 50.799450 21.753110
685 -2.252140 -0.068150 2.070570 -31.459690 35.026120 29.969400
686 -0.066860 0.272820 0.871500 17.011860 29.903060 -11.532350
687 2.278440 0.840000 1.132380 9.813160 34.592210 50.781250
688 1.867480 1.174860 0.583450 -35.450700 33.206520 40.551460
689 2.419170 -1.190910 3.043030 -5.239770 -1.198160 -7.086090
690 0.599360 0.254070 -1.304200 -16.953260 -3.546740 28.400310
691 -0.104360 -1.146180 0.278680 -18.958290 -5.137490 -17.145580
692 1.417910 -0.358090 -0.055780 2.516760 16.112660 44.168360
693 0.059620 -0.032650 -2.752810 6.403400 3.117190 -3.813990
694 -3.013610 -0.797130 -2.754800 -5.501820 9.823350 22.928050
695 1.321100 -0.187480 -0.343640 36.923220 33.873490 26.587610
696 -1.314060 0.023650 -0.186360 10.787590 1.458280 30.773160
697 -0.288450 -0.282850 -2.222770 -10.644820 18.477760 -17.471560
698 0.028690 -0.791760 -0.053310 -21.784730 15.387530 -19.531270
699 2.533510 -0.281880 1.534600 10.432830 36.854170 -0.954600
700 -0.038040 -0.980850 2.915680 16.173930 -3.908280 -12.919000
701 -0.235380 -1.056100 1.739240 -40.938070 9.174290 -9.051620
702 -0.441080 0.470480 -0.119780 25.873490 41.197120 8.488970
703 -1.535680 -0.111600 -2.903190 -18.213230 -10.141590 22.960220
704 1.631250 0.912930 2.167630 -43.390660 2.358150 32.078070
705 2.637630 -1.205780 2.244440 -6.696960 57.107120 1.844240
706 -1.070710 -0.300400 -1.715020 -27.719870 -25.294230 -4.350360
707 1.199290 -1.062290 0.750340 -14.979120 49.694580 -15.822350
708 0.761910 -0.084650 0.325390 -21.246130 22.268370 18.482920
709 -2.584450 0.502290 0.784220 38.837660 8.926330 23.999570
710 2.676470 0.381890 1.143290 27.851970 24.392720 34.159920
711 1.861110 0.383100 0.696200 -22.237200 43.244440 28.711860
712 -0.390550 0.316970 0.294670 21.987860 16.893500 -15.625250
713 0.667200 0.618270 0.919260 -10.393060 46.607620 2.457410
714 -1.748250 0.442230 2.756990 -46.005040 24.646250 6.919910
715 -1.705350 -0.891740 1.429300 -14.165610 30.997050 12.661850
716 2.512760 0.495110 2.522830 -7.373320 -15.784060 49.783450
717 -0.117810 -0.085720 -0.479780 33.651990 4.072360 17.332950
718 -1.272640 -1.385510 0.244490 -7.383510 0.840580 22.699580
719 1.100900 -1.393530 -2.158870 -20.919740 13.515820 0.446390
720 2.180410 1.327270 0.235280 -16.407870 -14.295670 25.355130
721 3.070870 0.248450 -1.111530 -14.526990 11.911110 52.177350
722 -2.388990 -0.138220 0.456980 24.046310 0.007650 -8.338390
723 1.234070 -0.584680 -2.205650 17.774790 -12.162920 -3.948060
724 3.027750 -1.021100 -2.614110 -31.943810 12.908570 32.003530
725 -2.727420 1.017780 3.109570 13.241070 39.863300 39.051130
726 0.815610 -0.272230 1.187740 -26.934010 36.331480 -14.027030
727 -1.809200 0.062270 2.229170 10.281250 9.864490 3.419430
728 2.832670 0.604610 -2.201590 1.825550 -17.733390 52.798040
729 1.333190 -0.716240 -2.581850 4.300110 -34.584220 5.437720
730 -1.936010 -0.517040 -0.216170 -24.627370 -5.859400 14.124310
731 -0.636290 -0.095710 -1.289210 12.925710 22.610330 -3.014800
732 -2.604210 -0.878090 2.641480 -32.878070 44.599570 23.834300
733 -0.084710 0.558870 1.847190 -29.402310 -1.062650 22.930920
734 -1.593560 -0.726540 1.978020 -27.619990 25.186850 -6.704500
735 2.626740 -0.931310 -2.955610 -9.523730 -15.068480 6.288310
736 -0.594320 -0.786930 2.388630 -12.477900 39.299920 6.035100
737 2.586110 0.577360 0.154790 -26.878190 9.517470 46.405960
738 -0.666830 -0.854890 -1.326030 -0.491220 -14.480950 12.691520
739 -2.184150 -0.679470 0.679180 29.073390 4.717740 25.581690
740 0.771880 -0.837870 3.026760 4.288200 13.085050 5.944850
741 0.901930 -0.408160 1.438670 -39.734670 31.990220 -8.880290
742 -2.234170 -0.961800 2.347190 -15.490310 52.056080 15.331430
743 -0.847270 1.061560 -0.696650 -11.517710 11.844920 41.773340
744 -0.518050 0.135440 0.858130 24.254890 35.330990 -17.270860
745 -1.426510 0.474660 -2.546860 -58.384450 3.992950 25.175160
746 2.934670 0.179590 -2.111880 -42.596990 -3.675420 16.434390
747 2.373900 1.368910 -2.683540 -19.862910 -0.866950 42.701370
748 -1.525990 -0.440900 -1.494340 -43.953410 -0.962000 12.833490
749 0.809610 0.610280 -1.754420 -4.038530 -7.223630 52.921130
750 -1.240780 1.273440 -1.371900 -36.304720 -17.179880 35.577220
751 -0.107030 0.970990 -1.679800 26.080370 -1.190680 22.608800
752 0.650170 -0.045030 -0.483410 35.816670 -4.554980 24.605440
753 0.589530 -0.553330 1.523990 -14.812900 -8.714190 12.021370
754 2.827760 -0.301690 -2.766370 -18.963820 -23.566240 37.594710
755 -1.865940 1.021980 -2.144340 -1.930740 20.705930 32.926220
756 -1.041220 -0.485140 -1.774540 -16.588800 9.970090 22.103470
757 -0.512270 -0.423850 0.270470 16.727720 -3.487710 15.191650
758 1.107340 0.655390 -2.767010 -6.858920 -30.906250 15.879790
759 -1.152880 0.017510 -2.935070 -28.113900 8.032580 29.362180
760 0.713370 -1.253020 1.105580 -41.347000 12.304550 -9.222580
761 3.116460 -0.078440 0.051880 0.816040 15.822080 49.486500
762 2.690090 0.194450 -0.867270 10.908340 1.603260 7.142030
763 -2.137150 -0.033960 -1.251760 11.470650 -8.091190 20.459420
764 -0.768540 -0.053190 -2.906650 -2.221890 -2.934050 -10.299270
765 -2.776600 0.233080 -1.403360 11.983090 -13.385560 28.847860
766 0.446100 0.008610 1.616680 4.954700 33.425430 15.525050
767 -0.015110 0.377690 1.190950 2.491770 25.393520 37.485410
768 1.197360 0.783550 0.372340 -1.871190 34.073020 58.354670
769 1.094590 -0.419600 0.144050 17.879710 2.420860 -3.262840
770 -2.125100 -0.356000 2.485150 -16.176970 6.918590 -0.626890
771 -3.128510 0.028440 1.529560 -7.558350 53.731200 19.127550
772 2.977450 0.766010 1.497920 21.217950 16.093720 53.940960
773 2.528520 0.112920 -1.932930 8.103980 -11.750170 46.501880
774 0.166220 0.486650 1.402040 -34.047290 16.704530 12.923770
775 -1.363330 0.289260 2.713250 -21.115960 8.021780 33.468870
776 -0.651200 -0.323880 -2.638010 -20.702700 20.258250 -24.217780
777 0.260120 -1.381220 0.436050 -40.654460 5.241110 0.863590
778 1.410980 -0.444080 -1.836090 27.165640 -17.709070 10.698550
779 0.775890 0.280800 3.025850 -15.716640 23.398520 3.475690
780 1.672770 -0.563970 -2.138510 -37.208660 -9.467220 9.335870
781 -0.198060 0.703980 -1.318960 4.844220 -40.446420 15.925910
782 0.550710 0.472560 -1.286160 26.165770 4.290660 -4.418320
783 1.134220 -0.163140 0.014590 2.534870 9.830980 -4.687720
784 0.532160 -0.182000 2.849230 -28.719570 -0.106510 -19.109840
785 -0.911250 0.110300 -0.592660 5.119920 -25.451360 -9.823230
786 -1.007070 0.878820 -1.529360 -39.253470 -8.184120 25.271870
787 -2.484490 0.034580 -0.220200 -19.330700 -6.404210 15.194440
788 0.729390 -0.879170 2.228990 -39.484550 31.645610 -5.990900
789 0.674340 -0.049770 -1.478660 -2.047160 -28.640300 2.577030
790 -1.133160 -0.019760 -0.001360 24.451850 33.397540 10.775180
791 -1.651980 -0.051310 1.796760 18.359050 36.902980 27.239430
792 -0.144080 0.658580 0.577370 0.185320 50.358430 4.552110
793 0.369370 -0.441470 -1.337180 13.233690 -30.211550 17.191910
794 -2.483930 0.222210 0.294950 29.626570 31.268890 26.502570
795 -0.252860 0.390590 0.611490 11.903130 4.074840 30.595430
796 -1.525790 -0.521740 -1.478930 -33.227070 18.717170 -6.695130
797 -0.029630 -0.414320 -0.937990 33.110000 16.257060 -0.270230
798 -3.127950 1.020970 2.585090 24.194720 13.731490 33.013640
799 2.263630 0.391530 -2.612940 -41.215260 14.022260 30.636970
800 -1.962930 -1.530680 1.940370 -18.844310 20.033090 -12.232710
801 -0.430030 0.638260 0.787260 -12.035670 48.441780 13.767340
802 2.796060 0.222090 0.420150 -17.441390 10.458000 24.640840
803 0.677480 -0.347420 -2.413160 -10.541040 -36.404450 -5.000090
804 -3.061250 -0.617470 1.320130 10.027790 4.467270 33.270570
805 -0.083470 0.952430 -0.084790 -0.134670 28.552860 49.172390
806 2.803650 -0.475480 -1.407820 -7.595560 9.542880 39.921330
807 -0.267840 0.004900 0.535750 3.307200 15.502940 -23.008350
808 1.048610 -0.053190 -0.442820 15.570990 -5.960920 1.745070
809 -0.584370 0.344500 2.662610 -21.027190 -10.039980 -0.166780
810 2.671030 -1.223980 1.758900 -21.670280 15.762110 -17.344030
811 -1.062110 0.131240 1.388970 23.136100 13.790970 -5.183180
812 -2.210270 -1.041160 -1.337110 -10.336900 -34.460370 10.173670
813 0.602160 1.025630 1.109060 -10.801970 6.553760 53.461530
814 -2.048340 0.284260 -0.115200 -16.696020 4.891810 10.932350
815 1.962440 1.193430 -0.712930 2.408250 50.023920 40.886720
816 2.979860 0.618450 1.997000 -12.052930 30.307090 63.103520
817 1.222850 0.019030 2.013630 -48.548110 8.556100 17.629930
818 -0.995590 -0.827080 -1.545010 -39.729770 15.161430 -4.193010
819 -2.245940 0.481690 2.131150 20.252810 18.265340 18.329800
820 -0.513990 0.366930 -2.936340 -20.233760 23.562760 -11.263160
821 2.743150 0.026240 3.113160 -19.536360 -8.809630 49.814000
822 2.135930 0.221460 1.509900 9.546860 34.822710 48.331290
823 0.984040 -0.325590 0.110350 25.557060 22.684760 33.915210
824 2.633400 0.259390 -0.170500 -2.181110 30.591380 49.137560
825 -0.967120 -0.390080 1.514930 23.640050 10.423940 -8.189280
826 -1.285140 -0.871730 1.336550 -23.515190 -6.218440 0.457720
827 1.595130 0.579800 2.900180 -14.196520 30.304900 50.726810
828 2.235260 0.428720 -3.004920 -22.742170 15.093820 61.031590
829 2.725520 1.238220 -2.968480 8.046500 -14.310770 29.412840
830 -1.072630 0.748340 2.472850 -12.602800 59.060870 14.061390
831 -0.343170 0.596640 -0.981740 -12.006950 -4.585940 38.072620
832 2.909090 0.911170 -2.793720 -14.269410 -8.469340 32.112210
833 -2.868300 0.053960 -1.456310 -11.402450 -28.082900 5.034220
834 2.263350 0.242880 -1.923580 -1.851230 27.251040 35.043460
835 -0.800350 0.506070 0.071420 14.381160 28.903950 -5.503400
836 -0.336190 -1.163970 0.486280 -26.054360 -12.309440 1.048840
837 3.060290 0.706330 -2.446930 -5.328320 -10.751680 23.254050
838 0.255270 -0.410080 2.278660 -6.034050 23.405670 -23.466830
839 2.299530 -0.982010 1.275680 -9.949460 22.164140 33.535640
840 -1.061430 0.115300 0.293610 3.239980 -12.596280 4.799190
841 -0.192430 -0.016140 -2.744050 -23.612720 16.181650 24.094650
842 -2.769120 -0.649120 2.654510 -23.652960 12.873410 -10.281580
843 1.356420 0.433320 2.115430 -1.983350 37.261140 20.583370
844 -1.111690 0.951750 -2.453080 -45.265880 23.213620 29.436680
845 2.024450 0.600480 -0.730800 16.203850 7.098630 13.795930
846 2.862100 -1.219260 -1.548970 -13.524040 1.836000 28.581550
847 -1.108820 -0.025250 0.921620 -10.216080 22.083900 -17.694160
848 -1.352190 -0.528390 -0.871810 13.838380 -20.585170 8.036360
849 -2.148340 -1.117320 0.256120 -9.374660 -24.107720 -0.824230
850 -2.600910 0.939810 -0.568200 19.364970 -6.406270 32.319480
851 -0.661400 -0.275270 0.233290 15.626320 10.077250 23.203290
852 0.070170 -1.354980 2.380980 -4.314100 30.648410 -2.010380
853 0.097110 0.315440 -3.040500 -6.098880 -11.414530 -3.397170
854 -1.118580 -0.145990 -2.290520 -17.102380 -16.108440 23.434510
855 -1.457940 0.328960 -2.445490 -12.816530 30.335750 23.168430
856 -2.273380 -0.211860 -2.404790 -26.306780 24.946210 -10.696800
857 2.500400 -0.831370 -0.580240 7.654010 -29.537380 5.608890
858 -2.715370 -0.327040 1.671270 7.036300 34.911100 -12.175810
859 -1.978160 -0.476350 1.169630 6.608820 -7.590610 20.636570
860 2.302030 -0.481840 -2.352200 2.843550 -16.183350 8.120820
861 -2.949170 0.217570 0.060260 -5.923340 4.061200 53.812770
862 -1.333330 -1.187430 0.233880 10.984280 8.738570 10.654010
863 1.220590 0.733660 -2.950730 -17.155320 -23.133110 13.624760
864 1.979530 -0.214070 2.874890 -29.588130 31.217010 45.876530
865 -0.497250 0.848290 -2.889290 -40.920810 25.916660 14.950300
866 -0.864640 -0.279880 -2.065970 -25.626480 -16.436230 20.602480
867 -1.664280 -0.606910 2.925700 -12.538420 56.582390 6.600440
868 -1.971320 -0.490090 0.609250 14.320080 31.604700 -13.080130
869 -2.331970 0.354130 -2.207430 -17.464110 34.746300 20.193260
870 -2.674870 0.069920 1.545620 -19.414400 21.596910 37.701140
871 0.451600 0.695880 3.049720 -5.005250 3.253470 3.448200
872 -1.410400 1.037940 -1.645130 -44.365610 0.270700 20.835510
873 0.311810 1.074920 1.270190 -39.802590 19.116370 27.701480
874 2.785520 -1.114080 1.250320 0.796420 -1.918790 3.356290
875 2.422760 0.115690 1.364360 -25.132570 24.844740 15.363950
876 0.225980 0.906960 0.267080 27.666530 13.494970 7.920580
877 -2.735310 1.173600 2.786970 18.196460 0.222430 42.635410
878 0.663030 1.332180 -1.508780 -18.913230 -6.351830 46.013320
879 -1.413500 0.174690 2.291370 -24.282810 16.554750 31.442080
880 2.557460 0.102020 -1.213460 13.330600 -18.965320 11.569730
881 1.854260 -0.341830 -2.577410 -3.907410 -30.729430 8.147760
882 -2.156430 -0.452090 -2.956690 -27.897910 46.226830 24.029950
883 -2.985640 -0.113120 3.085140 -32.681970 22.367520 -5.688960
884 -2.775840 0.423700 -1.146060 -17.316830 -22.581940 6.511510
885 -2.746680 0.013040 2.281620 -12.535090 45.878560 -0.711360
886 1.259250 1.012440 -0.160440 9.576280 51.519520 26.006310
887 -2.742050 0.736680 2.973450 -26.905510 -1.284660 45.186580
888 -0.341380 0.452190 -0.455810 43.635130 4.724320 8.746440
889 -1.325940 0.004260 -1.190870 -1.643840 8.443500 -17.294510
890 1.341400 -1.278460 -0.589730 34.357770 7.896830 -9.557610
891 0.815270 0.096360 -0.878980 37.031810 6.125930 31.218570
892 2.608240 1.044000 -0.599310 9.481020 -14.718710 35.741050
893 -1.123760 -0.626030 -0.402980 -2.686520 10.374550 22.568300
894 -0.381090 -0.943220 -1.198900 -2.712480 32.031390 16.000810
895 -2.886210 0.730090 0.093380 19.187960 26.773690 30.617440
896 0.345290 -0.713280 3.063160 -44.460740 -3.902330 16.108300
897 -1.701650 -0.395360 -0.183000 -21.890460 -5.833600 3.126530
898 -0.096710 0.111410 0.182830 -14.903520 19.060730 -1.667520
899 -2.629220 -0.500590 2.434720 -36.523140 23.822310 7.450330
900 -2.671340 0.510850 -1.580790 5.717910 -4.660650 21.296720
901 0.269700 0.362900 1.431930 -21.318800 14.771380 -4.034170
902 -0.758860 1.187650 -1.202770 24.660320 -10.068600 18.604170
903 -2.883330 -0.182580 -1.923900 -29.746000 -11.610500 48.021740
904 -1.178360 0.104270 3.108340 -43.021800 1.901300 -1.505850
905 -0.301490 -0.128750 1.847880 -1.478410 2.029630 18.284900
906 -1.405280 0.221630 -2.763060 -45.707980 31.880600 3.694950
907 -0.369980 0.502160 0.500720 24.305660 55.137630 13.590750
908 -1.065430 -0.240740 -0.672180 12.396680 -19.252530 21.895600
909 0.709620 1.197020 -2.349020 19.719240 0.333600 45.171390
910 -1.008870 -0.093450 0.530430 -1.889910 17.694810 27.793040
911 -2.263350 -0.289000 2.863920 -22.130880 -3.438910 17.749940
912 -2.586140 -0.127580 2.967890 2.234980 39.152800 18.264910
913 0.039620 0.322870 0.176490 14.478340 -7.100850 23.389510
914 0.077330 1.051340 -1.419540 -5.161290 -21.899640 6.600450
915 2.721460 -0.095960 -1.389960 -25.116950 -26.494790 22.068270
916 1.826470 -0.752700 -2.213890 -24.039250 -7.100320 38.525070
917 0.834290 -0.209780 0.187950 17.250430 44.305110 -13.087010
918 -2.613340 -0.520590 0.218020 40.023350 -4.911240 0.305690
919 -1.674110 -0.241040 0.578580 6.685440 31.857130 21.818000
920 0.619920 0.591720 -2.378000 -5.828910 -40.648090 16.705960
921 0.506320 -0.269470 3.054230 -23.304890 31.158020 10.886270
922 -2.383900 -1.039780 -0.144310 11.787500 25.717810 4.986730
923 1.705530 0.149300 -0.072340 33.675780 20.909770 43.301960
924 3.038060 1.392080 -1.022440 -15.688420 -20.391320 45.100200
925 2.275250 -1.168080 0.870620 23.685510 46.600360 15.495080
926 -2.302840 -1.266780 2.287540 10.144270 8.464800 23.075320
927 -1.973220 0.422790 0.810370 4.237870 41.585370 23.511550
928 1.935920 -1.102670 1.851030 -46.544540 26.406440 14.890970
929 -0.730530 -0.022230 -0.424420 -6.215580 -17.199370 -0.710100
930 -1.141800 -0.506010 -2.659700 -11.634890 5.604960 -28.480910
931 0.355270 -1.138480 -2.280740 22.286010 2.322180 11.232160
932 1.553180 -0.778660 1.835960 -41.755770 14.709140 -4.233240
933 -1.673320 0.290380 0.468700 -5.309620 18.242020 33.187520
934 -2.751050 -0.254370 -2.635000 -30.526280 22.382310 42.502000
935 -0.705230 0.636380 2.889360 -39.828170 36.098710 -0.226310
936 0.121490 -0.182260 -0.923570 34.392940 -7.101900 -9.256960
937 -2.997670 0.148710 1.943740 -4.644780 20.590760 54.901150
938 2.191460 0.394960 -1.844290 11.781560 22.680920 24.731190
939 -2.838080 0.461530 0.218810 31.290190 6.420140 12.868420
940 -0.273200 -0.535450 2.692790 -13.428500 29.960620 17.461620
941 -2.426890 1.052430 2.305870 14.730300 29.204010 10.849460
942 -1.877620 0.873410 0.035010 -3.776960 -25.603300 42.723830
943 -0.926280 -0.017500 -0.239760 -17.138810 10.285650 -1.745550
944 -1.232800 -1.102220 1.763840 27.571340 20.155920 -10.972520
945 0.346120 0.766200 -2.429730 15.031090 5.379090 14.039860
946 -1.435860 -0.647340 -2.399260 -8.768550 41.688190 -0.602130
947 -0.196840 -0.416430 1.621430 -36.309220 38.381080 10.089400
948 -0.505970 0.286800 -2.887400 -36.088950 -17.054650 -5.049710
949 -2.389350 0.359180 1.523170 27.586980 8.802810 36.697700
950 2.123980 0.334770 1.302450 -9.161610 3.902750 15.838070
951 0.589340 0.549800 2.426950 -21.878350 15.353160 50.773080
952 -1.260760 -0.004580 -3.000610 -7.398100 23.627710 22.390510
953 0.352140 -0.319700 -0.415510 21.304360 -18.936650 9.305350
954 0.702520 0.272020 -1.172120 -3.006890 -0.712850 -4.972260
955 -2.098050 -0.978230 0.646430 23.092140 16.116260 21.665870
956 2.215670 -0.276980 -2.233810 -37.313200 6.476690 5.196700
957 -2.925600 0.272440 3.111290 -12.127790 16.734550 54.757690
958 -2.273020 -0.347990 0.530300 44.608130 6.243550 6.200260
959 -0.119570 0.697090 -2.736310 -20.264380 -15.814460 45.653770
960 1.092890 0.905340 -1.211960 4.855470 22.791480 10.741280
961 2.729370 0.211970 -2.139040 -21.460600 -12.711730 9.557300
962 1.798870 -1.239380 -3.055910 -28.353970 -11.446490 27.617160
963 2.590980 -1.154630 -2.526470 -20.795770 24.127410 -13.699860
964 0.836230 1.424240 1.104500 -24.543110 -7.926280 28.508330
965 3.063680 -1.449260 2.826910 -43.800000 14.992710 13.736390
966 1.742940 0.284020 1.662740 -42.619500 15.336570 35.476420
967 0.316240 0.104230 -0.865690 7.147850 -5.102560 -16.762340
968 2.664260 1.316720 -2.504990 16.462420 34.410220 52.346240
969 1.615410 -0.982110 -0.912040 7.544620 23.992480 25.898130
970 -0.485040 0.375640 2.069340 4.728050 25.768700 21.298330
971 2.814300 -1.027270 -0.902150 -6.904400 15.866720 24.493240
972 2.797780 -1.214210 0.661140 19.454860 47.306670 15.736280
973 0.817650 0.192040 1.288260 9.904210 32.223240 6.672860
974 -1.658660 -0.372130 0.390270 14.762060 32.589730 17.582320
975 2.611600 -0.369290 2.708550 -33.086170 11.248000 -3.183700
976 1.585240 0.516790 0.329260 -26.159480 26.833160 28.675810
977 1.919670 -0.065320 0.904280 -0.932000 27.998030 0.707480
978 -1.749250 0.820050 -2.348140 -13.425040 -10.875830 45.574710
979 -0.180230 0.456300 0.621870 26.078550 3.427350 6.140220
980 -0.274550 0.419690 -1.955420 -27.686460 -8.083640 -9.307980
981 0.543230 0.950340 1.895290 -8.023380 46.568900 41.186600
982 -1.173120 -0.854990 0.912340 -2.233250 39.358960 3.660520
983 -0.022610 -0.275910 -0.878310 -3.216240 -17.949050 17.370770
984 -1.737410 -1.128610 -0.853900 -28.557320 -15.884930 -12.405430
985 -1.946270 0.169540 -0.997310 -13.329170 -2.733160 -11.407140
986 1.431320 0.692930 0.496470 -17.763820 45.375390 20.659540
987 2.733260 -0.577430 -1.085480 17.557150 -16.586770 36.818080
988 -2.766680 -0.130730 0.684900 19.462150 2.742180 46.565930
989 -2.085560 -0.595900 -0.680930 -2.528240 -38.993370 20.107570
990 -2.471030 0.362950 2.296950 14.747220 30.397090 40.502720
991 1.312340 0.587970 -1.095420 24.313320 34.207680 27.462640
992 -1.623530 -0.700780 0.326430 29.323170 20.822230 6.718430
993 -1.212740 -0.878630 2.805690 -1.577780 50.430880 -7.875880
994 0.520590 -0.151540 0.836080 8.366830 42.391650 32.287780
995 0.809550 -0.263670 -2.457740 13.956560 -3.693780 13.867590
996 0.328580 -1.014990 1.375310 6.739600 22.116380 5.482700
997 1.799790 -0.986080 1.455530 -0.702340 58.234440 -3.630560
998 1.525790 -0.034930 2.450830 -44.151350 -9.743990 28.176600
999 -0.206800 0.282430 0.811770 28.903530 35.028040 -8.942850
1000 -0.354380 -0.067510 -1.361290 -9.779710 -5.836890 -22.433380
1001 -2.498000 0.041930 -2.127150 -19.998970 -28.027280 12.181670
1002 -2.627140 -0.558280 -1.113870 -6.471870 -7.209300 -17.303040
1003 0.770200 0.003680 -1.563740 -19.375750 -4.328800 5.109880
1004 -1.257780 0.784550 1.859570 21.423090 37.108650 22.838360
1005 -2.689990 -0.293580 -0.155300 21.731450 -32.374880 7.276200
1006 -2.974850 -0.045780 -2.693470 -27.597000 -1.190190 50.292660
1007 0.938750 -0.089870 -0.094630 8.888830 38.766440 -6.244560
1008 0.554520 -0.793390 -2.166920 -20.726570 12.098790 13.634460
1009 2.539320 -0.230500 -1.431980 16.232800 -34.540350 35.197440
1010 1.275230 -0.432170 1.241730 -29.645610 53.883160 10.910960
1011 1.054550 0.925640 -0.983260 2.721000 -18.370410 35.748990
1012 -2.347000 0.404730 -2.661790 0.020530 17.663000 23.399910
1013 2.956330 0.077640 -2.126440 -1.893210 6.907850 8.559240
1014 -0.286470 0.632050 2.439750 -21.257380 16.101490 -7.420870
1015 -1.630420 0.077750 0.316760 16.415840 24.058440 33.116710
1016 0.811440 -0.292350 -2.583900 -33.904370 7.072850 -0.915340
1017 -2.246510 -0.606780 0.514950 -12.302170 -4.346810 -4.940850
1018 -1.242610 1.286960 -1.566760 -41.318530 -6.662740 25.523280
1019 1.566680 0.077680 2.948130 -36.102630 18.153610 5.490860
1020 -2.066730 0.408940 -0.097240 1.254280 -28.834830 19.741890
1021 2.161720 0.446500 -0.133430 5.008030 45.573070 43.576480
1022 -1.025580 -1.158390 1.366820 18.110500 -14.682890 -16.513750
1023 -0.577840 -0.159840 -3.085310 4.181880 12.179180 7.317640
1024 -2.328950 -0.348980 2.953470 -33.859130 45.808140 31.985120
1025 -3.057050 0.303970 -1.513590 -25.926540 5.895130 56.175960
1026 0.954570 0.114840 -3.100050 -38.888630 14.755060 3.776080
1027 -1.652830 -0.028190 -1.415500 -35.749010 -11.304210 -10.452940
1028 0.660060 0.020420 2.715410 -4.389510 -11.415070 14.544590
1029 -1.300110 -0.390270 2.740910 4.306780 10.178870 13.195590
1030 0.129040 0.463360 2.456640 -33.004360 24.980130 40.787280
1031 2.951130 -0.218550 2.590010 -24.945320 0.839680 18.358040
1032 1.480770 -0.183480 1.308850 -40.887900 40.204730 19.234230
1033 2.981690 0.898020 -1.035200 8.923980 -7.968930 27.236600
1034 -1.120760 0.022240 3.017390 -39.179050 16.657730 30.289700
1035 1.705660 -0.755840 -1.797220 25.157420 -6.996000 5.913560
1036 3.097560 -0.128620 1.620310 2.674790 39.677660 51.722300
1037 -0.828190 1.097750 0.351810 33.058790 23.929080 45.696070
1038 -2.973820 -1.068250 -2.714900 -12.071280 8.524420 27.698820
1039 -2.206080 -1.130300 -1.403220 7.737730 12.410590 -4.056180
1040 -0.882840 1.446860 1.194490 -0.581210 31.683140 60.878300
1041 -1.066320 0.953110 -0.611620 25.466530 18.744140 34.712610
1042 2.361020 -0.742430 -1.077640 18.082630 20.402950 9.817760
1043 0.994890 -0.476310 -0.699220 -4.879900 -5.550150 6.502880
1044 0.132230 0.431810 3.118150 -17.189940 30.839520 9.724070
1045 2.833030 -0.518970 2.072790 9.456750 29.824560 33.750580
1046 -0.709080 -0.290960 -1.087010 -6.018830 -17.932210 20.973130
1047 -0.596250 0.277410 2.800400 -0.493180 19.636060 0.132080
1048 0.651630 0.040650 -2.148740 -18.684140 13.711420 14.488180
1049 -1.304970 0.491380 2.253020 -1.665460 33.649990 -9.959120
1050 -3.096170 1.087450 1.074030 -1.713310 -20.737810 30.836770
1051 -1.003280 -0.792600 -1.378490 -25.979350 15.926410 17.213200
1052 -1.756940 0.079290 1.630140 21.200380 45.561900 30.623330
1053 3.027430 0.769390 1.599640 -2.416050 -12.855060 52.301400
1054 0.639300 -0.031230 -2.312700 1.223240 -22.678010 -9.902380
1055 -3.007120 -0.250560 -1.266740 -5.459400 -24.007110 46.269260
1056 -1.532680 -0.324910 2.636250 -19.403800 37.094270 27.409530
1057 2.712460 0.111020 -1.009970 18.448270 18.738550 37.699790
1058 1.375180 -0.788060 0.496900 31.077880 36.350680 5.467250
1059 0.261010 0.669460 -2.194030 -25.864930 6.192890 36.248790
1060 -3.102200 -0.102680 -2.011460 -2.474110 -17.342120 38.980330
1061 -2.091580 -0.157360 2.504220 9.256830 18.625450 -3.872850
1062 -1.853890 0.968620 2.131240 22.364770 40.159650 28.818990
1063 2.802130 -0.321570 3.108800 -5.376130 35.776660 28.010540
1064 -2.835080 -0.914510 0.475500 33.367860 -12.530780 18.868780
1065 -0.885010 -0.679050 -1.190960 -33.233190 7.719410 -15.892270
1066 2.212270 -0.891330 -2.579410 -4.646430 17.112720 20.431650
1067 -1.608120 -0.695460 2.709630 1.529330 19.310280 -25.870900
1068 2.354690 0.132680 1.823310 -25.561740 4.418650 30.791610
1069 1.694500 -0.302380 -2.806520 -27.763580 28.707540 14.760210
1070 -1.367920 -0.510340 -0.148860 -24.236930 -7.127430 5.278420
1071 0.013760 -0.104630 -0.965910 21.071050 31.264240 17.269030
1072 -0.989940 -0.148450 -0.746450 -6.414570 -31.161100 2.790650
1073 0.878880 -0.538390 0.796340 -20.908890 14.142630 -2.141710
1074 -1.376220 0.648830 -1.278120 -35.517710 -19.552940 35.663810
1075 3.112910 -0.118270 -2.739840 -0.494570 18.780120 19.887030
1076 -0.369430 0.761570 2.127840 -7.057010 9.083570 36.490280
1077 0.761910 -0.531500 -0.856570 -8.658970 -8.949440 15.733910
1078 -1.888240 0.611220 -1.077940 -3.780370 11.790990 1.568870
1079 1.883860 -0.667150 -1.210810 26.186240 13.038790 25.949930
1080 -1.679750 0.294190 -1.161660 -1.912000 -19.426090 -9.530250
1081 2.824880 0.883990 -0.067910 -29.432060 19.846000 53.174440
1082 -2.837180 0.800210 -0.874730 16.640590 -0.323050 38.808940
1083 -0.481720 -0.015990 0.569640 21.591590 11.911020 24.068060
1084 0.875590 -1.430750 -0.183870 -6.763440 25.339280 25.666460
1085 -1.993160 0.606060 -1.760670 -8.340350 7.133020 -5.570200
1086 -0.771010 0.072980 0.446990 -2.121510 6.389910 27.945630
1087 -3.040000 0.579290 0.714950 -14.348960 -3.694310 31.309480
1088 -2.221250 -1.313590 -1.024900 -31.365970 2.461030 -25.609220
1089 -3.139570 0.718130 -2.332520 6.353290 15.128320 48.126350
1090 1.284690 -0.830270 1.561610 -11.589500 0.606380 25.143020
1091 -0.271030 0.238520 1.483980 4.981630 28.176720 29.765890
1092 0.010410 0.142000 -0.428590 -11.657880 3.913640 11.545660
1093 2.776500 1.359980 2.782870 -24.248520 20.139540 36.016510
1094 2.343370 -0.914870 0.186740 -11.998170 25.879430 7.563220
1095 -0.800940 -0.601560 -2.125790 9.232770 25.116140 6.662750
1096 1.810900 0.155830 -0.201340 28.868180 44.321180 29.908820
1097 -2.711070 -0.144430 -1.040750 -20.998870 -20.474280 44.874980
1098 -2.517150 -0.379620 -2.762270 -14.227930 26.713800 34.784560
1099 0.070700 -0.942750 -0.616590 26.682770 1.303370 -0.921350
1100 2.166900 0.517220 2.330790 -31.095720 -9.421040 50.599190
1101 -3.078680 0.513480 2.475920 -18.790230 -0.312590 35.848460
1102 0.953200 -1.378880 3.029790 -8.144880 28.673900 -8.463680
1103 -0.708670 -0.855520 -0.825660 23.301520 7.862640 -8.090760
1104 1.665180 0.732960 2.747700 -32.246990 -12.160690 18.933010
1105 -2.173520 -1.160040 -0.128190 2.178810 9.704340 -26.177850
1106 2.678070 0.367460 1.666470 -8.040150 21.254160 6.598680
1107 -1.085160 0.553590 -1.424150 -13.301370 11.753450 31.974040
1108 -1.232010 0.167760 0.682620 -7.684000 34.647440 25.605430
1109 -1.443300 0.049560 0.657250 -3.938570 -5.429650 7.900890
1110 -1.223880 -0.267040 2.216590 -8.086490 48.839650 -18.630700
1111 -2.186080 -0.960150 1.423440 28.048480 30.941060 13.035410
1112 -2.155470 -0.068930 -1.831900 -45.531800 14.904620 12.502250
1113 -1.929350 0.956810 2.952790 -45.491770 21.087940 42.375760
1114 1.443950 0.343640 0.160960 29.328470 35.655560 41.294640
1115 2.207720 0.671760 1.442480 16.237160 23.725560 46.933510
1116 -1.329000 0.516340 -2.205800 -47.853800 -15.266900 9.436650
1117 0.740080 -0.198610 -2.917020 -14.665620 -12.337080 -16.050480
1118 1.611680 -0.168910 -1.932690 3.643500 0.861420 -2.587720
1119 -0.383370 0.179760 -1.129170 -16.194380 -4.497020 -11.122860
1120 0.745900 0.720280 1.482720 -1.609590 33.002700 2.556300
1121 1.075450 1.164440 -0.982080 35.810420 8.107890 31.708410
1122 0.709410 0.807230 1.527280 -16.404440 40.410330 4.105350
1123 -2.842120 0.004650 0.459390 9.629100 -0.925370 50.655110
1124 3.017010 0.580050 -0.559310 -30.758670 0.422380 33.353500
1125 -2.540340 -0.552030 2.061330 -10.838830 54.125260 -6.925330
1126 2.831480 -0.539960 1.126590 8.634940 50.020730 39.704520
1127 -1.346230 0.037190 -2.090760 -36.594020 24.855220 7.280650
1128 -2.548080 -0.354660 -1.410930 9.121510 -2.364610 2.523300
1129 0.576060 0.863650 2.192030 -45.848840 29.558660 10.305060
1130 1.273890 -0.739570 -0.255780 -1.211830 17.890430 -17.593000
1131 -2.908470 0.484930 1.541250 3.270660 1.515130 55.284900
1132 2.660230 -1.408850 -0.337600 -4.499700 27.653960 -2.177610
1133 -3.090160 -0.609570 -2.590500 -5.708940 15.919260 25.175840
1134 1.519830 0.530970 2.572000 -29.665080 -21.652090 34.567090
1135 -2.018660 -0.964320 -0.845820 -34.437940 15.606700 -5.148080
1136 -1.734980 0.217910 0.238380 27.255610 -30.029120 24.290420
1137 -2.489860 0.887560 -0.351940 9.219270 22.344980 44.857640
1138 -0.882710 -0.056390 -1.792760 -29.238000 -8.381240 26.985440
1139 0.498970 -0.977020 -2.068250 10.514720 25.983930 -14.363600
1140 -0.562690 0.448040 -1.338800 21.162940 -21.587380 28.548190
1141 -0.833840 -0.767880 1.495840 22.059580 24.119980 -24.025910
1142 -2.442940 -0.508760 1.007410 1.832880 44.659340 9.676360
1143 0.534770 0.065750 -2.790480 -42.583660 -8.811060 -8.354500
1144 0.370740 0.773680 -2.318420 -28.307330 7.152870 17.887030
1145 0.881550 -1.320970 0.021210 -6.113380 35.692630 23.369350
1146 -1.345970 0.180100 2.813110 -45.390740 7.212900 12.802110
1147 -2.066520 0.809800 2.546270 -3.070780 -2.865460 39.691390
1148 0.150410 -0.526930 -2.715030 -37.180290 12.168270 9.062930
1149 -0.027060 0.989320 0.535690 3.810750 9.319260 6.294400
1150 -1.438250 -0.467570 -0.918610 2.283510 -15.334130 -24.324950
1151 -0.940470 0.117220 0.463350 14.551730 49.882950 10.045560
1152 -0.360980 1.418760 -3.102880 -43.349830 4.993040 14.464170
1153 2.919180 0.217740 1.365280 -13.280080 1.515880 37.743310
1154 1.798670 0.543570 -1.911790 18.731700 -19.860540 23.940950
1155 0.630490 1.349390 -0.885700 30.236790 -8.954030 31.618830
1156 0.867740 -1.456020 -2.007900 -5.189740 16.112720 21.627890
1157 2.090210 -0.774910 -0.475830 23.276700 -21.680030 1.654840
1158 -0.232710 0.241110 2.699990 -57.390770 17.907530 4.234570
1159 1.991310 -0.110740 1.530610 4.717030 0.485360 19.966640
1160 -2.912480 -1.035900 0.309150 -4.304240 25.047020 -7.884420
1161 -1.365970 -1.245570 1.603440 8.044150 13.653810 21.416320
1162 -2.207290 -0.082490 -0.046050 11.421850 -28.233260 34.728900
1163 1.939320 -0.356490 0.870040 28.670980 32.368630 12.319620
1164 1.582860 -0.641130 0.092880 -2.893120 43.452710 2.279850
1165 2.463290 -0.618680 -0.858390 3.580170 -26.892710 -0.798900
1166 -2.831710 0.641610 0.522240 4.555870 -5.951070 4.354150
1167 1.124270 -1.045330 -2.702730 0.174270 17.365170 -16.092450
1168 1.782790 0.230440 1.812010 -26.600270 32.585570 56.160820
1169 0.653410 -0.390690 -2.138110 15.257020 -8.518360 -15.726470
1170 -2.408760 -0.390370 0.638610 -1.577670 -9.779670 27.438030
1171 -2.908650 -0.178430 0.249380 25.302630 5.869480 -6.510770
1172 0.391670 -0.042550 1.498180 -22.683940 53.899310 25.741830
1173 -2.687230 0.498760 2.588160 -35.269910 12.049280 42.081670
1174 -3.122940 -0.207690 -2.209960 -17.075160 -18.154640 46.596900
1175 2.227990 0.374180 -1.058510 8.329690 24.188960 18.805050
1176 1.053670 -0.851140 1.129330 -15.555420 47.057940 -17.768220
1177 -1.732800 0.603870 -0.252220 -3.062330 6.349020 -5.356030
1178 -0.554280 -0.036540 -0.887640 -17.665440 13.738180 0.978170
1179 3.018550 -0.492470 1.359550 14.216890 63.402480 14.657700
1180 -0.654180 0.181240 -1.912880 -40.338260 2.947730 2.941200
1181 1.624360 -1.381870 1.971190 -19.048890 4.488720 25.195560
1182 -2.952710 -0.039220 0.296890 -12.603180 3.470370 39.067350
1183 -2.443680 0.322770 -2.942870 -43.278500 41.869950 27.951070
1184 2.670560 -0.596290 0.358970 11.808750 40.979600 2.044940
1185 -2.129850 -0.240420 1.653320 29.270540 35.892660 21.417960
1186 2.259110 -0.427860 -0.905920 -2.738980 4.196420 -1.707270
1187 0.133700 0.744310 -3.082100 -16.630030 -25.102190 43.341920
1188 2.859800 0.765530 -1.697560 -29.685850 -9.133240 21.071540
1189 1.793640 -0.020910 -2.331610 -42.257610 0.294840 37.369840
1190 -3.014360 -0.351960 -0.673100 13.960140 -25.901490 41.950750
1191 -1.772230 0.373410 3.016610 1.852660 36.075620 6.130470
1192 1.591740 -0.080660 -0.261850 29.155510 40.915730 6.868520
1193 -1.734620 0.609750 -0.049460 30.326600 -0.636180 -0.884140
1194 0.657710 -1.009770 1.227490 -31.562240 4.625550 20.495880
1195 0.989290 0.853020 0.798640 -11.968020 51.508420 50.878210
1196 -1.828130 -0.133920 -1.608930 -16.836250 -33.986990 -2.664910
1197 -2.173230 -0.326740 -2.393140 -58.058360 0.612960 20.355020
1198 0.421630 0.670180 1.758110 -6.058550 45.662910 40.195590
1199 2.270160 -0.818960 2.438620 -38.408700 20.233590 38.370170
1200 -0.157720 0.894550 -2.157210 -13.599580 17.814030 33.621660
1201 0.647740 1.119210 1.377510 -22.628320 0.498210 53.269580
1202 -1.957240 -0.750100 -1.970910 -47.646580 4.331410 20.015010
1203 -0.418310 0.659340 1.473160 -33.520200 22.234340 6.589330
1204 -0.533750 -0.352400 -0.673210 30.796010 10.339830 0.140980
1205 -2.100430 -0.077730 1.809100 -13.353340 11.102150 1.484360
1206 1.086000 -0.571730 2.392290 -37.603690 -2.954320 -13.685910
1207 2.462120 -0.969450 -2.171070 -8.228710 26.176610 16.172160
1208 0.240490 0.314070 2.586950 -59.037170 13.309640 21.213950
1209 0.878880 -0.648290 2.147020 -25.355400 -13.855080 20.429350
1210 1.634960 0.377630 -1.527080 31.887180 -3.710060 31.650110
1211 2.072810 1.291510 -2.680010 -3.821090 37.378180 49.087810
1212 2.336890 -0.351170 0.993970 -20.636510 19.953290 18.999470
1213 1.687610 -0.743990 -0.756310 35.128230 -13.151660 25.529940
1214 1.457970 0.889370 2.685630 -38.082080 -14.993910 38.944150
1215 1.369160 0.897390 -2.238240 19.462350 -21.254610 48.210630
1216 -1.923430 0.508080 2.922490 -29.047550 51.701310 8.560980
1217 -1.001210 -0.085960 -0.398050 -5.722430 6.126900 27.032550
1218 0.472450 -0.291650 2.659800 -25.324070 -7.386270 -18.255310
1219 -1.158690 0.503930 1.129590 29.537630 47.528440 29.310330
1220 -2.826190 1.153430 1.506650 7.812560 -21.582220 44.924040
1221 0.788920 0.525030 1.814070 -22.360050 0.707360 8.549210
1222 1.440250 -0.909410 -1.648180 30.232470 10.052100 -0.790320
1223 -1.928780 -0.179090 -2.831750 -3.611740 8.080400 23.116030
1224 -2.264210 1.143130 1.278920 20.900570 42.579180 33.306560
1225 0.572300 -0.185050 2.398810 -35.540880 4.648640 -17.783510
1226 2.812750 -1.505490 -0.969790 -3.184910 -11.393700 24.844850
1227 -1.399880 0.015190 0.126090 1.464700 23.616540 26.052150
1228 2.323110 -0.496680 1.011400 -15.202940 49.240900 34.901440
1229 2.865930 -0.196560 -1.086490 -2.805170 17.142380 10.127500
1230 -0.017650 -0.226910 1.255750 -6.779180 54.314420 20.203260
1231 -1.536180 -0.306990 -1.051260 9.819710 -34.004400 15.976610
1232 1.853960 -0.320060 -0.489560 22.455790 39.160790 20.601220
1233 1.505030 -0.164570 -0.240130 -11.375860 27.441190 12.975170
1234 -1.361740 -1.240310 -2.761020 12.200880 23.176660 -25.971410
1235 -2.952590 0.503420 -2.565560 -11.344540 43.093190 35.947100
1236 -1.790400 0.651670 2.005500 15.920950 7.812060 34.524700
1237 -1.399310 1.028100 3.001080 -52.515400 23.936360 25.357020
1238 2.474420 0.928670 2.037330 -9.572640 -3.769230 17.060010
1239 2.284750 -1.392690 0.180530 -5.103650 2.331170 27.617700
1240 2.877870 0.670500 -0.004630 -11.079780 28.422950 27.633610
1241 -0.325080 -0.156630 0.446970 13.011360 36.401070 27.356160
1242 1.008460 0.527120 2.458660 -23.291580 41.147960 22.519270
1243 -2.239200 0.453570 -1.534140 -24.307330 -7.573550 -6.362410
1244 1.693110 -0.437910 1.150210 -33.166670 43.692020 6.891510
1245 1.418540 1.023860 -2.278000 22.381980 -2.213510 51.406690
1246 2.934970 -0.213650 -2.124350 -4.683110 -9.467980 3.853940
1247 0.910100 0.632070 -0.303930 9.706640 4.786320 52.800680
1248 0.924890 -0.779790 -2.333930 16.018410 -1.910010 16.148940
1249 -1.595160 -0.729120 2.031510 -24.184700 21.345670 17.705430
1250 1.376470 0.459110 2.627450 -27.232020 12.055170 57.035960
1251 0.915990 -1.076670 1.915820 -25.471580 -7.718670 21.518280
1252 -0.204830 -1.083930 -0.522140 21.584670 23.588780 -11.494490
1253 -2.392880 -0.336900 -1.214950 -19.281550 -31.033770 -6.950570
1254 0.918740 0.307900 -2.837420 -45.997360 5.968520 20.728270
1255 -2.423340 0.681220 0.897370 16.779350 -16.259540 47.315200
1256 -0.884250 1.039660 0.468280 30.989270 -5.209430 14.643520
1257 1.205660 -0.932200 -2.981630 -26.377700 13.303980 -15.814590
1258 0.621490 -0.521030 -0.657040 11.993970 39.701970 -10.012870
1259 -2.347870 0.366560 -1.683170 -41.427210 4.931310 46.929780
1260 1.815310 -0.731240 1.545240 -13.540260 48.394780 -14.028440
1261 2.877390 -0.497540 -2.739350 -34.337660 -15.954730 39.595100
1262 2.058020 0.350290 3.030050 -2.517460 19.901290 52.706230
1263 -2.612410 0.467260 1.200520 -12.545570 34.271770 21.276510
1264 2.406170 0.843200 -2.312400 -35.706140 2.187300 48.811710
1265 1.384500 -0.687620 2.096540 -30.844140 -10.417280 9.056450
1266 2.644750 0.031840 0.644060 15.416720 -19.116250 31.672390
1267 -3.125280 -1.099010 -2.438250 -39.695380 -17.940240 21.013810
1268 1.236560 0.997390 0.753820 -11.388800 56.901550 26.773410
1269 0.552990 -0.654260 -0.396770 -11.351360 31.752830 19.560320
1270 -1.841210 -0.541230 -2.783930 -30.120980 46.538590 11.650720
1271 -2.217320 -0.947440 -1.803440 -29.630200 19.348730 23.917270
1272 0.561370 -0.705820 2.090760 -51.764260 20.272680 -5.294680
1273 1.788490 1.200220 1.876740 -42.139610 3.168920 40.120560
1274 -2.165650 0.416440 0.060460 7.696710 29.525810 23.016280
1275 -2.632430 0.043280 -0.391010 20.072250 -16.474060 -0.539920
1276 -1.182140 0.157150 1.808360 -2.015030 44.738570 34.078300
1277 -2.857890 0.120890 1.219300 29.125290 13.239370 4.673410
1278 -1.881250 0.026730 -1.327520 -18.300690 -1.476250 38.879040
1279 -0.132580 0.040370 -2.977890 -25.439160 29.251350 -7.767080
1280 0.495310 0.244730 -2.378270 -20.112480 7.969450 0.084690
1281 -1.973750 -1.035340 1.752180 -17.119490 4.566290 -16.973230
1282 -2.935110 1.126400 -0.464650 -4.368260 30.881530 30.757170
1283 2.128430 0.403310 -2.067170 8.390330 10.181750 55.134470
1284 0.808160 1.043880 -1.124820 17.748120 18.118690 5.460870
1285 1.791020 -1.269150 0.417890 -17.910220 43.442780 5.075850
1286 -0.097390 -0.303370 2.037750 -5.506800 22.599220 -24.782470
1287 0.038080 -1.019900 1.061360 -10.480330 -6.107430 17.226350
1288 1.739250 0.890440 -1.572310 29.094600 12.770550 27.901450
1289 1.152510 -0.569620 -0.135290 11.054920 44.228880 28.702250
1290 -2.845600 -0.273760 1.530140 -6.543520 35.997870 44.988070
1291 -2.551040 -0.698120 1.941860 -24.619100 19.173790 18.082620
1292 -3.137070 -0.590210 2.641060 -11.216610 6.572640 -2.162350
1293 2.769190 -1.128710 1.974320 -20.640230 39.387150 30.050810
1294 1.371990 0.873760 1.901330 -29.395690 -5.880100 18.387940
1295 1.854600 -0.944540 2.030980 -30.349210 14.407260 33.584270
1296 -1.163210 0.179000 2.352930 -33.867140 21.474040 31.417130
1297 2.839900 -0.792870 0.576460 8.015580 0.985270 34.914640
1298 2.353570 -0.447010 0.429080 13.250100 51.944420 31.432450
1299 0.706200 -0.437600 -1.858350 -24.430450 -16.712100 5.767310
1300 1.145650 -0.500500 -0.297680 1.944780 -9.173460 20.186810
1301 0.834420 0.890680 -1.315210 -3.203380 20.135390 52.459860
1302 3.135120 -0.177250 1.614620 -7.836870 21.444840 -5.749980
1303 -0.671010 -0.875550 2.877220 -25.471530 25.579020 13.112920
1304 2.808450 -0.791710 2.394470 -10.405530 19.737190 34.713250
1305 -0.148210 -1.153920 -1.736790 -15.819360 -8.768350 11.142230
1306 2.687610 -0.061020 0.191210 8.695120 23.660330 6.706520
1307 0.106230 -0.028220 1.876110 -10.828120 14.462580 -17.055660
1308 -1.732120 0.698480 -1.931540 -49.710950 12.766350 34.211670
1309 2.395500 0.181920 -1.914560 -37.801940 -14.796650 33.150400
1310 -1.116950 0.694780 0.854490 26.203740 50.785410 11.911790
1311 -2.406560 0.127010 1.719000 17.568300 24.700900 43.747360
1312 0.567040 -0.657140 -2.704380 -21.219420 -25.824650 -16.082610
1313 -0.426940 0.620480 -2.923810 -27.988280 -26.919520 33.857600
1314 -2.416360 0.906790 -2.700240 -46.844020 9.484460 30.728980
1315 2.723410 -0.559760 0.988970 26.394740 40.045350 36.984540
1316 -1.981420 -0.399600 1.704510 26.056650 45.682540 11.782300
1317 -0.895030 0.688450 0.258500 -8.087640 1.804510 16.958820
1318 1.441890 0.424320 1.519990 8.758320 38.978740 23.989630
1319 -1.070360 -0.689160 0.054420 9.417140 -22.439970 -16.175930
1320 1.867300 -1.000370 -2.047150 -34.535770 -1.565170 -4.282200
1321 -0.319010 0.461100 -0.483170 26.702490 -17.607750 -5.248790
1322 1.622270 1.398270 2.082840 -24.095100 -25.097100 38.123690
1323 -2.658970 0.079000 2.308660 -31.117330 25.538510 11.176460
1324 0.997980 -0.333490 1.306540 11.484240 20.082910 12.315510
1325 -1.017580 -0.226350 -0.856530 -23.596050 -19.821250 0.397740
1326 0.255630 -0.659170 -1.085370 1.193490 33.721100 11.012510
1327 2.471240 -0.365640 -1.325460 -2.399900 -3.534230 -2.348100
1328 -2.337160 -0.651770 -1.252150 -33.824370 -23.754640 27.491100
1329 0.276330 0.061460 -1.633050 -18.833920 -3.805370 30.887950
1330 2.442920 0.116080 0.810000 -20.379830 33.781260 49.814610
1331 0.616530 0.423940 -1.471810 7.649680 -12.456610 -7.058930
1332 0.432840 -0.695290 1.211670 -9.908420 -6.122550 -7.064540
1333 2.087440 0.342840 -0.739160 -3.247640 -6.005030 8.810670
1334 2.527150 0.721700 -1.384640 -34.862800 17.986670 26.634490
1335 2.745450 1.407040 2.997610 -5.135490 -8.792120 25.707770
1336 -3.017560 -0.026290 1.600770 -7.958240 25.062840 52.087250
1337 -2.412920 0.319690 -2.077890 -5.931480 3.337990 42.123880
1338 -0.972830 -0.267790 1.613390 -11.842640 6.808330 -19.906210
1339 -2.097600 -0.074540 1.441380 3.862110 38.059400 -11.557960
1340 1.942340 1.131420 1.601100 -39.385020 -3.403270 51.754120
1341 -3.099150 0.212780 -1.875760 -30.596800 -12.212170 2.020590
1342 0.853390 -0.006110 2.528000 -45.022950 21.953610 39.714820
1343 -2.110590 -0.987430 3.013340 13.031830 33.059760 7.246440
1344 -0.190170 -0.723620 2.231690 5.588820 21.080350 9.820700
1345 0.149160 0.412720 0.853020 -30.047970 39.160720 11.976070
1346 1.459020 1.102410 -2.584020 20.779270 -10.901360 23.251800
1347 1.694010 -0.975470 -2.614600 -40.781540 -18.586930 -2.054930
1348 0.620700 0.226160 -3.008520 -15.560910 -23.266010 -4.300440
1349 -2.811080 0.251930 1.085410 -5.669670 8.597640 53.491500
1350 0.757660 0.152350 -1.842690 7.478030 22.911920 29.850650
1351 -0.577970 -0.222010 2.126800 6.262210 27.384700 -20.683560
1352 0.537460 0.479590 -1.605060 3.989700 -19.646940 47.436050
1353 -0.366850 -0.091220 2.267720 -48.313260 10.754930 17.145790
1354 -1.835060 0.395080 1.611370 17.761110 60.060510 17.072180
1355 -1.689200 0.719920 -3.011820 -16.734180 49.260980 35.390960
1356 1.954860 -0.308090 1.988370 -22.517240 0.544130 39.856490
1357 -1.319680 1.378100 2.465790 -31.337190 4.558030 48.263110
1358 -0.879700 -0.946310 0.237240 6.761940 19.139430 16.065710
1359 1.711710 -1.382470 2.049890 -42.343500 -3.330460 8.862000
1360 -2.818230 -0.650010 -1.644630 5.486290 -7.596890 -0.797180
1361 -0.666230 -0.169920 -1.928060 -8.364890 11.295200 -23.857570
1362 -2.669070 -0.023590 2.389430 -8.206040 32.243780 48.474120
1363 -2.383000 -0.029290 2.787520 -10.674900 47.043960 41.904040
1364 2.032050 1.418070 0.352190 -4.845620 44.036680 38.255610
1365 2.581960 -0.374360 0.749040 -4.440750 35.174550 1.173050
1366 -0.906770 -0.631650 -2.083170 -0.791360 35.315310 -11.729310
1367 -1.065240 -0.051120 -2.094050 -22.817840 -27.810830 -7.883450
1368 1.853030 -1.065670 -1.936450 1.919650 -37.794840 -6.716490
1369 -1.516470 -0.497020 0.986630 32.403310 18.482570 15.355550
1370 -1.683320 -0.299320 2.826230 -40.282130 48.081590 4.104500
1371 -2.170600 0.463440 -2.311460 -26.147170 33.772160 41.738990
1372 0.210470 -0.908920 0.988700 -29.431320 0.695580 -4.581320
1373 1.327460 -0.682620 -2.413260 8.188490 -16.765940 24.809810
1374 -2.560700 -0.522430 3.027670 -6.083860 22.433320 32.135470
1375 1.316280 -1.160600 0.505770 6.184210 25.669200 31.129520
1376 -1.391620 0.640230 -0.857180 7.055440 12.586680 36.555200
1377 -0.763540 0.158360 -2.423910 -14.963810 5.090710 32.301730
1378 -3.086210 -0.086250 -0.043240 11.598220 0.387530 51.848280
1379 2.271280 -0.805370 -1.787900 -18.938840 6.207080 32.993480
1380 1.024440 1.303670 2.096280 -48.882830 17.237240 34.301980
1381 1.442330 -0.357300 -2.974110 -53.713160 -8.572110 16.648010
1382 -1.697450 0.338260 -1.788890 -8.131790 -15.959660 35.627850
1383 -0.890110 0.232070 -2.604900 -12.576350 1.450350 32.751500
1384 2.111390 -0.137560 2.908820 -6.241220 -9.435760 17.580840
1385 -2.430800 0.935990 -1.146090 2.296770 16.810080 49.753510
1386 -1.777560 -0.444170 0.952020 3.059830 40.921070 12.092410
1387 0.331060 1.345900 0.807410 -0.615180 -3.530540 22.859070
1388 -2.818090 -0.030950 1.769410 -28.945800 40.137600 24.250230
1389 2.193330 0.505170 1.594730 -14.523280 28.372950 12.616520
1390 0.503570 -0.022290 -1.644980 2.961710 -30.051380 33.348730
1391 -1.467410 1.150580 -0.348620 -0.048290 -34.859060 35.926520
1392 -2.578940 0.176630 0.885160 -7.156930 31.382530 8.342760
1393 0.953990 -0.553130 -1.522770 -18.409570 2.688150 3.371010
1394 -1.769310 0.250100 -1.621550 -28.243890 -31.063760 4.309750
1395 0.396400 -0.682740 0.882220 3.076000 55.861840 -5.879750
1396 2.658710 -0.836230 -2.702000 -28.643180 -27.285130 26.405330
1397 -1.000560 -0.476300 0.076010 27.391480 -14.607300 5.961210
1398 0.522000 0.394240 -1.963170 0.806720 -25.455010 -3.668120
1399 1.934620 -0.250590 -1.588780 0.383210 -5.773150 50.231300
1400 1.572980 -0.187620 1.502000 -44.242560 30.586550 15.224210
1401 -0.836830 -0.108410 0.936080 0.617060 0.154850 -11.671350
1402 -0.074710 -0.429360 0.931060 -32.886900 20.797640 0.362740
1403 -2.566180 -0.378710 -1.382450 -30.444360 -1.974580 -12.453740
1404 -2.273680 -0.738000 0.999000 17.721050 -12.926200 20.767260
1405 -1.240860 0.421040 -0.356530 -0.100950 -23.430640 -2.874460
1406 -2.639950 0.901610 1.853770 -13.705250 3.522580 28.263990
1407 1.504030 0.808450 2.566600 -3.282950 -20.308120 26.500460
1408 -0.216030 0.827050 -1.814260 18.407260 -7.188570 3.969700
1409 2.942740 -0.755830 -2.056690 -12.278830 -31.692260 30.511670
1410 -0.108240 0.739680 2.926920 -34.953330 -14.817310 42.874390
1411 0.623380 1.166850 -1.490170 -18.668000 9.796240 23.544500
1412 -2.285060 0.403620 0.704640 -9.057540 26.295720 31.006290
1413 1.552140 0.100730 2.038230 -47.750350 17.048700 13.704410
1414 2.728880 -0.887100 1.112500 -22.699100 25.667070 17.802250
1415 0.898030 -0.261360 2.254410 -36.750070 39.850240 -6.038350
1416 2.591970 0.340240 -2.495480 -2.882450 -11.689570 52.982940
1417 -0.756270 -0.549950 1.877250 13.674870 9.213860 -19.008860
1418 -0.540640 0.041910 -0.529000 -2.158460 -7.681770 26.758440
1419 -2.723730 0.871180 2.441270 19.314350 13.191090 45.729180
1420 -2.436500 -0.254260 1.736510 4.843500 -1.652610 22.568970
1421 0.922320 -0.153930 2.488640 -23.286950 40.175560 3.509780
1422 2.743900 -0.830370 -0.826740 22.353940 8.219080 31.335870
1423 -2.497390 -0.308210 0.262800 36.983940 16.444530 30.639020
1424 1.841060 0.088980 1.773350 -44.744770 20.538580 44.247880
1425 1.169960 -0.440180 0.837020 17.427310 27.847420 -6.749430
1426 0.726360 -1.012900 -0.248640 -16.865350 36.787460 -16.402110
1427 -2.053860 -0.757340 1.855990 -23.391410 39.147450 -4.078770
1428 -0.720820 -0.941840 -2.720470 10.215600 34.754960 4.056620
1429 2.871050 0.733910 -0.517540 -32.243660 -5.365300 49.246530
1430 -2.469340 -0.706770 -1.785570 -7.296470 -23.530330 23.646210
1431 2.543190 0.833610 2.997780 -29.621360 4.773140 26.938710
1432 -1.317240 1.135900 -2.363370 -47.730280 21.066470 20.131080
1433 -0.150170 0.586880 0.616560 7.812810 49.543330 38.555000
1434 -1.592540 -0.379760 -0.598640 -15.823920 -31.300370 15.423230
1435 2.860960 0.602540 1.344210 -14.882580 14.799530 13.699900
1436 1.483980 -1.015570 -0.368630 9.205310 5.609550 34.520610
1437 0.801090 -0.469010 -2.177410 3.108000 3.069850 36.658050
1438 2.603060 -0.012780 -0.911260 7.452310 -36.586900 44.616740
1439 -2.154180 -0.037390 0.064570 23.013780 -28.268220 34.096230
1440 -0.853570 -0.743760 2.412140 -6.577980 14.991200 22.022960
1441 -2.943440 -1.256220 -2.223040 -18.073870 38.381710 17.925580
1442 1.641600 -0.710410 -1.462690 -14.867050 -31.362090 19.167140
1443 3.016540 -0.446210 0.096960 20.354990 19.354410 -7.339370
1444 -0.742210 0.497390 -0.890810 15.158420 23.185500 -0.072610
1445 1.490800 1.275330 -1.384290 -11.458810 34.516460 17.643440
1446 -2.563600 0.618820 -1.771400 -35.036130 -25.057100 35.266540
1447 -0.501260 -0.335950 -2.050750 -18.474640 24.853000 -12.331600
1448 -0.861030 0.451560 0.965810 30.686550 23.156160 -4.067770
1449 -0.153370 1.269120 -0.485270 -8.001480 14.286630 9.176560
1450 -2.885930 -0.089830 2.597940 -37.918740 12.013120 26.844350
1451 -2.564890 1.187920 1.976790 -20.795230 10.979310 53.655700
1452 -3.090140 -1.025730 1.889360 -10.926070 9.421010 28.194980
1453 -2.972460 -0.287460 0.448170 -1.141890 -10.122530 2.169070
1454 0.912220 -0.518080 -1.551410 14.399560 -14.305080 -20.906380
1455 0.912590 0.786960 1.971250 -39.376210 -3.094390 28.399840
1456 -2.687360 -0.226460 -0.600700 9.234540 17.944400 11.009390
1457 -2.678290 1.046950 -2.794540 -43.102090 17.872690 40.489080
1458 0.528050 0.385350 -1.737340 9.045000 -13.833620 -7.406240
1459 -1.099380 0.446990 1.378530 6.728850 47.561900 -10.531810
1460 1.377870 -0.052670 2.021070 -31.786120 43.883360 41.381810
1461 0.857630 0.089870 -2.593830 -2.754930 -41.039210 9.809000
1462 0.301200 -0.351490 2.496430 -35.998750 -14.621650 0.177540
1463 -2.225200 0.614390 2.160650 7.092320 33.888700 -2.748630
1464 0.195040 -0.917780 0.218240 -33.571040 27.216710 -9.535960
1465 2.979120 1.131160 3.094200 -8.830770 -13.017710 39.934320
1466 -1.137920 0.086310 2.297670 -43.299850 24.372820 2.212270
1467 -1.096720 -0.219460 1.841500 14.703600 7.854160 13.966000
1468 2.404080 -0.645070 -3.091740 -2.395990 6.667300 9.899350
1469 -2.588570 0.710350 -2.817230 5.804310 13.222720 26.462030
1470 -1.156870 0.930470 1.275310 30.691900 40.738490 8.278480
1471 0.761450 -0.402460 0.951960 -28.111690 10.333440 20.211410
1472 1.391560 -1.475080 -0.538840 4.332950 34.381860 -26.391540
1473 1.294300 0.533290 -1.380160 -11.825760 23.632660 21.740220
1474 1.740180 -0.334580 0.151520 -14.680460 18.467680 15.480930
1475 -1.869780 0.740720 -2.540360 -28.715370 42.847260 34.184570
1476 1.692940 -0.568940 0.970180 14.309280 42.087310 -10.696160
1477 0.629280 -0.612530 -0.374120 21.135450 48.828120 -2.589480
1478 -1.190520 -0.653960 0.240190 -28.117470 16.041860 8.912460
1479 0.702640 0.347080 -0.004530 -6.248990 47.018760 23.716890
1480 -1.557570 1.018950 0.886300 22.402960 5.225580 5.412280
1481 -0.739540 0.047700 -1.201720 -19.743120 -17.149860 -12.508120
1482 0.681730 -0.090890 -2.359610 8.939950 -0.257200 -13.976630
1483 -0.853040 -0.937040 -2.038160 -6.960190 -18.500000 9.405150
1484 2.648620 -0.288680 3.077610 -47.153360 -1.072750 46.259900
1485 -0.725520 1.533320 -0.043720 10.183070 11.558330 6.337520
1486 -0.137090 -0.436820 0.155080 1.980760 -10.033850 -7.677000
1487 0.011600 0.246840 1.832810 -31.691440 -2.379900 26.294990
1488 -1.538410 0.202620 1.713230 20.585940 27.561160 28.921100
1489 0.383920 -0.109540 -1.572740 -8.194280 -25.843340 30.503730
1490 -2.609450 -1.216290 0.514090 33.234330 14.160410 6.888480
1491 0.461490 -1.341080 0.506680 -35.215570 12.374130 -24.216550
1492 1.285790 0.518020 -1.713510 1.997530 31.580160 32.352700
1493 0.961390 0.182950 2.682350 -10.121340 32.814090 20.784800
1494 -1.833620 -0.020290 2.592570 -37.785230 32.260930 -7.224870
1495 -0.853940 -1.075010 -2.985720 13.246430 40.633340 -10.698450
1496 1.367110 0.199520 -2.940890 -28.557740 26.517310 29.048890
1497 -1.843930 0.161740 -2.083400 0.233230 9.092130 18.692640
1498 -0.844540 -0.093340 -2.410260 -29.756230 23.594070 20.503550
1499 -1.673940 -0.022440 2.921620 -5.443790 54.826560 13.495930
1500 -2.809210 -0.691930 -1.565890 -15.696860 -32.578460 31.090680
1501 2.250990 0.974210 -1.786140 8.987180 2.104020 17.332050
1502 -2.121610 -0.167340 -2.389010 -47.458100 26.904420 30.046680
1503 -0.865520 -0.112640 -2.117910 -40.008410 11.966760 -13.348150
1504 0.740910 -0.835700 2.353830 -19.378670 -7.427800 29.112790
1505 -1.149740 -0.441180 1.089840 1.008060 -14.814420 5.997910
1506 0.713060 -1.539620 1.056630 -0.236500 -6.859680 -14.560780
1507 1.594120 0.784330 -1.808830 8.951270 31.798150 27.930780
1508 1.457830 0.081320 2.962930 3.832280 12.099930 26.056830
1509 1.077900 -0.624070 -0.372390 11.176590 0.765220 -16.945630
1510 1.794540 -0.385780 1.571800 2.277490 57.315590 29.293430
1511 -1.382550 -0.215660 -0.491910 -2.891450 20.801300 21.739060
1512 2.545110 -0.167350 -1.949460 -25.350190 23.814050 33.587350
1513 -2.849480 0.665790 0.561710 11.593790 -12.239300 8.448510
1514 3.040340 0.175200 -0.156240 -18.751250 -8.537050 25.865990
1515 -2.954180 -0.308390 -2.194580 -36.225680 -16.887580 43.244610
1516 -1.030890 0.278470 0.370760 21.227170 17.853450 35.331670
1517 2.723450 0.056440 -2.829860 -5.142970 14.110860 48.547990
1518 -2.740510 -0.686450 2.478730 -33.667350 39.134160 33.761420
1519 2.852790 -1.100310 -1.068710 0.072790 -35.907420 -4.466070
1520 1.243210 0.490490 1.269990 -31.976410 25.499510 5.217520
1521 1.852810 0.861720 -0.988690 -6.876250 17.791590 65.031350
1522 -3.080160 1.325570 1.123810 -22.452090 -18.086080 48.482140
1523 0.842780 0.644150 -0.907810 -8.034870 -5.243980 24.127210
1524 -2.230250 0.823960 -2.054260 -53.917360 4.409010 34.134940
1525 0.028560 -0.243200 2.063450 -22.573890 -4.769110 -11.092300
1526 0.993000 0.328100 1.015290 -28.088710 10.051520 27.877070
1527 -0.545670 -0.459010 -0.202610 -8.471800 39.925520 6.112590
1528 -0.647240 0.196330 -1.285730 21.969100 -26.376140 -2.397820
1529 -1.830070 -0.021190 -1.380850 4.943580 -31.366710 4.574280
1530 -1.217150 0.393530 1.421810 -6.038810 3.740400 4.903470
1531 -2.806740 -0.739690 -1.312530 -25.621520 -33.889550 8.314130
1532 0.759830 -0.989400 2.703560 -36.091260 3.314390 -27.115090
1533 2.579930 -0.926600 1.486000 -23.827380 36.455670 -12.264870
1534 -2.591930 -0.519850 0.171060 7.104630 -5.053570 -18.705890
1535 0.073860 -0.069170 2.190050 -35.633010 -0.769510 -7.444540
1536 0.661290 0.398290 1.144490 9.912140 14.696710 8.724780
1537 0.814580 0.830840 2.378900 1.588940 11.055330 12.688260
1538 2.113830 -0.070220 2.599640 -14.213090 43.227650 10.722850
1539 -2.812890 -0.373490 -2.283720 -39.684810 -25.469950 15.154050
1540 1.441640 -0.056580 -0.952220 42.861430 -6.839170 13.457650
1541 0.933600 0.155120 -1.241120 32.202390 -16.062440 -0.248630
1542 -2.580740 -0.279450 0.814080 29.067810 3.264720 38.689380
1543 2.141310 -0.956950 -2.039520 -27.554940 19.491870 1.584440
1544 -0.938010 0.144560 2.102700 -31.268730 2.494970 6.198460
1545 2.463580 -0.013770 1.551150 -19.344980 11.291480 11.045350
1546 0.255480 0.565360 -1.101940 24.489930 -34.069500 13.102240
1547 2.358740 -0.257420 2.131470 4.640420 52.954580 18.344540
1548 0.577000 -0.306270 0.406350 -3.242610 31.235810 -20.782210
1549 3.133510 0.039500 2.240260 -19.686550 14.518460 52.564460
1550 -2.474880 -0.068370 1.921100 -24.740870 18.142600 16.744960
1551 2.269370 0.291370 0.435980 -2.395490 -9.762820 22.706200
1552 -3.134840 -1.068770 0.484580 36.577300 -0.470390 -5.995190
1553 -1.857010 1.189950 -1.025320 -26.423790 16.128070 18.614380
1554 -0.717130 -1.205400 1.840760 -13.376070 -19.364000 16.334050
1555 1.029940 1.513750 -1.102340 -14.165960 -2.207740 46.439730
1556 -2.225940 -0.530440 1.427010 37.042200 17.087390 0.341040
1557 -0.520760 -0.508850 -1.190270 -5.776320 -21.371040 13.771250
1558 -0.457580 0.122400 -2.356390 -38.128960 -0.822090 29.519090
1559 -3.045940 -0.494850 0.558770 27.192430 -1.338560 -5.250250
1560 2.588970 -0.420380 -1.301910 24.395450 -17.098180 30.850740
1561 -3.059950 0.756130 2.239650 13.750790 18.203990 9.788900
1562 -0.027850 0.463680 0.559530 39.113820 29.837150 10.669760
1563 0.066110 0.017150 0.520200 29.517380 36.319790 19.130860
1564 2.037700 -0.208600 1.419020 -4.897650 35.974930 -1.959940
1565 -1.991020 0.007700 -3.011710 -25.616250 40.478390 35.921530
1566 -1.120950 -0.035640 -0.639730 -12.659510 -28.973280 9.088330
1567 -3.093030 0.771470 0.251960 30.027380 7.468180 26.588250
1568 -0.973420 0.331290 2.709450 -6.991780 36.645470 26.197030
1569 2.061800 1.003050 1.069150 -13.758590 30.479230 17.503700
1570 2.254720 -0.463990 2.763050 -17.984680 1.338860 -1.063370
1571 2.625590 0.269790 -3.063570 -42.186850 26.900750 19.805460
1572 -1.384310 0.698000 2.341340 9.000420 45.117960 27.349220
