1 0.954690 0.429420 2.012520 59.388070 -24.489950 -22.343320
2 2.986310 -0.975400 -2.669540 57.859240 29.322080 -15.736580
3 0.008570 -0.518450 -1.102580 29.373970 7.628600 18.893350
4 -2.411280 0.045480 -1.871580 49.706870 24.419590 -50.966020
5 2.396730 0.022340 0.035520 0.866470 -17.366290 -44.086260
6 -3.018340 0.056980 -2.400990 50.618580 17.096710 -49.300370
7 2.161630 1.091120 -2.485650 26.455600 30.887210 -62.678130
8 -0.177020 -0.645270 0.409250 17.153180 5.045150 7.753810
9 1.685660 0.665650 -1.569730 6.692910 29.301660 -43.746110
10 1.840940 -0.273480 -1.993530 19.802350 36.527100 -21.200900
11 -2.288130 1.147700 -3.082270 25.811450 -17.316090 -63.333890
12 -0.028440 -0.887390 -1.193860 36.427330 13.835740 9.903900
13 -0.277800 0.453700 -1.073550 25.512990 37.858620 -21.954430
14 -2.739440 -1.215740 2.709310 61.437660 -19.845250 -9.025480
15 2.936410 0.548740 -2.148280 27.985140 28.024550 -64.849490
16 1.238160 -0.858180 0.624560 30.975000 -14.455840 2.149000
17 2.567660 0.162600 1.312150 42.877970 -42.635090 -43.696580
18 -1.205150 0.565870 -0.598840 18.717530 38.751740 -50.045800
19 -1.963430 -0.109570 0.306270 -10.762100 19.566750 -40.002640
20 -2.097810 0.515430 2.317730 36.227200 -25.838710 -64.914980
21 -2.818610 0.155230 0.609090 5.971330 -14.135630 -59.094880
22 2.695550 0.280000 1.440240 44.163020 -25.178200 -54.051530
23 1.185630 -0.385530 2.724970 59.661400 4.901020 -1.122890
24 -1.839860 -0.994150 1.059470 0.629320 -18.287780 -6.184290
25 0.197180 0.581750 -0.989090 13.379730 40.188050 -25.707630
26 0.317160 0.013650 1.341980 23.278900 -40.669670 14.927820
27 -1.373210 0.129650 -1.750070 60.529170 35.333090 -40.076630
28 -1.159910 -0.843020 1.390980 5.087730 -9.751890 -3.423000
29 -2.793250 0.468030 -0.286920 15.035710 -1.297080 -50.685950
30 2.494820 -0.452460 0.465110 9.549170 -43.568870 -13.529060
31 -1.923470 0.727730 2.820630 37.367230 -31.328750 -50.252630
32 2.811180 -0.522160 1.640900 46.718700 -35.458730 -32.501190
33 0.630690 -0.038530 1.912460 48.425880 -38.873410 6.974560
34 -0.011620 1.411330 0.631970 2.101800 -8.420570 -59.401710
35 0.571920 -0.231300 2.276380 53.186500 -21.969230 7.015050
36 -2.073620 0.635600 0.024210 15.805750 8.661790 -55.358960
37 1.471140 0.185930 -1.530130 5.628160 40.296850 -24.955580
38 0.870570 -0.681500 1.659810 43.687730 -20.268260 25.694560
39 0.167030 -1.103700 3.024410 23.000470 -2.705480 11.151500
40 -1.732440 -1.405170 2.977190 42.611500 -19.162130 -1.905220
41 1.282490 -0.120230 -0.920550 -2.302750 25.213540 -7.296170
42 -0.671540 0.935460 0.080370 2.291070 15.287760 -41.504430
43 0.960790 -0.002760 0.504610 12.450600 -28.926860 -10.481390
44 -0.474040 0.475600 -1.969300 63.215210 19.502930 -15.660560
45 1.128740 1.179180 1.924500 55.812230 -7.058200 -48.336650
46 -1.705470 0.515440 -1.990250 61.700350 6.417690 -47.401050
47 -2.274880 -1.182920 -2.990330 68.593200 -16.493450 7.076230
48 -1.941930 0.765530 0.541380 9.201340 5.629090 -67.640230
49 0.249830 1.221470 2.280380 50.950320 -20.314180 -53.327630
50 0.385390 0.255130 -0.678930 -5.515860 6.312900 6.705540
51 -1.703450 -0.559340 2.339550 44.035320 -45.890770 -17.937620
52 2.805060 0.575520 0.491610 22.081250 -33.996810 -48.523870
53 2.889880 -0.601660 -2.556880 56.129620 27.408950 -27.686000
54 2.356000 0.232520 -2.004230 23.680430 26.938270 -46.550980
55 2.001460 0.838190 2.130760 66.928100 -2.401610 -55.181630
56 1.479440 1.264770 -0.946240 4.197050 -5.580530 -48.717490
57 2.102920 0.477030 -2.687320 47.321190 26.680290 -30.883920
58 2.821920 0.771510 1.438480 43.827100 -0.094290 -65.534190
59 -2.850620 1.122980 -1.896440 22.091180 -1.424970 -75.145420
60 3.023500 -0.010410 0.388830 5.426840 -27.826440 -51.922700
61 -0.983560 0.113640 1.398870 2.072820 -18.808350 -27.276500
62 0.900130 0.396300 -0.652390 -5.242630 18.553970 -21.014090
63 0.035340 -1.207090 2.335040 18.374740 -7.764220 19.186160
64 1.114670 -0.652690 -0.116660 14.949070 -21.930890 10.741650
65 -1.829280 0.145450 -2.686770 63.971670 -20.601700 -32.027900
66 3.022350 0.456140 2.213360 59.917470 -12.890650 -61.426510
67 2.320810 0.248990 1.157050 39.298230 -51.076770 -35.207870
68 -1.167990 -0.302230 2.019270 22.938780 -38.247570 -17.579270
69 -1.445020 0.983610 -1.142700 15.068270 26.344340 -53.138900
70 1.103080 -0.747690 -0.897010 10.023380 -9.650030 25.567430
71 1.347090 -0.184420 2.371860 64.674060 -0.951880 -13.375790
72 -1.743770 -0.325960 0.907320 -6.573100 -22.505040 -11.022130
73 -0.278490 -0.083010 -0.927030 22.235310 43.467060 -6.442870
74 1.536850 1.059000 1.482300 51.923150 -26.319280 -56.250420
75 -0.424950 0.744390 2.027270 28.669930 -40.685830 -42.235770
76 2.976640 1.294160 0.531980 40.007000 -17.752900 -45.115890
77 -1.575880 0.421500 1.654440 10.683610 -40.893040 -45.431860
78 -0.770850 0.635040 2.268330 34.596550 -47.860810 -41.150180
79 -1.122500 0.617470 2.729760 46.358840 -43.628750 -25.727860
80 -0.138310 0.754850 -1.454150 41.800970 44.220790 -38.000850
81 -1.342440 -0.272310 -1.996990 68.663980 10.959430 -14.711070
82 -2.506140 -0.092080 1.278740 15.308420 -32.665820 -49.734360
83 2.751350 -0.974910 -1.298400 10.542210 27.868780 -12.076230
84 0.561230 0.206670 -0.487000 -35.465720 -4.614370 -8.421960
85 1.611520 0.370510 0.330860 11.554060 -39.682220 -30.151000
86 -0.233440 -0.693970 0.986960 17.783590 15.622260 17.955040
87 -1.799880 -0.579910 -2.682570 63.060370 -16.610730 1.165830
88 2.087650 -0.147240 -1.955010 18.633180 58.263860 -20.759710
89 1.786670 1.026100 -0.422820 -2.794010 2.529220 -52.879520
90 -2.393750 -0.719430 -2.409670 67.973810 37.456930 -18.600240
91 -1.679540 -1.041990 -0.000980 9.975770 22.135240 -9.591700
92 -2.652040 -0.001020 -1.626000 37.092450 37.320240 -53.955040
93 -1.668100 -1.389470 -0.533210 30.554590 38.379300 1.486510
94 0.708290 -0.211470 0.300290 10.413430 -25.011680 0.759590
95 -2.431170 -0.727550 -2.081630 58.612370 16.714370 -16.276710
96 3.058870 0.828500 2.912690 36.308050 -1.768770 -48.636630
97 2.054940 0.095660 0.348840 4.231960 -45.234320 -15.000930
98 -0.757290 0.596710 -2.371620 74.708300 6.221050 -43.490010
99 2.301450 1.081820 1.674270 57.262500 -13.346590 -61.505820
100 1.243350 0.417390 1.715610 55.127560 -22.093330 -29.486000
101 -2.058090 0.528410 0.649550 2.887640 4.951960 -66.843050
102 1.461370 -0.251080 -1.144100 -32.863290 18.983520 -11.441960
103 0.030430 -0.143650 -1.435210 33.574810 20.457670 17.106570
104 -2.822260 -1.090720 -2.213340 47.918940 23.613960 13.567460
105 0.266060 -0.401400 2.684660 45.630810 -2.823580 5.680320
106 -1.026460 -0.170090 0.069240 -11.294790 39.117010 -17.619100
107 2.271120 -0.892060 0.539230 -12.425460 -32.047760 4.227980
108 -2.443110 -0.139490 1.869640 32.405980 -20.897990 -42.370120
109 0.437170 0.202950 -1.609630 21.875110 27.204960 11.806970
110 2.377060 -1.220120 -2.353240 25.743420 19.310770 16.917940
111 -1.603770 1.160060 0.535000 -16.367990 24.293270 -60.460300
112 -2.884050 1.001880 -0.907700 29.400050 -10.664920 -44.980890
113 -1.511400 -0.036440 -1.436920 20.517960 32.692900 -13.547250
114 -1.099820 -0.969540 -1.561160 42.201200 4.446580 26.122610
115 -1.277710 -0.381930 0.073460 -24.572670 22.180510 8.864180
116 -3.096350 1.065650 -2.342700 -4.854130 4.324360 -45.337640
117 -2.448580 0.116370 -2.934770 61.789920 -11.144860 -40.855140
118 -1.897670 1.013380 -2.604440 43.884080 -15.485620 -68.285730
119 -0.078380 0.705630 -1.895500 50.003280 21.146210 -16.549280
120 -0.824480 -0.775190 -2.006820 40.178330 4.116540 30.110830
121 0.984030 0.643690 2.055060 50.772570 -36.898080 -6.056720
122 0.050480 0.094100 -0.781510 -22.828620 24.913940 -5.759570
123 -0.107670 0.172450 2.075980 38.751630 -51.772730 -7.061020
124 -1.401620 0.365080 -2.941330 66.574680 2.162140 -38.051220
125 2.056490 -0.704940 -1.899730 15.400830 19.271020 -1.997390
126 -0.247780 0.443620 -1.233750 30.653630 28.600780 -13.891600
127 1.292880 -0.649930 -1.807280 16.422250 16.635550 2.804170
128 0.940810 -0.340980 -2.036070 20.220000 42.675500 -0.873140
129 -2.367220 -0.052710 0.857450 -5.172220 -2.924810 -49.080580
130 0.701080 -0.290500 2.733190 23.338770 -1.977080 14.613760
131 -1.198360 0.527160 1.856880 12.387860 -29.308560 -50.975990
132 -1.207720 0.962850 -1.247620 51.427760 19.116670 -39.535320
133 1.656100 0.665600 -2.901160 19.795500 25.062760 -24.386740
134 -1.943640 0.751030 1.690550 14.714830 -21.056580 -42.800650
135 2.798000 -0.836860 1.193990 34.684780 -45.533870 -10.189760
136 -2.502370 0.380720 0.400540 -26.563790 -6.034290 -53.939450
137 1.336080 -1.264280 2.937940 0.343830 22.946840 8.093220
138 3.079630 0.946780 -0.184700 30.305140 3.909180 -65.220250
139 -1.223060 0.228540 -0.625420 -10.157390 40.064780 -17.213430
140 -1.786750 -0.338940 -3.065100 31.572150 -35.393460 -24.525170
141 2.114170 0.266070 2.187340 75.015990 -20.511210 -32.626430
142 1.483310 -1.296960 -2.165710 -20.704480 15.974650 20.812960
143 2.734520 -0.352220 -2.097380 31.085130 53.190180 -34.502740
144 -0.617020 -0.171220 1.481730 -5.809040 -44.439960 14.942780
145 -0.045930 -0.739150 2.983550 40.577650 -15.767370 15.726150
146 -0.606370 -0.462140 -2.294980 62.655230 -3.071170 20.299950
147 1.532150 -0.580700 -0.425850 -31.493080 -7.636090 0.294560
148 -1.840930 -0.145540 -1.796200 25.527300 29.062300 -23.196990
149 1.676080 1.055090 -0.111670 -0.107510 -10.353750 -58.897620
150 -1.884010 -0.728550 0.797810 -13.232990 -26.911300 1.451040
151 0.014630 0.813720 3.063880 47.237110 -8.029220 -7.740170
152 0.694660 0.380490 -1.087310 7.381330 17.808300 -10.761730
153 -2.488890 0.555690 0.748800 -17.682200 -3.716430 -66.937620
154 -0.359000 -0.000910 2.609110 46.560860 -13.994070 -6.971560
155 1.312130 0.304260 1.352170 41.144360 -52.614260 -4.395430
156 2.370400 -1.151960 1.578400 24.788540 -21.283710 18.081570
157 -2.444070 0.009190 1.633330 -8.363150 -48.765630 -52.774410
158 -1.740460 1.388800 0.030040 8.337000 21.913850 -71.312420
159 -1.395310 0.430530 2.111510 22.189790 -51.447330 -33.194980
160 1.386340 -0.178500 -2.717880 47.941540 49.762050 -5.779030
161 -0.464600 0.949310 2.021300 1.990380 -40.446610 -21.427050
162 3.084470 -0.311950 1.363340 5.692030 -64.283830 -36.164770
163 -1.080960 0.981080 -0.918230 36.840350 19.936820 -44.596620
164 -1.214750 -0.432390 1.517180 5.726980 -40.920610 -11.719620
165 -2.916840 0.282040 2.928730 19.993140 -3.959870 -55.444600
166 0.612570 -1.004760 -0.586950 -4.663520 -9.630690 24.019220
167 -0.215590 1.016340 0.783380 -35.495300 -15.805240 -30.219780
168 -2.660350 -0.373940 -0.030210 -8.375870 13.273700 -44.103130
169 0.667450 -0.445450 -1.767270 27.935960 37.039830 11.653780
170 0.782960 -0.695590 1.403310 42.778240 -22.215470 18.799350
171 0.544250 -0.652220 -1.323910 -8.928310 9.814390 28.429160
172 1.970800 0.432480 1.037640 2.605940 -40.870130 -34.073140
173 0.603740 -1.383880 0.781460 14.719130 -6.351670 7.237570
174 1.655070 0.025730 -2.753560 57.663400 28.988560 -1.901140
175 1.806780 -0.369500 -1.103280 -4.101640 34.660470 -4.003380
176 0.732990 0.383910 3.040160 60.117660 5.357810 8.851230
177 0.363150 -1.016410 3.135400 -0.081040 4.369400 0.794090
178 1.962240 -0.224050 3.079530 62.071170 21.329580 -28.871570
179 0.881450 -0.327640 -0.914510 -8.452180 1.893380 29.737330
180 2.281510 0.903850 2.219140 20.974810 6.853180 -42.952750
181 0.371270 -0.703710 1.276570 22.178000 -22.086240 33.130480
182 -0.472710 -0.685540 -0.931470 35.420430 22.459660 3.487230
183 -1.491050 -0.238590 1.981550 13.129240 -50.197980 -2.149970
184 -0.918630 -0.097400 1.706010 -19.582430 -34.306400 -19.295710
185 -1.474530 -0.053480 0.737370 -35.678650 -2.416140 -8.151590
186 1.143520 -0.568130 -2.122720 -2.290330 2.860310 -0.302850
187 -2.725910 0.861190 0.835970 -5.654420 -12.959360 -66.347260
188 -1.023000 -0.400070 0.067360 -23.739170 6.396230 9.776230
189 -1.536040 -0.838730 -1.228780 28.754010 41.327940 21.150680
190 -0.742630 -0.236800 1.353310 -12.162390 -22.143500 20.159170
191 2.361620 -0.184570 1.697990 25.195960 -25.454840 -16.956200
192 -0.561120 0.280430 2.025750 -0.482150 -36.738780 -29.137820
193 -1.631970 -0.153200 -0.276640 7.891990 22.733990 -28.011190
194 -0.325440 -0.083280 3.112380 26.922720 -7.822770 7.013690
195 -1.804580 -1.211930 2.935050 49.572380 -6.540380 1.561620
196 -2.860680 1.323210 0.750500 40.537160 -6.264650 -52.548520
197 -0.215330 -0.122110 -0.948540 25.263250 23.936150 -1.959260
198 -3.091700 -0.134910 -2.526130 41.710790 19.643430 -19.694010
199 -2.983550 -0.941530 -0.479170 -0.880520 6.165980 -5.612430
200 2.442040 -0.784670 -1.627210 -21.245670 39.352910 -10.489740
201 -3.135420 0.976490 3.055830 32.830090 -1.110230 -65.144520
202 1.484150 -0.335750 2.165550 63.681780 8.546160 -7.313980
203 -0.365950 0.985210 -2.706710 46.096600 -14.100200 -20.592910
204 -1.061010 -0.552580 -2.713090 50.965690 -17.465270 20.414930
205 0.115750 -0.258960 1.585780 23.303950 -40.254800 21.124080
206 2.170780 0.044140 -1.158840 -0.696490 16.697150 -39.981690
207 0.122650 -0.697060 -0.345530 -9.892960 -4.125080 14.442280
208 1.315320 -0.835570 3.063880 45.128630 12.900820 15.701490
209 -0.522390 -0.391590 3.056250 19.209120 -30.596420 -1.745620
210 2.043430 -0.077570 -2.171340 -2.300630 43.043900 -13.704200
211 0.047740 1.025600 2.164330 25.676440 -37.539410 -16.062520
212 -2.768160 -0.991690 3.099060 45.149750 -0.326040 11.179100
213 -0.755920 -0.670200 -0.254000 17.994630 19.260110 -3.929470
214 -0.461630 -0.580390 -0.789420 21.358710 24.089480 33.397140
215 2.593050 0.966670 -1.502740 -23.089910 -5.096330 -66.634330
216 -0.438170 -0.370070 0.802310 -6.710690 -8.988430 27.840460
217 -1.652930 0.479370 2.968900 16.645150 -36.401620 -48.937030
218 -1.712160 0.750420 2.659880 5.846140 -21.701810 -62.044590
219 1.165900 0.731560 2.269930 51.680700 -17.314080 -9.559040
220 2.934000 -0.729350 0.189140 -35.776720 -17.648720 -25.218000
221 -0.916430 -0.545480 1.752700 4.233130 -23.935700 24.755370
222 2.407780 -0.370870 -2.574110 15.997830 25.698640 -32.819830
223 -2.617710 0.751520 -2.128050 8.637650 -15.292650 -67.693050
224 -0.171580 0.348270 2.847570 32.984080 -19.333410 3.346970
225 2.463590 -0.277890 1.820340 61.190750 -33.747790 -32.197940
226 -0.138210 -0.168980 2.307820 8.327730 -24.356180 7.463910
227 1.204260 0.271130 -1.319940 -7.942380 28.982240 6.424450
228 2.628850 0.159360 -2.713920 16.307110 30.632520 -41.627850
229 1.487420 0.679810 0.581850 6.255630 -36.959340 -12.493460
230 -2.077930 1.385510 -0.634010 49.797840 9.308650 -70.893520
231 2.438930 -0.659280 0.497730 -19.587260 -50.464640 -20.266710
232 -0.448490 -0.908690 -0.990890 10.597340 21.952910 25.455540
233 -0.473510 -0.442680 0.153690 -2.164820 16.148090 30.868890
234 1.746140 0.704950 -2.210450 2.191180 29.378790 -22.401370
235 0.597910 0.916850 0.602270 -0.572740 -18.489330 -10.212530
236 1.030180 -0.700300 -1.093830 10.605790 -8.298730 18.987560
237 -1.945130 0.207870 -2.202620 40.604630 -14.832150 -47.968650
238 -2.820810 -0.004110 -2.388230 26.757060 -0.155250 -56.346180
239 2.150700 -0.977120 1.938380 49.789480 4.357930 -5.737010
240 -0.436740 0.605270 -0.519060 -24.481300 20.903950 -36.634580
241 -1.622360 -0.964640 1.593110 -25.775980 -24.042400 8.194530
242 0.371700 -0.781710 2.050280 30.812360 -21.933830 27.728980
243 -2.937130 0.534310 -2.052920 39.731350 5.640880 -55.059940
244 0.686600 -0.256160 -2.272690 46.153470 43.956870 13.056180
245 1.702200 0.301080 1.813140 29.783730 -42.149970 -31.290730
246 -0.227210 -0.900830 2.221040 -11.045880 -21.387510 14.278750
247 1.295260 -0.499180 1.860190 56.322930 -30.677250 2.076220
248 2.647010 -0.990710 -3.099870 60.797500 3.434550 -1.781620
249 0.912890 -1.422610 -1.379660 -7.850330 -20.772630 29.786970
250 2.817520 -0.166630 0.090950 -3.388070 -26.761120 -20.270830
251 1.152840 0.766660 1.265660 21.711440 -58.427400 -16.879820
252 -1.929570 -0.461270 1.331910 -0.342700 -51.181370 -12.618270
253 1.585280 0.364010 -2.320410 27.981700 36.053600 -3.842090
254 2.513080 0.011470 -1.663480 -18.162310 40.929950 -45.494850
255 -3.112140 -0.211550 1.678060 39.148630 -16.743510 -36.295460
256 1.967350 0.287200 -1.981610 21.044700 24.459700 -26.293170
257 -3.084030 0.153310 -0.874220 1.708860 30.718880 -61.744740
258 0.474830 0.007290 -0.302910 -0.568280 -8.269590 7.261090
259 3.066590 0.520880 2.928650 15.037890 3.546770 -49.621580
260 -3.011380 1.497540 -1.121720 28.622840 -6.010570 -62.992750
261 2.405200 -0.534020 -2.751880 23.417880 31.566730 -1.808180
262 0.972400 -1.222180 -3.021660 -10.916460 -1.021150 10.735720
263 3.071370 -0.398600 2.657250 65.508790 7.386100 -35.551630
264 -2.400910 0.679690 1.373420 -9.728280 -27.668450 -71.629490
265 1.266310 0.633750 -1.047870 -19.509800 0.334410 -13.864660
266 -2.243430 -0.044230 1.353680 12.256000 -10.685010 -38.765150
267 1.101020 -1.430660 -0.298460 13.455170 -18.587270 33.208630
268 1.677840 -0.760660 2.918320 27.231980 32.971730 -0.780610
269 1.419910 -0.199000 -0.496700 -15.999480 -17.140190 13.490380
270 2.873200 -0.409810 -1.743040 -11.228320 31.315250 -27.864100
271 -2.428130 0.245380 -2.876300 30.258780 0.101390 -64.169480
272 -1.676410 -0.648940 -2.270850 60.075700 -8.798790 1.951370
273 -0.535150 0.348650 1.278210 -33.411150 -31.138980 -14.178010
274 1.727530 0.511120 0.562660 2.344700 -33.293700 -10.549480
275 -3.107560 -0.244070 0.918660 10.740420 -35.225370 -48.835830
276 -1.454550 -0.450020 1.926540 -6.307930 -27.558140 -24.174550
277 0.875650 -0.763850 1.022170 40.938640 -22.105870 25.476180
278 1.273150 -0.645790 -2.965390 18.754090 21.517840 29.535160
279 -1.209260 -1.038070 -0.609590 -4.313970 18.780330 4.525940
280 -2.063910 0.419810 3.006880 15.661460 -26.421370 -44.376310
281 -0.728530 0.981740 0.242390 -31.947950 -7.321600 -41.757430
282 -2.002610 -0.843680 0.041760 0.129980 6.631280 0.437880
283 2.340690 -0.096440 -2.413060 38.953090 44.786800 -39.216900
284 0.724600 1.334520 -1.158380 -8.594230 17.983280 -25.535140
285 -0.406480 0.292260 2.557300 21.689450 -51.209810 -23.048510
286 0.531670 0.988160 1.321720 13.072300 -27.944070 -12.402640
287 -2.064520 0.729940 -0.488750 -5.151780 19.861340 -50.694230
288 1.529210 -0.539660 2.705310 29.394450 9.520450 12.014540
289 1.560650 -0.450330 0.294320 6.936700 -43.378820 13.717050
290 1.110200 0.926520 2.654560 64.079930 18.142110 -40.571490
291 1.660410 1.189360 1.340320 16.943880 -20.336090 -55.507400
292 -1.071170 -0.053340 2.578130 12.392610 -26.147740 -11.724340
293 2.975360 -0.495080 2.926600 49.479510 -12.416470 -9.315190
294 2.917820 0.343450 -2.453970 40.317880 8.890710 -53.536660
295 -0.842840 -0.266800 2.644870 32.359180 -34.207410 19.358690
296 0.139700 -0.574080 2.440220 8.653280 -32.458990 7.310960
297 1.720880 0.117760 -1.375390 -26.154410 22.763540 -38.649080
298 0.350240 -0.101120 -1.075530 -12.874200 34.631680 -3.238780
299 -2.765460 0.339360 -0.418360 7.499180 26.283450 -65.587740
300 -2.061170 -0.562890 -2.246990 65.408920 5.342990 -10.202840
301 0.178880 0.954890 -2.629930 63.984650 6.745810 -21.441800
302 -1.562460 -1.130360 0.720790 -2.144630 -6.105500 16.141750
303 -0.645680 0.711160 2.063370 -2.469740 -38.554970 -25.159170
304 1.259780 -0.790180 -2.724080 32.234090 26.678980 0.439740
305 -0.840480 1.371970 0.557410 4.223520 -4.177490 -40.953580
306 -0.402970 -0.479020 0.824330 -11.070590 -16.192370 28.393270
307 2.531040 0.540640 1.270320 10.283750 -35.149770 -55.216780
308 2.670000 0.497270 -2.366460 2.097260 26.895260 -40.419070
309 0.970150 -1.474870 0.697850 53.465840 -10.118950 23.763300
310 -2.939970 -0.327190 -2.388120 29.490010 28.621230 -48.426420
311 0.817480 0.732650 -1.312280 -26.802200 25.615620 -25.201920
312 -0.092140 1.365540 1.266970 -22.048460 -20.682440 -47.138550
313 -1.701570 -0.242490 1.005180 -14.917800 5.737990 -24.935900
314 3.058320 0.455260 -1.706600 18.091820 41.120570 -62.630280
315 -0.302430 -0.567330 2.015080 -5.782270 -16.279380 5.901890
316 0.920660 -0.520230 0.098400 -13.383420 -15.717990 -2.264550
317 -0.696790 1.133620 2.921210 52.276200 -37.575370 -40.434230
318 2.421380 -0.695920 -2.693320 52.056290 26.010310 1.324730
319 -2.288700 -0.731760 -2.540730 69.447940 14.272530 -28.317880
320 2.851040 0.152760 2.434230 38.860430 12.484110 -42.315630
321 2.278540 0.712080 -1.074490 -30.143000 -11.932360 -55.249340
322 -0.634840 -0.246220 2.068980 23.709590 -28.429140 -11.020060
323 1.539240 0.401490 -2.409590 3.153660 25.233250 -32.282200
324 1.259880 0.678530 -1.661700 -16.449420 33.436290 -43.720420
325 2.093850 -0.899670 2.887770 36.685960 28.771130 -11.798230
326 2.147100 0.612790 -0.061260 12.792290 -22.495080 -29.645250
327 -0.352830 -0.077290 1.673690 19.211300 -14.246170 -3.574950
328 -2.545230 -0.431140 -0.804420 7.135760 54.243870 -26.341780
329 1.044840 0.287500 -1.336510 -2.576410 38.993420 9.386170
330 -3.100840 0.396120 -1.087150 20.980850 7.805410 -46.160720
331 -1.337970 0.125980 1.777850 -15.471270 -40.015550 -43.276830
332 -0.119460 -1.204050 -0.064040 37.008700 26.482970 11.870530
333 -0.114630 -0.823420 -0.498570 14.472090 -8.042030 32.473780
334 -1.497840 -0.431000 1.446740 2.750070 -13.347280 -20.239120
335 -2.102780 0.030690 1.535860 5.968410 -37.298490 -22.127380
336 -1.255390 0.817810 0.890530 -0.068710 18.863540 -37.882650
337 2.834560 -0.106500 -2.602030 41.783340 15.046070 -21.902450
338 -2.181690 0.290280 0.797550 -30.351330 -1.896010 -47.210130
339 1.974550 -0.401070 -2.645290 13.727560 43.520720 -9.286330
340 -2.993060 -0.946250 -2.188880 15.863810 35.123880 -15.771290
341 -0.977170 -0.100820 0.962960 -30.924860 -28.742540 3.051230
342 1.471740 -0.196350 -2.286540 37.426590 27.543520 1.972540
343 -2.961510 1.316900 -0.959970 38.743890 3.375310 -58.325660
344 2.592490 -0.828530 -1.769380 -11.464110 17.083940 -13.353340
345 -1.808990 -0.603030 -2.310470 65.290630 18.904550 7.338320
346 1.157330 1.405260 -0.361110 -28.834370 -26.725620 -61.506380
347 0.871490 0.398790 2.832790 51.596570 -22.385380 -1.165950
348 -1.412920 -0.877910 1.614110 -23.813060 -46.194400 -0.695100
349 0.967180 0.181900 -2.270920 30.266110 38.252050 14.440740
350 1.153860 0.748110 0.105050 3.730120 -21.745090 -38.405970
351 -2.454190 -0.845420 -1.634130 29.061230 34.795940 7.706240
352 -2.360810 0.978560 -2.609440 33.322780 -24.431870 -74.433750
353 0.042800 0.450400 1.085450 8.850590 -15.600450 3.290730
354 -0.839930 1.240880 1.718330 4.044860 -8.172870 -62.513490
355 1.830850 0.654780 1.041460 25.412400 -41.917440 -19.064590
356 -0.136050 -0.678390 -0.023880 -5.918840 -12.106900 9.030680
357 1.346420 -0.420710 1.634340 20.428330 -23.833920 17.775320
358 -2.285480 -0.121000 -1.074440 30.246690 33.790040 -44.158450
359 -2.976520 -0.471610 0.576050 -14.804140 -35.792180 -5.570950
360 2.190170 0.264410 1.540670 24.525090 -28.113450 -21.007160
361 -1.694940 -0.031700 2.194380 2.720140 -26.001110 -35.824210
362 -3.085860 -0.326950 2.239910 37.305750 -44.457000 -19.563100
363 -0.408100 1.135090 1.920290 22.962290 -17.009290 -45.054290
364 -2.419330 0.799770 -2.935630 6.241210 -11.194470 -69.577760
365 1.426820 1.181740 2.606680 27.586640 -8.887140 -49.848790
366 2.637150 -0.152760 3.063850 70.717970 35.595350 -30.339040
367 -0.311740 -0.338920 -0.990690 27.815860 9.397060 1.002080
368 0.138800 0.929270 0.579170 -33.479620 -19.895230 -17.518150
369 -0.668540 -0.737920 -2.965210 46.966980 2.243940 9.210780
370 1.496620 0.795300 0.231190 -17.764220 -48.542520 -25.398200
371 0.553010 0.537800 -0.846170 -29.971730 25.597660 -1.582590
372 3.099470 -0.500430 -1.800130 3.149090 43.728220 -39.796100
373 -2.845650 -1.195510 0.653970 4.671340 -20.641270 -11.598990
374 -1.299820 0.902490 -1.753130 25.153110 12.062890 -56.220220
375 0.889100 -0.435650 -0.812310 10.428300 26.985040 15.973200
376 -0.387290 -0.841640 -2.063310 44.918620 -10.539840 35.406680
377 -1.303490 -0.801290 0.512680 -41.269840 7.615900 11.146680
378 -1.909590 -0.834980 2.825790 40.155420 -29.760830 14.122680
379 2.493820 -0.471190 0.366900 -29.450900 -38.384130 -23.131280
380 2.026440 0.418880 -2.002950 17.607340 30.930230 -52.249460
381 -1.282610 0.492730 1.379110 -32.644800 -23.554020 -45.568210
382 -2.112840 0.050850 2.536930 39.376950 -47.870410 -29.406420
383 1.964930 -0.325180 -2.112970 7.306100 54.124620 -25.126680
384 -2.044700 1.096720 -1.186710 39.021740 -5.603870 -39.156440
385 -0.507940 0.111780 0.809460 -40.496570 -14.012400 3.403600
386 -2.468310 0.659470 -1.365030 1.831140 15.365800 -54.867350
387 -2.813860 -0.096510 2.644800 46.483720 -14.101290 -20.585500
388 -1.787560 -0.185840 3.133000 64.328830 -28.265300 -12.961650
389 1.357760 0.886560 0.887010 -9.089860 -41.886420 -49.257600
390 2.401180 -0.322030 0.454400 -23.479210 -29.989570 -23.491930
391 -2.763730 -0.015470 2.998600 26.327950 -22.253860 -44.798820
392 -0.217810 -0.325180 0.098800 7.528150 -7.948460 13.158830
393 -1.882220 0.180220 1.805710 -16.147950 -28.696310 -32.560300
394 -2.293890 -0.672470 0.091850 -16.146470 15.977170 4.599970
395 2.252990 -0.020290 -1.321410 -34.455590 38.064270 -31.071750
396 1.276050 0.075100 -2.055070 5.395080 40.034720 10.552990
397 0.678800 0.153310 -2.366880 35.730260 13.993530 11.918520
398 -0.207540 -0.897390 -0.367960 23.113250 -1.439080 33.836570
399 1.634540 -0.312940 1.188550 10.917670 -28.366460 -10.252190
400 -1.298720 -0.749810 -1.429220 19.899520 6.446230 -7.558250
401 -0.250890 0.423420 -3.024200 37.626110 -7.009960 -28.277330
402 -0.802650 1.393080 2.169890 14.919180 -26.098300 -27.042290
403 2.308970 0.425940 2.292930 41.393860 -30.754380 -46.476750
404 0.191690 0.119150 -0.937540 -22.477200 29.636470 3.763070
405 -2.675820 0.026450 0.883270 -22.531940 -15.534870 -57.742490
406 -1.895180 -1.000690 -1.985920 41.740730 12.341530 18.193500
407 0.880100 -0.127740 -2.726500 26.881190 9.420170 18.424470
408 1.382130 0.540690 -0.367980 -3.699420 -18.314300 -18.714380
409 -0.391260 -0.461660 0.500920 3.037650 24.398130 11.420080
410 0.384150 0.430860 -1.067800 11.090830 31.123150 6.101580
411 -0.007730 1.313390 -2.874130 64.237870 -15.186220 -50.424580
412 -0.958690 -0.042580 -2.472960 77.057440 -6.807020 -11.042180
413 1.232440 -0.172680 -0.452980 -34.323050 -22.773340 -10.967790
414 1.259280 1.129880 2.982120 50.433090 25.505160 -21.934390
415 1.552210 0.470300 -1.825590 -9.235500 19.746530 -15.473030
416 0.026270 -0.803250 -2.742740 9.555030 -22.529040 4.299790
417 -2.913780 0.012240 1.664370 26.847980 -27.792500 -23.053040
418 0.153330 0.478380 1.969090 36.340860 -44.248370 -31.288580
419 -1.547720 0.204090 -2.615710 74.321440 -6.889390 -39.681400
420 0.071400 -0.764620 -1.590170 41.938770 2.978010 34.187170
421 3.039370 0.308020 -0.413130 -35.284490 -0.844350 -46.332180
422 -1.736410 -1.048670 -2.981450 44.252220 -35.217860 16.445330
423 -2.295920 -0.174770 0.577380 -12.336180 -8.278050 -14.913460
424 -0.932060 0.409760 -0.093490 -24.738900 22.479390 -7.322410
425 -1.953310 0.835970 0.111550 15.583290 28.714520 -65.850560
426 2.803540 -0.758830 -1.400330 10.399030 54.899530 -9.654550
427 2.153670 -0.499240 -0.824170 -40.095730 4.802140 -23.160100
428 -1.763840 0.701910 -1.776170 23.059410 12.763770 -41.845840
429 1.221610 -0.196580 0.655990 -17.622770 -31.315680 1.113350
430 1.080360 0.629630 0.406860 -20.305800 -31.316800 -6.322280
431 1.612760 0.868410 1.547660 36.764740 -42.164270 -23.888280
432 -2.343210 -0.998410 0.852050 -15.854800 -17.241450 -26.582710
433 -3.135380 -1.234200 1.232790 -3.960530 -53.539880 -9.908700
434 -2.577770 0.252980 2.679350 40.910710 -28.314850 -35.973920
435 2.592350 -0.218670 -1.336380 -30.192350 18.247940 -37.725230
436 -0.429470 -1.447330 -0.017140 41.109210 -0.421390 23.064380
437 -0.486200 0.761410 2.206280 34.504390 -59.173190 -35.181120
438 -1.573870 0.302550 -2.738060 60.862210 -25.883260 -23.444850
439 -1.374120 -0.925790 2.898700 23.426880 -49.291680 16.499510
440 -0.568830 0.494810 -2.987620 52.120100 5.655270 -28.874080
441 -2.537480 0.388970 -2.570610 21.053090 13.460130 -59.919300
442 -1.357480 -0.206500 1.709070 -23.646850 -49.625470 -20.355850
443 -1.203730 -0.304870 2.972720 41.581910 -43.705090 6.792600
444 0.659630 -0.412810 -0.852290 12.281270 12.667660 1.835910
445 -2.362540 -0.923570 -0.466870 -7.564270 11.694730 5.901830
446 -0.623490 0.391330 -1.444600 14.661680 43.877500 -23.844380
447 -2.994280 -0.302920 -2.269360 22.082270 42.880170 -41.323180
448 0.448330 -0.586760 0.811470 -13.680710 -28.593970 18.085850
449 2.063420 1.284110 1.782920 44.465220 16.617280 -62.415410
450 0.430300 0.789210 -2.317560 47.884160 17.860710 -11.891260
451 1.426950 -0.468110 -2.135030 4.151790 53.070000 1.540580
452 -2.243030 0.657220 1.819340 -14.219260 -26.935990 -63.499730
453 -0.130280 -0.500450 -1.537100 16.462400 11.162590 32.877940
454 0.347790 0.913310 -1.206330 -17.356000 36.637630 -38.322650
455 -2.741740 -0.082430 0.892400 2.133930 -35.080380 -23.841580
456 -0.016890 -0.167640 1.963690 13.091970 -5.707540 14.097340
457 -2.057190 0.277490 -2.031190 58.507130 -0.193450 -47.724400
458 3.075110 -0.553150 -2.370640 48.959280 34.687080 -39.002660
459 -2.779440 0.623030 0.732220 18.477030 -15.692230 -76.842350
460 -0.192220 -0.671330 -0.860950 2.363630 17.959870 2.932860
461 1.366670 0.422310 3.054100 54.285710 14.720560 -2.076340
462 -1.107820 0.661630 2.639950 15.280420 -32.734620 -56.652110
463 3.045740 -0.050020 1.117540 -7.149880 -53.226130 -46.585220
464 -2.803170 0.273430 -1.777440 33.764180 21.360810 -66.976200
465 1.489010 0.244150 2.868710 65.890500 23.808080 -30.883140
466 2.345170 0.157120 -2.596400 41.542070 24.771360 -21.094460
467 2.047670 0.550820 0.471010 7.083980 -47.300190 -25.334380
468 -1.408610 -0.247310 1.252910 -2.855390 -36.600800 -13.988210
469 1.931190 0.390590 -0.568520 -27.916150 -0.158650 -10.947540
470 -2.599020 -0.432940 -0.890960 -3.946460 29.306110 -8.685690
471 -2.770540 -0.041260 0.308670 -20.615660 -13.007100 -23.895150
472 -2.870830 0.959240 -1.176580 30.989860 -6.161790 -72.580860
473 -2.425620 -1.299520 -2.752750 47.605580 -4.434900 -18.515900
474 -0.889200 1.082580 -0.614510 -2.029480 11.968440 -56.921610
475 -0.622930 -0.987660 1.297860 -19.650990 -2.885510 -0.031390
476 2.517220 -1.177480 -2.995730 32.276710 28.463180 -15.703240
477 1.119050 0.693220 2.115180 55.967750 -24.611020 -7.347500
478 -1.223530 -0.001800 -0.907340 27.556930 16.932080 -18.929000
479 -0.054210 1.167460 1.872880 14.458380 -17.618050 -51.216030
480 -2.034430 -0.695120 -2.246580 35.807100 12.566030 -0.354700
481 -2.595000 -0.496920 -0.586510 -5.856340 26.134670 -5.770690
482 2.135060 -0.264620 -1.537810 -9.245330 52.626920 -22.796290
483 0.741290 -0.276090 -0.525670 -10.836370 1.917610 32.642670
484 -0.335260 -0.383030 3.066470 43.893920 -4.129100 30.852730
485 -2.920010 -0.785690 1.215770 -16.031790 -47.767810 -23.743080
486 -0.820550 0.861470 -1.645640 38.159210 16.083760 -16.812150
487 -1.594400 0.491570 0.817410 -23.523370 14.395770 -54.429960
488 1.373070 0.359700 -0.036280 -17.820740 -20.385940 0.995550
489 0.025100 0.649010 1.880910 33.306510 -51.496370 -5.371980
490 0.898590 1.065180 2.137540 31.349160 -22.692390 -54.491020
491 -0.507050 0.437620 -0.251340 -5.598230 42.707670 -32.645470
492 -3.139520 -0.326210 -2.675170 45.127810 24.937070 -10.038530
493 -1.327020 1.190330 0.582590 -23.885660 4.690900 -63.026030
494 3.033970 0.494940 -1.875570 17.709920 6.901870 -75.147560
495 2.850660 0.656010 1.976150 44.835670 12.887250 -44.271800
496 -2.349570 0.838740 -0.138750 9.030650 32.772660 -63.512020
497 -1.578500 -0.901890 0.923900 -23.369860 -11.744630 -21.704850
498 -1.961740 -0.479150 2.510800 12.262300 -35.095760 -25.531560
499 0.693880 -1.333110 -1.707790 19.903550 6.018200 25.310440
500 1.660930 0.613650 1.182150 9.720030 -65.268890 -40.528420
501 -1.039400 -0.531520 -0.657330 -5.660230 17.915620 -11.241830
502 2.647010 1.421890 -2.450730 8.311550 16.067060 -69.293460
503 0.471060 0.384220 -2.884600 38.664640 19.101200 5.938800
504 -2.954420 -0.934610 -2.192860 24.544440 21.774320 7.675590
505 -2.517810 -0.351270 0.492220 -12.636720 -4.213260 -46.981960
506 -1.339360 -1.406870 1.554300 6.234120 -24.871800 11.475220
507 -1.412970 0.297540 1.218710 -15.331180 -8.113470 -49.967540
508 0.868150 0.169110 1.828150 50.890580 -47.372510 -14.788750
509 -1.249600 0.533000 -0.347450 -20.484120 37.168380 -35.746810
510 -1.831960 0.624450 -2.083010 24.224390 -10.209220 -57.761930
511 0.770270 -0.274780 -2.941260 49.220310 37.190460 16.391310
512 0.456280 0.562840 -2.071530 36.817860 31.938860 1.856790
513 0.104680 0.494890 -1.501710 6.853540 51.019060 -25.815730
514 2.494560 -0.896200 -0.570140 -41.756160 1.534490 7.393490
515 -0.944290 0.202640 0.320010 -11.692120 32.854100 -13.879110
516 -2.445150 -0.866410 -2.422660 67.107500 29.334740 -17.603450
517 -0.570010 0.137080 1.734870 2.702480 -48.795270 9.408220
518 -2.386850 -0.421630 0.866400 -35.752860 -16.619030 -29.826600
519 2.758480 0.550070 -0.372500 -3.288940 -7.841860 -29.766270
520 2.050900 1.095200 1.022750 26.723030 -19.568220 -71.995410
521 0.493100 -0.033390 -1.750780 0.367800 29.195220 17.441500
522 -3.062240 -0.629380 -2.763380 53.461270 38.395510 -31.802000
523 0.014700 0.993410 0.866000 -36.993000 -38.649050 -48.757140
524 1.667310 0.633230 1.858950 63.654170 -40.602450 -35.357050
525 2.438030 -0.066740 0.311120 4.137850 -46.603980 -31.866680
526 3.090610 -0.498610 -2.980910 37.527710 7.146760 -42.106510
527 0.511930 -0.015560 -2.276180 12.836470 9.580560 -6.263760
528 1.204170 0.370310 1.453150 38.712370 -35.157370 4.124810
529 -2.902940 -0.732980 -2.905030 46.094340 7.681800 -37.499400
530 2.249460 0.878310 0.977790 47.807130 -29.671400 -40.468620
531 -0.898010 0.135000 -0.782550 23.112090 26.219950 -20.580590
532 0.998870 0.987680 -0.339070 -14.080090 -19.855540 -20.912110
533 0.633970 -0.625340 -0.575740 -16.070930 11.263870 18.786090
534 -2.768060 -0.249350 -1.764170 6.446970 17.934400 -40.564560
535 -1.526020 -1.201310 -1.667340 39.215130 30.942390 -5.735000
536 2.270960 -1.323320 1.905010 23.869880 -4.207160 -0.289880
537 -1.079710 -0.068630 -1.907720 30.536900 23.605410 -18.541650
538 -0.964560 -0.134310 0.898600 -22.491720 9.910130 -14.914590
539 -1.888120 -0.699250 -1.062200 12.790110 41.897720 9.900970
540 -2.590690 -0.085940 2.207440 26.386280 -57.401490 -50.177050
541 1.756910 1.246350 0.670020 33.685260 -32.774900 -64.499940
542 -1.770880 0.243410 -0.383450 -24.203270 15.987290 -54.844080
543 -2.910860 0.825210 1.082870 5.409500 -2.834590 -78.703250
544 -2.966750 0.414790 2.387930 42.562450 -17.993980 -38.457520
545 1.073130 -0.201580 1.973770 28.115700 -26.079930 21.469360
546 2.719230 -0.619530 3.094430 63.720470 21.608550 10.034220
547 -0.437430 -0.796200 -1.617360 46.313830 7.269700 0.123640
548 -0.280490 0.459150 -0.057770 -44.281160 23.499000 -16.278830
549 2.755470 -0.783840 1.527340 9.355690 -33.427870 -7.776230
550 1.579220 -0.894940 1.792510 60.014330 -13.723120 8.334020
551 1.992070 -1.039870 0.479280 23.892200 -48.052610 3.649060
552 -2.340870 -0.401520 1.454600 -1.104460 -33.989330 -6.976820
553 -2.641690 1.345410 0.001570 15.791460 -12.162790 -69.401630
554 0.888100 0.614000 -1.969260 33.156840 25.941240 -13.628190
555 -2.686510 -0.793620 1.257080 -10.134380 -44.463600 3.149040
556 -2.536000 -0.381410 -2.976400 75.381480 -5.713520 -18.810840
557 1.415460 0.665100 1.948400 59.615910 -22.193330 -47.798130
558 1.443400 0.411750 -2.633660 47.994200 40.018750 -1.171270
559 -1.097120 1.264210 -1.266510 51.680760 39.612110 -49.942620
560 0.344050 -0.256320 -2.776080 47.505000 24.997060 3.050110
561 2.269580 0.182210 -1.133890 -40.421860 9.494630 -37.480650
562 -0.364030 0.544370 2.047810 37.090650 -44.827800 -8.396310
563 -2.851530 0.006310 1.002150 8.423880 -4.823370 -45.615090
564 -0.939080 0.847730 -0.994230 24.779590 37.210570 -14.320720
565 -0.517160 -1.157180 1.219950 -15.631100 16.730400 7.157340
566 1.348310 -0.393490 -2.915610 14.233270 21.786180 0.999160
567 3.034440 0.031200 -0.089870 -0.964570 -19.857730 -53.479510
568 -2.484460 -0.219360 1.282140 -23.321370 -37.136560 -36.586830
569 1.008860 1.051470 -1.706720 -14.487410 40.470850 -42.514720
570 -0.932760 -0.532370 1.437710 -10.863690 2.002470 1.314130
571 2.249750 -0.708300 -0.901290 -6.918000 29.026150 4.700160
572 1.699820 -0.539530 -1.946950 -10.274500 37.329130 17.603280
573 -0.547820 0.356740 0.623930 -29.820560 -24.747850 -0.917940
574 2.613310 -0.228600 1.357890 23.143530 -19.219720 -42.085390
575 -2.233250 -0.578260 2.868160 57.779920 -20.330340 1.698500
576 -0.890230 -0.333620 3.040910 18.732140 -30.082240 -2.549990
577 -0.067130 0.230060 -2.627110 40.493250 -13.922870 1.110850
578 1.011210 0.667280 -1.707070 -3.702180 14.212690 -14.808450
579 2.394550 -0.061920 3.130270 62.808750 15.699830 -10.521180
580 0.972100 0.237950 -1.153380 -17.140470 32.514750 -29.064720
581 0.788850 1.306730 -1.173090 -25.399270 11.526990 -52.644060
582 -1.812750 1.159720 -1.210810 22.264870 9.854310 -35.791500
583 3.000360 -0.495270 -2.818730 71.005870 22.408610 -11.582930
584 3.117730 1.028390 0.601650 7.593490 2.627870 -67.754850
585 -2.564640 1.291260 -0.072220 27.020480 21.386710 -69.654220
586 2.434670 0.319690 -2.889990 18.102600 7.620040 -52.209070
587 1.248770 -0.723370 1.195740 8.147590 -28.594100 7.205690
588 1.768650 -1.044830 0.447680 28.068660 -42.572780 14.475970
589 1.958620 -0.618090 -1.670810 -14.381130 4.188690 -8.092460
590 1.898490 -1.114640 2.446150 27.233700 -9.790780 -6.100830
591 -0.606740 0.902150 -0.571140 30.515630 43.379960 -31.046070
592 0.466110 0.453030 -2.989270 68.018530 31.047450 -2.184980
593 0.656750 0.196110 0.369960 -3.288180 -2.186120 -11.264610
594 -0.254540 -0.793320 -1.390960 18.743780 -8.552000 30.956630
595 -3.132590 -0.264020 0.445470 -26.943100 -21.729950 -51.327500
596 -0.309610 0.952060 -0.972870 9.562910 29.731630 -12.829210
597 -0.725030 -0.355940 2.221640 17.305610 -26.004960 25.043350
598 -0.585660 -0.142230 -0.582520 12.355850 32.599220 22.602170
599 2.986870 0.819890 2.346580 16.623820 20.236950 -44.981560
600 2.222300 0.164630 -1.034160 -27.427410 -2.926380 -18.190160
601 -1.103630 0.037590 -2.474390 45.449500 -26.351930 -16.306580
602 1.343280 0.154970 -1.284300 -32.298500 36.934130 -5.153380
603 -1.315160 -0.493910 -2.862890 75.904790 -20.800110 2.483360
604 1.249400 -0.872960 2.716220 16.395730 -8.067220 7.473090
605 1.126710 0.223850 0.540760 12.299480 -23.477610 -22.149470
606 -2.657970 -0.217620 -2.623180 57.064340 20.078690 -16.074280
607 0.286400 1.113840 0.023220 -7.307880 2.454440 -15.588000
608 -0.786370 -0.136670 -2.876590 48.100940 -18.339090 16.899790
609 -1.782440 0.228470 0.848270 -36.519390 -14.111150 -58.918710
610 -1.956020 -0.389720 -1.181950 2.152070 47.381730 -10.571060
611 2.488810 0.789510 1.040610 12.770960 -30.395890 -71.255360
612 2.098580 -0.786980 -0.512020 -34.473340 -0.490810 -11.258470
613 -1.915520 0.703490 3.022550 44.531020 -32.363620 -57.818040
614 -2.872680 0.408320 -0.787110 8.833870 32.784340 -61.710980
615 -1.649720 -0.393880 -2.972890 31.832140 -13.871220 -8.614780
616 -2.088350 -0.197150 0.249780 -25.178570 -11.668940 -18.309370
617 -2.531940 -0.104420 1.260470 5.590360 -48.681540 -26.321710
618 1.895660 -0.280580 1.392260 46.925310 -52.947610 -0.462370
619 2.076760 -0.566730 0.078550 -3.898240 -32.234240 -30.133580
620 2.580290 -0.156420 1.346910 35.300740 -14.671280 -30.118840
621 2.692000 -0.304280 -1.413050 -7.347220 45.449120 -43.634040
622 -1.617030 -0.030170 -0.211570 -16.056180 47.555190 -12.634550
623 -2.788860 0.016470 -0.163740 3.496280 25.571090 -46.568240
624 1.177590 0.929650 -2.497260 26.818410 41.636260 -15.385530
625 1.161670 -0.526220 -0.483260 -12.600670 12.302290 4.070350
626 -0.415770 -0.468530 2.408240 8.282740 -53.136540 4.973410
627 2.254370 -0.285280 -0.038600 -26.593250 -1.338140 -15.881920
628 -1.404610 0.616430 -0.707320 0.404090 10.508680 -48.901700
629 1.973050 0.255630 -0.997910 -17.217500 14.152010 -8.083590
630 -2.806890 -0.273640 2.648370 51.960220 -4.340440 -47.830670
631 1.599030 -0.959180 -1.534040 -12.743590 33.097100 20.414460
632 -0.923640 0.214120 2.105220 -3.261250 -33.740200 -27.507080
633 -0.444510 0.729540 2.758890 37.895090 -17.075110 -44.693820
634 -2.255170 -0.228950 1.655640 1.664350 -52.567250 -16.960760
635 0.558980 -0.940410 0.527130 33.186570 15.973270 26.965780
636 0.740310 0.296380 1.139560 2.853280 -47.012510 11.486530
637 1.767700 0.297300 -0.434920 -6.838480 11.428030 -18.486060
638 -1.579740 -0.557250 2.187830 4.361610 -53.336120 5.318040
639 2.804340 -0.881780 -0.433550 -45.810760 -10.844440 -5.696460
640 2.632190 -0.019930 -3.000180 32.843200 21.798240 -18.255110
641 0.317880 -0.149910 -2.103540 22.508220 40.933560 24.485840
642 1.261510 0.251080 -0.535000 -17.931130 19.437030 -21.643550
643 0.360230 -0.916810 0.143870 -2.184170 10.904410 17.652460
644 -0.754720 -0.214920 -0.277680 -24.743160 16.135650 6.820870
645 -0.699460 -0.705140 2.353000 -4.453000 -27.267040 -3.814930
646 1.961160 1.003510 0.049800 10.067640 -31.479260 -29.729770
647 0.263440 1.078740 -0.497650 -9.193230 14.989830 -14.271640
648 -1.576610 -0.388150 2.467830 38.705030 -42.726320 4.125200
649 1.703970 -0.450760 -0.246940 -29.824980 -39.808580 -9.737460
650 0.701110 0.087560 0.840790 10.688350 -12.450480 13.781430
651 1.857720 0.181340 2.133560 54.277120 9.428860 -15.023780
652 -1.337510 0.538880 -2.776110 83.830470 -9.475860 -35.316250
653 -0.850650 -0.454400 0.090370 -16.278260 25.614420 23.626390
654 2.830620 -0.155210 2.417860 30.276800 -14.038430 -46.975190
655 -1.692750 0.192010 0.697460 -25.494490 7.407000 -55.464580
656 -2.428990 -0.558210 2.303160 15.223000 -26.788390 -30.238380
657 0.463450 -1.062460 2.780650 22.125730 21.122880 38.416390
658 2.833280 0.822240 0.440080 -3.624020 -16.454690 -52.162220
659 -0.410810 0.053360 -2.152560 60.788670 7.838630 8.925250
660 -1.095670 -0.318190 0.762510 -32.068050 -10.919190 11.552520
661 -1.111750 0.436680 -0.972320 3.423510 37.571690 -13.545080
662 -2.306010 -0.445710 1.194210 0.803460 -43.186300 -43.042830
663 -0.427350 -1.144510 -0.592980 36.238710 11.195380 -1.858760
664 0.919940 -0.945400 1.058670 34.960900 4.942940 4.384330
665 -1.386380 -0.751890 -0.370680 13.688610 46.832740 17.938980
666 -2.418020 -0.486890 0.144200 -16.766890 -5.732230 -7.699280
667 -2.873020 0.290740 0.826900 14.464310 -38.675500 -53.965830
668 -1.819810 0.688180 1.287270 4.655100 7.247960 -57.211140
669 0.432960 0.096850 -1.440050 -3.051750 50.272470 -5.189160
670 -0.343400 0.419590 0.211450 -32.074230 -6.570540 2.485550
671 -1.233330 0.708550 -0.229030 12.987540 23.733420 -50.379620
672 2.401550 0.559600 -0.344770 -22.839240 -28.394630 -32.177420
673 1.875240 0.026060 -0.536060 -37.811700 -4.093330 -36.821430
674 -2.364920 -0.746530 -2.591660 58.893630 5.697680 4.799760
675 0.053160 -0.848430 -1.087320 33.207410 22.711850 13.559270
676 -2.058320 -0.173410 -0.917710 22.419760 58.037740 -20.888310
677 -2.929930 -0.500420 2.859640 49.996430 5.715380 -39.053550
678 1.684870 -1.274430 1.273130 19.089890 -8.009690 18.130470
679 -1.827840 1.235290 -2.455420 7.060570 -10.686210 -56.821400
680 -3.081740 -0.144060 1.822560 43.921410 -31.506390 -16.986460
681 1.251520 -0.341910 0.912270 4.935260 -54.800460 -7.428860
682 -0.325230 -1.137910 -0.265120 16.137340 33.676590 10.607390
683 1.248730 -0.215200 -1.107480 -5.308470 10.141980 19.191150
684 -0.809280 -0.880680 -0.345040 32.164240 14.105400 10.680240
685 0.494720 0.014130 0.859280 19.681150 -31.363460 16.849320
686 -2.478230 0.723490 -2.864310 8.179600 -0.506590 -53.470570
687 -0.179830 0.563700 2.595770 30.234460 -56.331180 -30.926500
688 -2.667110 -0.315950 1.498960 27.885780 -46.648960 -41.712630
689 -0.067750 0.380570 -2.321690 52.236400 44.326770 -13.127860
690 -2.107180 0.400120 -0.350830 -7.218560 44.141370 -47.417470
691 1.147780 1.415030 1.725220 19.313300 -18.507900 -37.870130
692 1.566590 -0.463950 1.738960 47.383630 2.361330 -0.717300
693 -0.563560 -0.325690 0.868570 -10.739930 -2.320260 27.336630
694 -0.865460 0.799280 1.037820 -2.386990 5.388720 -40.093550
695 1.077490 -1.192550 2.755960 -1.122870 20.577320 18.962580
696 -2.927500 1.040950 -2.432040 -3.932150 -12.700840 -47.038620
697 -1.821690 0.500090 1.405850 -5.841650 6.325250 -40.672480
698 -1.412230 -0.587260 0.949420 -15.990110 -11.165910 16.251090
699 2.429300 0.346150 0.873460 -4.633740 -35.450970 -49.606410
700 1.488830 -1.241520 -2.174160 13.960670 4.403340 7.420600
701 1.532300 0.517230 1.463310 15.850180 -30.426860 -25.895060
702 2.776250 -0.910500 1.089650 23.737610 -42.938530 -23.921040
703 0.675840 -0.443760 -2.800750 10.970080 17.956540 4.390580
704 -0.630070 -0.301970 -1.265370 15.014620 38.505330 -14.332110
705 -0.468280 -0.729770 -2.438950 16.913330 -25.309020 10.159290
706 -0.244220 -0.889660 0.336000 13.772760 5.241490 36.054700
707 -0.066330 -0.641580 -2.821910 11.956160 4.498060 5.065830
708 -2.007860 0.848540 -2.111730 17.785360 -16.146240 -71.825410
709 -1.184140 0.983780 -2.053740 50.854920 9.472270 -21.154980
710 -2.976800 -0.270630 -0.760920 6.978270 16.641600 -35.787110
711 2.872200 -1.140160 2.852840 63.057850 24.885730 3.213930
712 2.972160 -0.588820 1.313280 4.186090 -40.806990 -5.776730
713 0.368440 -0.300900 -0.869400 -16.893240 11.939620 -0.824690
714 1.862970 0.354140 -1.587780 6.981100 11.363530 -32.498500
715 3.026520 -0.420090 0.289270 -5.147060 -29.501970 -43.311170
716 -0.075550 -0.795050 1.664070 -11.938280 -7.627710 13.648720
717 1.344100 -0.155640 3.093060 30.140120 31.336450 4.841720
718 2.057220 -0.610080 -0.147840 -4.399680 -29.325090 9.871600
719 2.173080 -0.352300 -2.014150 19.877000 24.675560 -4.624600
720 1.332490 1.117130 -0.935720 -34.774170 -11.319710 -46.954760
721 2.649510 1.354500 -0.360180 38.070870 -26.489310 -53.481330
722 -0.807280 -0.387420 -0.848150 -3.131290 47.825050 -6.579770
723 0.886790 -0.190400 -2.206020 13.566100 50.678240 10.987410
724 -1.492760 -0.276200 -1.321000 11.643260 46.547650 -14.474330
725 2.231520 -0.045110 -2.919370 20.786990 26.836710 -31.704430
726 -1.379270 1.394790 2.953990 -0.805010 -19.826130 -40.624430
727 0.629410 -0.582540 2.444090 24.540530 16.794380 6.119890
728 -2.881230 0.536020 1.825440 21.088510 -15.360610 -35.564730
729 -0.521850 -1.363830 3.091810 0.148730 -38.895760 34.329290
730 -2.115280 0.178390 -0.712280 22.573410 17.849680 -40.819040
731 -0.345930 -0.203390 1.978850 2.976790 -54.437670 18.867040
732 1.806200 0.703190 1.035380 33.064830 -46.273270 -58.479850
733 -2.894840 0.092580 1.743740 32.606890 -13.061430 -56.850800
734 -0.683120 1.017700 2.832030 16.443010 -41.333660 -48.698520
735 1.769970 -0.860010 1.356250 45.829720 -35.260950 27.687610
736 -0.870120 -0.493490 2.482230 37.618620 -41.074160 -8.741560
737 1.050250 0.925750 -1.376650 6.178760 17.085040 -49.677840
738 1.405640 0.176170 -0.338680 -45.168600 -25.252000 -15.925180
739 1.234530 -0.344580 -3.049450 23.927420 25.420940 -12.479080
740 2.698770 -0.179970 -1.852510 -4.682450 14.515910 -35.015440
741 0.335530 0.977340 2.313330 56.237110 -44.598460 -29.978690
742 -1.646040 -0.580680 0.554860 -16.729090 13.901500 -25.792130
743 -3.057000 0.582780 -2.611290 13.413270 23.438040 -72.321750
744 -1.466550 0.740280 -2.104780 41.962880 26.613560 -38.524850
745 -1.387870 -1.522210 -2.651630 25.494960 1.913260 21.031600
746 0.296240 -1.335380 0.369210 14.234410 15.108860 33.358790
747 0.386060 -0.381250 -1.330490 15.684320 41.963990 9.439060
748 -0.680600 -0.012700 -2.785000 34.784670 -2.840980 7.811570
749 2.742570 -0.446750 1.777900 51.417470 -39.709280 1.348690
750 1.974560 -0.170570 0.767790 -9.688490 -45.167920 -2.822840
751 2.977710 -0.802810 -1.816600 12.834010 46.153480 14.267860
752 2.307780 0.824200 0.142550 -3.491480 -12.985870 -64.897080
753 0.643030 0.940400 2.933210 72.360150 9.419680 -41.396630
754 0.907880 0.904280 1.957850 29.643480 -48.361630 -21.429110
755 -2.095680 -0.524570 -1.421420 29.192560 18.043100 -39.141420
756 2.427840 0.522120 1.044780 25.496720 -29.846090 -24.416110
757 0.747860 0.102960 -3.068160 51.004220 5.652420 -23.210850
758 -1.457250 -1.031750 -0.706490 9.086680 12.886030 18.446860
759 1.752500 -0.597870 -2.886840 46.830600 14.235540 -8.303300
760 1.884400 0.451860 -0.006820 3.900850 -38.957130 -38.282150
761 -1.381200 -0.577500 1.140700 -39.139400 -15.773170 -10.871390
762 1.837260 -0.654980 1.080930 23.535030 -62.520860 -6.563390
763 0.272450 0.013520 1.414030 3.632320 -12.458170 16.307900
764 1.747260 -1.014390 -2.485920 29.005270 48.651620 7.303530
765 -1.407820 0.351600 -0.618750 -8.936710 17.366050 -49.997610
766 -0.907640 0.408830 2.492930 36.196220 -28.054930 -41.514640
767 2.230570 0.470170 -1.519020 -11.387360 18.029170 -64.905540
768 2.955040 -0.104620 -1.830750 -4.206340 47.525100 -25.483650
769 1.319680 0.354770 2.591380 62.481450 17.780570 -29.498060
770 -2.721080 -1.003620 -1.796760 32.183780 25.131400 9.391330
771 -0.940760 -0.043980 0.563880 -26.568710 17.954660 -23.660090
772 -1.455570 -0.592010 -0.899400 24.620960 28.071130 -24.964070
773 2.101020 -0.788670 3.035040 39.843860 42.444420 6.601950
774 -1.770490 -0.480810 1.354820 -15.546410 -9.808650 -25.542730
775 -2.628940 1.161220 1.995140 2.373910 25.869190 -68.250310
776 0.831650 0.714250 1.286850 18.045650 -57.710780 -46.232010
777 1.536090 -0.427160 1.921440 32.799490 -40.874390 -1.281550
778 2.519190 -0.677730 -1.032200 -25.985220 39.748340 -10.665410
779 -1.349840 -0.477620 2.104150 25.916270 -60.355120 -9.614880
780 -0.051110 1.154730 -0.853030 16.745430 19.994120 -31.196840
781 -0.835890 1.152980 2.839670 20.275570 -39.839580 -28.871350
782 2.128850 -0.234790 1.890090 33.895280 -36.594600 -4.035800
783 0.997370 -0.229450 -0.935310 -5.721860 25.402770 -7.258350
784 0.376520 -0.135640 3.035340 55.321980 -10.732680 29.600120
785 -1.663350 0.408060 1.111490 0.850810 -24.108310 -36.685410
786 0.723970 0.937200 -1.547320 18.395420 54.464200 -16.364700
787 -0.871500 -0.953490 0.454530 -5.825830 -2.740750 26.314700
788 0.915800 -0.048850 2.540290 42.807340 18.047390 -0.968730
789 -0.299420 0.282700 -3.002290 37.184100 -19.109900 1.954660
790 -2.236160 -0.239680 2.229260 39.621190 -28.745310 -47.863040
791 -1.656840 -1.024730 -2.808210 54.562960 -26.413990 -16.187000
792 0.695990 -0.668950 -2.626130 32.844070 9.021330 2.931480
793 1.257450 -0.073990 -1.800590 -1.819250 17.913540 11.385310
794 -0.077900 -0.205200 -0.301150 -17.781750 -7.372010 18.052690
795 0.232440 -0.525760 -2.172690 35.810560 14.036450 41.281140
796 1.748760 -0.007550 0.469960 -16.602880 -37.016390 -30.904980
797 -2.446920 -0.079960 -1.013030 3.481880 11.120030 -25.942960
798 -0.739720 -1.205170 1.413200 1.283100 19.166710 -1.256530
799 0.403800 -1.253610 -2.336930 -14.409750 -9.547720 23.563620
800 -1.058650 0.846430 -2.456000 64.906740 16.833240 -36.324350
801 0.028190 -0.126670 2.442780 36.907080 -36.815940 -14.875590
802 0.072870 0.456200 -1.626740 14.687030 57.725060 -2.360060
803 2.737370 -1.079240 -0.765180 -36.634800 -3.239590 -12.024340
804 -2.934530 -0.675230 2.958710 34.983290 -3.712100 -14.881360
805 -2.956280 0.790940 -2.978000 33.696080 -10.468000 -56.088940
806 0.929000 1.102110 -2.554430 30.563140 43.149570 -54.556360
807 1.859910 -0.294580 -0.365220 -4.163350 -18.328150 1.249910
808 2.894510 1.370370 2.926750 14.084460 2.997030 -39.417140
809 -2.755810 -0.628680 -1.774560 17.521310 42.682730 -1.019410
810 -0.637070 0.301810 -2.292530 46.910930 33.288400 -16.170010
811 1.806630 0.501280 -2.097400 26.755550 29.274620 -35.794590
812 2.293040 0.709290 1.078540 29.077780 -29.014120 -70.670840
813 -2.495070 1.208960 0.475540 18.472960 35.714020 -57.578660
814 1.169390 0.083750 0.542120 -2.735260 -60.750600 -16.809020
815 -2.970210 0.652220 -0.410860 8.725420 13.214550 -74.936370
816 -2.025650 -0.729170 1.178740 -28.068080 -56.366540 -16.116420
817 0.435340 0.224170 1.519190 -6.031930 -43.334780 -0.657860
818 2.071660 0.252590 -0.452460 -23.178130 10.957880 -38.323120
819 -1.484060 0.952160 1.352860 -19.619750 10.607190 -50.715050
820 -2.226330 -0.530910 -0.867140 -13.900820 16.421100 -13.003560
821 0.742180 0.759200 -3.008860 37.521720 -8.674270 -32.054610
822 -2.666600 0.044570 0.108240 -3.254890 -15.696030 -58.450000
823 1.358700 1.329170 2.056880 47.320430 -2.068290 -69.785090
824 -1.275360 -0.097160 -3.117250 71.460330 -20.131220 -1.540960
825 -2.952110 -0.535160 -2.804250 58.242680 28.023680 -42.137070
826 0.714860 0.161240 -2.326320 11.871420 36.394080 1.453180
827 -0.561080 -0.466340 1.205080 2.685510 -11.879510 28.980230
828 -2.977330 -0.615650 -0.351250 -27.804100 30.924900 -28.947390
829 0.732720 -1.237800 -1.319760 10.131890 -34.384750 -0.984660
830 -0.356360 -0.546900 -2.132600 15.285410 -8.106610 4.801360
831 0.457450 -0.180250 1.350290 17.088480 -34.898330 31.591810
832 -3.067750 -0.610980 -0.479800 -46.983600 10.465880 -25.668270
833 1.973830 -0.807260 0.626400 -1.717170 -60.884020 6.265340
834 2.981170 0.323690 0.988090 23.095730 -14.789170 -27.910390
835 1.857250 0.259400 2.069830 59.963680 -26.640520 -47.609180
836 0.959180 0.395900 -1.564940 16.640030 34.061410 -29.488160
837 -1.790800 0.635590 -2.448310 41.078980 -23.382220 -30.592200
838 0.882030 -0.368150 1.152040 40.985820 -7.658700 16.744810
839 2.031360 -0.053070 2.782310 39.230080 26.621090 -20.965000
840 -0.465230 -0.162890 -2.400850 47.885670 16.196990 -17.171520
841 -3.078610 0.159920 0.208640 -1.003460 -26.884160 -34.982150
842 -0.495600 -0.424260 -1.550490 35.178470 18.947830 30.912900
843 2.678880 0.763930 0.201260 -3.918070 -5.658630 -61.727940
844 1.033740 0.209310 1.648180 40.684030 -57.608190 4.045290
845 -3.061870 0.371340 1.635160 10.757070 -35.344120 -40.561180
846 -2.186130 0.293030 1.973160 16.956720 -14.714250 -62.053640
847 1.643990 0.357590 -2.728670 32.818230 51.512180 -38.129320
848 -0.979660 1.129930 1.098020 -31.451380 -0.876790 -64.428320
849 0.507270 -0.608380 -2.224490 26.654700 35.924720 20.399360
850 1.814010 -0.746100 0.155860 -22.995670 -38.321220 4.960190
851 -0.810670 0.245050 1.726090 -19.407820 -32.526340 -19.448510
852 3.047810 0.518470 -0.470160 17.244160 -5.434660 -61.812360
853 -2.900810 0.441520 0.799950 -4.167980 -39.312980 -45.488060
854 2.490940 1.019570 -1.916760 12.124360 -6.051160 -44.491650
855 -0.062090 -0.562630 0.736550 -10.540140 16.345810 14.367350
856 1.338210 -0.114420 0.697490 14.944520 -22.507250 16.907110
857 -0.401570 -0.216970 -0.996170 25.998660 32.248220 -12.222470
858 1.960130 1.172930 2.973550 41.304350 34.451680 -31.735120
859 0.224030 -0.567500 -1.833640 31.347620 26.565520 4.960500
860 1.130830 0.985080 3.101260 56.280980 -1.938780 -26.102450
861 -0.910220 -1.285350 -2.662650 44.698540 -27.398470 2.208130
862 2.945190 -1.271470 -2.076530 3.815750 28.300200 -10.394710
863 0.230640 0.428680 -2.577710 59.959080 42.645980 -7.779950
864 -0.561790 0.842380 0.086810 -35.254760 20.113090 -23.147370
865 -1.351820 -0.417400 1.788360 -9.066820 -10.205160 -1.057110
866 3.036400 -0.154170 -1.159080 1.839190 16.993630 -20.562940
867 -0.541200 0.900130 -2.373540 33.675570 -8.544410 -43.054410
868 -1.701510 -0.582610 -2.861100 71.180130 -8.671590 8.514520
869 -2.573020 -0.627250 2.011140 42.238570 -15.547100 -14.864720
870 2.421650 0.878010 -0.142900 -8.668980 -0.194110 -44.180730
871 0.942270 0.324620 0.184980 -1.074820 -38.570270 -8.771500
872 -2.116070 -0.752090 0.328230 -30.252390 24.144090 -0.236100
873 -1.284850 0.549240 -0.137720 1.702680 50.417630 -39.196950
874 -1.618240 0.230090 -1.921500 61.476650 39.131980 -23.650770
875 0.117990 -0.976580 -0.479450 29.901580 -14.182350 2.118750
876 1.225320 0.210110 -1.494420 -26.287650 32.679460 -17.196740
877 -1.557430 -0.670960 -2.164080 63.981350 4.381470 -22.949360
878 1.763900 -1.434860 2.521960 25.308260 40.869510 13.038930
879 0.609090 0.103310 -0.137890 -30.984550 -20.387130 14.670950
880 -0.869620 1.121900 1.527500 5.141660 -35.184130 -56.511860
881 1.466710 -0.248360 2.530400 30.027820 -8.224500 -7.453990
882 -0.773490 -0.713370 -0.731400 3.582330 19.403310 25.375170
883 1.229640 1.473640 1.069300 17.975440 -4.253670 -51.706280
884 2.075620 0.892700 -1.657650 -13.359280 16.988660 -30.530970
885 -0.173230 0.125290 -0.382340 -29.805050 32.426200 7.939490
886 1.125590 -0.962740 0.991010 9.594780 -3.914310 23.240930
887 -2.999560 -0.638630 0.789810 -11.229720 -15.433390 -37.381970
888 3.056810 0.167360 -0.805310 -9.871790 22.647110 -65.787230
889 2.090820 0.931130 2.875850 41.923850 13.188580 -27.416600
890 -0.471110 1.220700 2.920380 30.631250 -41.863090 -31.391270
891 2.045800 -0.760180 1.596260 56.282280 -43.279240 2.527110
892 -2.895080 0.131920 -1.405810 18.155550 23.195330 -26.692620
893 -2.633740 0.368130 2.929630 33.088390 14.219170 -54.020470
894 -0.331450 0.002370 1.697960 -15.120240 -40.402820 -10.141470
895 0.505260 0.624350 -1.953660 17.795620 59.823880 -18.197950
896 -1.023420 -1.096590 -0.459440 12.873730 13.695940 29.826470
897 2.727000 -0.257110 -1.687200 -11.176170 19.064520 -42.084840
898 2.573860 0.423950 0.371940 -17.910240 -33.070730 -34.702000
899 1.895730 -0.031730 -1.739730 -10.697930 25.396510 -0.829830
900 -1.473770 0.074650 1.670620 -6.169040 -30.211980 -50.193180
901 -2.145660 0.751270 2.030330 -6.974950 -20.054320 -75.814740
902 -1.162460 -0.230450 -2.684700 73.876720 6.273950 4.705530
903 -2.663610 -0.018450 -1.758100 37.265040 46.243880 -53.534390
904 0.886330 -0.252810 -2.920060 57.036940 38.489780 18.924400
905 0.896760 -1.098910 1.887100 63.308820 16.299590 17.217220
906 -0.792180 0.337480 -1.444520 18.077160 9.111530 -21.241930
907 -1.254650 -0.464420 -2.916260 71.364820 3.095150 -3.038900
908 1.005900 1.122680 2.511510 50.287770 -17.104850 -23.459180
909 -2.102940 0.708940 2.037320 25.164940 -30.564320 -65.540700
910 0.488230 -0.388570 1.799430 22.810500 -30.273410 38.763870
911 2.633520 -0.115950 -2.805070 35.789630 49.473510 -36.500530
912 0.069260 0.297470 2.371630 55.050440 -39.734360 -17.572510
913 -0.500480 0.578680 0.732780 -16.636280 -21.372990 -45.747770
914 -1.416480 -1.060670 -2.986690 24.643080 -39.949110 16.825110
915 -1.508040 0.193240 -0.317450 -1.824200 19.052540 -54.658600
916 -1.145910 1.242670 2.383300 14.405240 -4.473220 -53.971950
917 -2.238190 1.225900 0.934280 -8.931310 14.695460 -63.969750
918 2.692560 0.227560 1.906940 29.027370 1.487370 -47.011710
919 -0.597980 -0.194730 2.225310 13.570540 -33.776790 22.231850
920 -2.948630 -0.506190 -0.416870 -23.390080 5.770570 -4.278400
921 -0.693210 0.203170 -0.232340 -2.364860 10.046640 1.640000
922 2.591290 -0.349810 0.226500 -7.728560 -44.711760 -9.368520
923 1.689490 -0.260320 2.237010 32.464910 -20.994370 -17.772380
924 -2.248610 -0.575290 -0.544360 5.621600 19.821780 -35.497490
925 -1.146680 0.063370 -1.711440 28.734470 36.305260 -31.217190
926 -2.115890 -0.053230 0.581730 -14.602310 -20.968900 -57.367130
927 0.887780 0.825070 -0.640800 -31.398030 -16.750220 -34.938470
928 -0.960640 -0.268900 -1.431720 17.732910 29.197280 -18.976360
929 1.863800 0.223840 0.512100 17.165040 -38.423340 -42.108590
930 -1.367910 0.293030 -2.876820 37.356800 -36.954920 -39.475690
931 1.161830 1.146770 -2.878790 29.879290 48.828220 -38.593740
932 -3.030040 -0.971410 -0.128320 -10.369660 15.481590 9.827530
933 2.320860 -0.807170 1.272790 33.388550 -27.417060 -24.817990
934 1.183100 0.082270 1.482600 11.198880 -55.093010 -8.238290
935 -1.484370 -0.862250 2.668250 46.419980 -14.246200 11.583210
936 -1.053440 0.391250 0.492020 -28.515510 28.909490 -29.024760
937 -1.937830 -1.003510 -1.151580 19.462400 53.367090 -11.764590
938 -0.162590 -0.610220 -1.261630 14.538430 22.866990 36.210160
939 -1.700450 0.223420 -1.202050 41.272400 25.648470 -20.974780
940 2.252040 -0.228110 -1.965610 12.100300 52.953200 -36.084960
941 -0.969700 0.890060 1.480500 -14.102610 -1.146270 -45.629210
942 2.203740 0.946880 2.934290 48.277790 37.408840 -63.713890
943 -1.820350 0.384740 1.209550 -31.111550 -7.979850 -52.581680
944 -0.328660 0.887370 -2.610490 72.597190 22.291370 -40.798280
945 -0.891780 -0.806570 -1.437130 19.174360 25.347030 4.512610
946 -1.227750 0.836110 -2.585070 36.341140 9.519350 -46.253940
947 2.291500 -0.770330 2.429580 68.277080 6.649600 -15.080810
948 -0.832060 0.321150 2.536080 41.431300 -15.881710 -19.840930
949 1.761190 -0.688630 -0.132090 -25.640870 -35.141570 -15.224580
950 -2.537050 -1.157060 0.549170 -35.515590 -32.360610 -8.134200
951 -2.704820 -0.079210 0.608130 -32.709270 -9.916640 -36.377280
952 1.000850 0.596950 2.339610 61.305980 -11.125700 -0.248970
953 -2.546230 -0.926450 -1.023740 -10.134980 19.804040 7.482990
954 2.939940 0.001680 -2.544590 39.207190 17.810760 -64.122740
955 -3.072530 -0.012130 -1.758410 23.658490 42.604660 -21.448290
956 -3.104770 -0.309150 1.495160 40.519950 -48.082150 -30.911110
957 -0.862570 1.036020 -0.491660 -0.339920 31.880080 -17.802420
958 -1.647270 -0.252780 -1.397260 19.414710 8.911280 -27.584190
959 1.792790 -0.482950 2.679020 61.467490 8.682700 -22.859400
960 0.280490 -1.405420 -2.736660 10.208830 -2.352050 -1.536290
961 -0.337020 0.999540 -0.713200 16.216410 39.107680 -15.580340
962 0.391100 -0.306690 -2.773350 40.347500 12.865750 36.681370
963 -0.881410 -0.780310 -2.377530 34.880730 -30.904900 19.324340
964 2.944060 0.025270 -2.559450 46.313420 14.106630 -59.420450
965 0.249550 -0.115730 2.470510 50.694400 -28.050490 -7.485690
966 0.582750 -0.128610 0.535990 -24.529780 -41.284480 21.182190
967 1.567400 -0.380260 -1.802420 -1.392790 56.426300 1.095350
968 2.272590 0.240580 2.859080 35.855580 -2.807270 -22.229010
969 0.881250 -0.687020 2.095680 36.532490 15.463850 3.169750
970 2.610150 -0.102230 2.240820 46.005030 -28.881140 -15.324370
971 2.733900 0.422800 -2.072840 16.418110 27.370300 -26.902150
972 0.037000 1.387500 -2.846190 26.194640 7.074870 -37.691810
973 1.797920 0.310870 -1.038300 -34.524640 2.291810 -13.608880
974 -3.082550 1.198060 -0.256880 22.126140 3.043320 -76.375800
975 -0.470690 0.929790 -2.303890 72.731870 10.432480 -25.385670
976 -2.677690 0.682870 1.074170 -5.006900 -32.809730 -71.401050
977 -0.570500 1.003070 -1.415660 52.704960 35.540730 -23.608580
978 -2.426570 -0.702060 3.128380 57.237320 11.164630 -24.280250
979 2.072220 -0.819570 2.713570 60.637540 16.315210 -16.632180
980 -0.514300 0.132160 1.872820 -8.080430 -48.127560 -26.790050
981 2.073660 0.420000 0.887770 12.780750 -45.915650 -15.632440
982 -1.237390 0.688680 -3.000790 57.376550 -39.386260 -38.984640
983 0.643910 1.230900 0.909380 19.496810 -9.066620 -31.264500
984 -0.551750 0.625690 -1.413010 20.966760 19.598220 -7.575960
985 -3.135770 -0.728370 2.905500 56.417370 23.222750 -8.103030
986 0.243300 0.126150 0.137020 -33.306910 -26.985980 -3.211620
987 -0.705170 0.417570 1.920850 14.509670 -38.586210 -43.553230
988 2.264670 -0.501190 2.165600 48.499610 5.681620 -21.028310
989 0.275230 -1.356530 -0.681430 42.893840 13.336740 20.795800
990 -3.043850 0.029880 2.996510 29.248700 -22.918000 -50.451120
991 -2.881210 0.345640 0.952300 11.198930 -27.564280 -76.869930
992 -0.571910 -1.291520 0.218470 29.547210 9.715850 -5.836850
993 2.323730 -0.857670 2.810160 29.896980 14.677220 -3.408280
994 -1.882120 0.945230 0.679880 -22.177650 13.495120 -50.971790
995 -0.613870 -0.168680 1.758110 12.836490 -23.608970 22.530470
996 -2.506580 0.807390 -0.535030 28.771180 -3.274220 -48.106950
997 2.914010 0.801230 0.657360 -1.106670 -19.439520 -69.743640
998 1.267400 0.920210 -1.071300 -3.589670 20.565860 -51.182990
999 -2.234750 0.592000 -2.884820 51.976720 -4.474360 -69.349990
1000 -2.246310 -0.838470 -1.774000 23.899130 12.591320 -0.366730
1001 0.682960 -0.461600 -0.012110 -3.839370 -4.405220 40.789580
1002 1.104370 1.064210 0.541130 -11.789760 -13.456450 -49.324390
1003 -2.506010 -0.185920 2.808260 71.379290 2.716610 -35.387400
1004 -1.266550 0.092220 1.313250 -24.467140 -19.872940 -1.911050
1005 0.333120 -0.045240 -2.147040 33.505140 50.508610 11.318310
1006 -2.314950 0.612650 -0.220740 -16.285430 16.598420 -64.189830
1007 -2.235800 0.471530 1.393180 -20.789960 -6.812550 -51.851010
1008 0.772830 -1.064970 -2.441070 -4.650910 22.701730 33.008990
1009 -1.122700 -1.221390 2.652180 19.598380 -4.419790 3.739420
1010 1.325100 0.040840 -2.840700 20.942610 37.006790 -17.217330
1011 -2.003560 0.972930 0.073160 14.817010 35.851790 -69.135020
1012 -1.341090 -0.444150 -0.935850 28.470450 49.507970 12.182120
1013 -2.285290 0.331410 2.524410 32.819130 -2.342230 -56.639790
1014 1.779470 -0.805010 -0.252450 -29.621350 -28.722760 -1.633510
1015 2.941350 -1.175960 0.653840 -21.468040 -20.553380 -0.580670
1016 1.397070 0.421400 0.130580 -18.910190 -2.728140 -21.423470
1017 0.364150 0.043910 2.432210 21.018970 -33.243270 -2.601470
1018 -2.432540 -0.241870 -0.773300 4.755640 10.700640 -50.491700
1019 -0.405290 -0.374020 0.405010 -22.802550 22.321090 -2.504500
1020 -0.360950 0.873400 -0.575050 10.574790 30.380360 -46.761070
1021 -2.728290 -0.207070 -0.495150 -16.016280 42.022670 -36.901670
1022 -0.514410 -0.175270 -1.519440 11.765880 25.737500 9.926500
1023 1.583260 -0.191570 -1.405540 -25.175300 38.509500 -17.541700
1024 2.969510 -0.329450 3.011970 60.193580 14.665210 -6.508070
1025 2.443800 -0.331610 2.719910 60.559960 -5.103650 -46.157940
1026 -2.291900 -0.670050 2.956680 44.480500 -20.902920 3.088170
1027 1.789750 0.352100 -2.701660 34.717050 44.791740 -47.568500
1028 -0.802160 0.080820 0.404150 -22.607290 18.558400 -30.240450
1029 -2.665300 0.012970 -2.709270 58.465270 -10.289420 -55.682880
1030 0.237110 -0.958570 -1.325870 18.194030 22.283040 17.626920
1031 1.736060 -0.514440 -0.585140 -11.229170 -31.121610 -7.232710
1032 -1.056960 -0.332060 -1.459040 40.584970 20.731680 -27.329050
1033 -1.305800 -0.038740 1.783190 -11.259610 -55.930340 -6.904640
1034 1.960130 0.826980 1.686930 28.139630 -40.363560 -52.246460
1035 0.069350 -0.944810 0.316760 40.259720 5.339000 31.327890
1036 -1.937580 1.055030 -2.652060 14.320350 -41.598640 -61.138930
1037 2.136410 0.459890 0.810870 0.676150 -29.670910 -52.545460
1038 -1.771320 0.339470 -0.717030 19.582410 54.316930 -50.721550
1039 1.524030 -0.961460 -1.804930 -14.597890 16.550490 35.248890
1040 -2.515110 -1.207440 0.064760 -37.011200 11.802570 -0.717000
1041 -3.066840 -0.995580 -2.495190 45.157310 50.000740 -8.753680
1042 -1.309920 0.070180 1.588050 -25.458400 -53.520370 -35.047400
1043 1.975390 0.974890 0.630940 2.249390 -54.709210 -39.842910
1044 -1.427690 -0.107160 2.717220 19.536060 -32.793290 -3.625900
1045 2.528040 -0.588600 -2.098340 20.508120 30.858080 5.286510
1046 0.652840 1.284450 2.740120 29.908150 2.895240 -48.807600
1047 0.121690 0.518170 2.648410 30.350430 -36.091670 -6.126990
1048 -1.349910 0.540200 -1.493780 24.663890 33.536830 -57.714450
1049 1.994150 0.584770 -2.568920 14.474480 34.921260 -61.200980
1050 0.504320 -0.742570 -1.351350 19.150570 14.339600 46.712990
1051 -2.684170 0.183870 -2.063740 13.431450 36.841460 -53.398040
1052 -2.782380 -0.623840 1.731670 28.984580 -56.964280 -40.161300
1053 -0.990140 -0.186350 -2.275460 47.399950 26.732190 -16.190490
1054 3.045440 0.225810 0.489740 -14.236420 -27.956620 -31.308030
1055 -2.904180 0.613200 2.079450 41.079870 10.049250 -53.626100
1056 -2.929210 0.223840 0.800450 -5.341060 -37.740910 -35.541860
1057 -0.943900 0.058360 -1.688610 58.776760 35.950210 7.561680
1058 -0.679020 -1.083970 0.314670 29.450040 26.913980 31.325740
1059 -2.945150 0.998650 -1.241250 21.868540 -5.360380 -80.221500
1060 -1.733020 0.596310 2.594270 5.152900 -17.183580 -39.633510
1061 -0.554710 -1.339400 0.501290 -8.377930 15.142210 5.807960
1062 1.444440 -0.237430 -2.869440 32.478550 12.737440 16.969500
1063 -1.479170 -1.455820 -1.391530 23.243490 12.993110 -7.469230
1064 -1.361130 -0.994430 -0.479450 8.078040 53.460780 1.741430
1065 2.734540 1.085210 -0.803000 11.865780 -23.494710 -77.014140
1066 -2.637740 -0.175260 -0.374600 -20.083250 19.152500 -16.786120
1067 -0.078560 0.806340 -1.541590 10.011840 35.388420 -43.231490
1068 0.175890 -0.018280 -2.865460 28.576070 -12.684810 10.377420
1069 -3.030290 -1.192750 -1.378500 24.316970 39.010150 -12.002660
1070 2.805250 -1.469660 -3.039130 54.338620 1.763180 1.086770
1071 -3.112470 -1.101290 1.745750 38.449100 -29.335250 -18.968670
1072 -1.706860 -0.997920 -2.023910 53.234320 16.472690 24.239240
1073 1.585680 -0.268860 1.770130 43.380990 -7.866540 -22.552510
1074 1.276860 -0.143430 0.165190 -4.977950 -10.301330 -18.214860
1075 2.438700 1.005530 -2.856550 11.636860 37.110810 -36.142650
1076 -2.485090 0.819840 1.119470 25.087040 -13.451030 -69.348950
1077 1.692970 1.060460 -2.281310 3.318740 34.070430 -26.157200
1078 0.565190 -0.706660 1.065700 3.839790 8.656400 27.284380
1079 3.064510 -0.388680 -1.096090 -8.839040 38.395590 -4.574780
1080 1.559830 0.266260 -0.398200 -46.961810 -1.797680 -8.302200
1081 -2.672280 0.532960 0.953190 9.778710 -4.371640 -32.030540
1082 -2.927620 -0.707780 -2.968630 47.889580 31.922170 -16.857790
1083 1.744130 0.012560 1.546530 51.179800 -41.502940 -35.834960
1084 -2.278330 -0.227380 1.532720 -3.130660 -9.867450 -31.419460
1085 -3.122680 -0.679570 -0.540810 -7.290080 -0.709810 -12.272690
1086 0.514190 -0.400620 -1.699360 13.804100 24.274090 38.943630
1087 1.993040 0.275650 -1.303990 -16.772060 34.084790 -7.656490
1088 2.075320 1.333630 1.388270 18.081230 -16.097990 -53.439740
1089 -2.619100 -0.517540 1.901680 4.159060 -39.618550 -39.996130
1090 -2.561420 0.118070 -0.007390 -12.881140 28.278670 -54.977600
1091 -2.343440 -0.670270 1.923130 32.775360 -26.518740 1.741630
1092 -1.060830 -1.071030 -0.650690 22.277880 37.728530 -6.000750
1093 -2.994820 -0.538540 0.948450 -1.998650 -13.735240 -36.043910
1094 -2.788620 0.355750 2.791800 29.099660 11.397750 -59.017120
1095 2.637190 0.906420 -0.663030 -1.056490 6.521120 -68.516620
1096 1.996430 -0.951830 -2.745490 8.307170 35.120290 18.084620
1097 2.874940 0.265440 -2.918320 16.034530 8.769680 -48.019330
1098 -0.410300 0.697560 -0.890310 -13.837160 38.335330 -21.588790
1099 -0.371520 0.324450 1.540300 0.461180 -43.271610 -37.436330
1100 -0.424870 0.225820 -0.416150 -23.515580 5.287480 -14.426930
1101 -2.689680 -0.613740 -1.963360 44.389770 37.066610 -0.607940
1102 -1.467680 -0.495520 1.498990 -9.933570 -38.644790 10.864310
1103 0.934820 -0.378500 -1.427590 -0.719610 31.419410 -6.283900
1104 2.358040 0.185640 0.451430 33.018330 -29.591660 -36.437720
1105 -1.317970 -1.274960 0.493160 12.997170 32.611720 26.250170
1106 -1.963220 -0.111850 -0.211770 -23.837310 5.150690 -20.993430
1107 2.594130 0.546400 -1.816390 -6.008120 -4.630960 -45.972100
1108 1.554820 0.475120 -1.755490 10.213130 48.153330 -5.687550
1109 -2.857400 0.838200 -2.463280 29.844650 12.856060 -37.129110
1110 0.291920 0.572110 -2.461390 68.457690 45.217640 -14.780580
1111 -1.325240 1.287920 2.110860 -6.674510 -43.130520 -35.630500
1112 -0.456540 -0.193970 2.823830 58.513400 -34.878640 0.185230
1113 2.056420 -0.757860 -2.256870 23.891610 57.612840 4.350220
1114 1.800730 -0.713290 -0.266040 2.273210 2.255170 1.299300
1115 -1.687440 -0.583660 0.463690 -26.415760 -0.998730 9.991020
1116 -2.639020 -0.676540 0.874520 -34.443760 -35.345640 -14.444420
1117 -3.106940 1.226300 -0.204710 44.419090 -5.456650 -39.314720
1118 -2.073340 0.496040 0.145960 -10.678460 37.291900 -44.191170
1119 3.051480 0.473840 2.110240 9.929170 -9.939660 -53.106710
1120 2.929730 0.357260 2.714600 35.789010 2.745740 -27.779890
1121 0.645990 -0.597970 2.803840 41.809970 -13.250400 1.717490
1122 0.451280 -0.315580 -2.210740 47.062870 19.489170 1.373510
1123 -0.406410 1.044500 2.529720 13.354410 -26.840710 -34.702320
1124 0.091190 0.117290 -2.220620 35.013360 36.093680 -15.787230
1125 0.538830 -0.453860 -0.609260 -9.426570 21.841220 3.213750
1126 -2.815420 -0.625850 -0.650130 -1.307910 20.813240 -38.462110
1127 -0.713020 0.649610 1.314030 -1.271520 -33.088630 -47.453790
1128 -2.437310 0.124860 1.825270 14.075610 -12.226490 -56.705840
1129 -2.775790 -0.145780 -3.126450 70.033480 13.794020 -20.668400
1130 -0.550590 0.781780 -1.616220 14.422220 17.192700 -31.438040
1131 0.904700 -0.062450 -2.033080 30.445550 23.608230 -14.615880
1132 1.522720 1.267880 -1.385190 -4.672170 -6.051330 -66.773420
1133 1.886550 0.465460 -1.949470 9.847490 35.596240 -55.870690
1134 -0.899220 -0.654560 -1.016090 25.263230 25.050160 27.567870
1135 -1.403250 0.197600 1.150620 -4.803530 -25.105810 -16.462980
1136 1.701660 0.091830 -1.785560 10.458940 37.719780 4.295690
1137 -1.312440 -0.186480 0.672610 -2.951800 18.671920 -11.174280
1138 1.706280 0.766640 -0.984050 -6.266380 22.120060 -47.527620
1139 2.974520 -0.265010 3.023620 38.701540 12.680130 -47.401970
1140 -2.291560 0.647400 0.256710 -16.004000 15.104660 -47.451220
1141 0.834120 0.618640 0.301240 -17.479190 -6.310480 -33.955150
1142 0.547980 -1.113210 1.738100 20.403140 20.853210 0.170490
1143 0.330000 0.375000 1.693080 23.439400 -17.463270 7.671130
1144 -0.877990 0.397030 3.005660 38.805370 -4.093950 -22.835210
1145 0.041340 0.565350 0.442720 -13.647760 5.853100 -0.882700
1146 -1.612110 -1.300820 -2.100000 60.254540 -12.888730 11.955870
1147 -1.215270 0.491370 2.520280 37.849140 -43.717140 -16.407810
1148 2.206810 0.840440 0.160020 17.346270 -39.612980 -66.762120
1149 1.049390 0.222220 1.106400 25.289880 -40.778770 10.901000
1150 -2.962630 0.290240 -1.467650 -10.700230 9.593130 -58.781130
1151 0.499380 -0.659930 2.119990 33.047550 -6.492410 45.197250
1152 2.836670 -0.416130 -1.287300 -1.314090 49.469860 -35.820270
1153 -0.958270 -0.219360 -2.247070 56.236060 32.745800 -12.485020
1154 2.182800 0.364660 2.319720 72.899860 -13.062540 -50.176020
1155 -1.427890 1.134210 0.042580 3.528510 41.480350 -69.272190
1156 1.236210 0.091400 -0.873720 -37.888450 -8.095970 -12.251070
1157 -1.090050 0.007530 -0.914970 -4.278370 26.786660 -22.367090
1158 -1.110150 -1.008360 1.865760 6.648510 -42.534280 24.352870
1159 -2.484190 0.577470 1.999460 -6.567160 -18.612170 -44.563670
1160 0.682110 -0.256530 -1.786820 9.443450 43.877490 -1.706600
1161 2.329840 0.760320 -2.912730 25.233570 5.474530 -33.215290
1162 -1.708150 0.933760 2.252780 1.002260 -50.604100 -58.464170
1163 -1.734290 0.909840 2.234260 -6.995740 -43.935070 -66.160420
1164 1.070320 0.063440 2.087880 55.603340 -43.365460 -19.050850
1165 -2.022210 -1.235170 2.111710 30.739380 -49.042720 -6.545050
1166 -1.120610 -0.512340 -1.343020 38.698380 44.869050 20.392560
1167 2.673910 0.557940 -2.651390 4.658250 5.830760 -47.581530
1168 -0.572620 -0.358860 -3.115150 49.460140 -4.091850 -6.598920
1169 -2.930190 -0.075190 1.055040 12.689610 -23.437260 -54.772660
1170 -0.809060 0.484680 -0.641730 33.578610 39.766960 -20.013390
1171 -0.880950 0.261850 0.794070 -17.170670 8.165210 -32.667300
1172 -0.975680 -0.485280 0.325460 -24.986700 36.002830 1.321940
1173 3.141310 0.329370 -2.251810 7.564920 18.075950 -69.473020
1174 -0.934360 -0.631920 -0.016750 -3.417840 37.820770 -7.584100
1175 1.678620 1.065800 2.074910 52.202260 17.786410 -49.600910
1176 0.275360 -0.293690 -2.340780 9.365530 9.052760 7.171710
1177 -1.059070 -1.347780 -1.442570 42.921790 27.408230 5.533010
1178 0.739050 0.569650 -0.721960 -12.781220 -4.934020 -8.090360
1179 -2.327390 1.305020 -1.791020 12.003990 -14.229970 -37.796370
1180 0.509610 0.073040 0.452650 -12.604660 -7.648960 23.550290
1181 -0.629460 -0.088870 -2.653980 60.834810 4.967390 20.347800
1182 -3.050690 -0.126640 2.983920 52.291370 -9.146200 -20.725220
1183 -0.571080 -0.383230 2.008900 18.930570 -48.393570 -10.644160
1184 1.218590 -0.586340 0.842610 31.062220 -31.396860 -9.609000
1185 1.249400 -0.874620 -0.152460 -4.815000 3.460800 16.306130
1186 -0.908180 0.329860 2.961700 63.779290 -41.056820 -21.215230
1187 -2.165230 0.155060 -2.145490 55.479530 10.746570 -65.423020
1188 2.855140 -0.391440 -0.874600 -6.628240 27.695980 -4.553020
1189 3.115740 -0.515010 -0.749170 -15.894830 43.253330 -28.989340
1190 -1.499370 -0.701500 2.805410 44.159390 -39.978230 -25.068950
1191 0.441680 -0.212300 -1.526530 20.381490 34.352980 -7.778020
1192 -0.996050 0.406540 -0.927000 11.620020 61.094380 -15.018670
1193 1.537340 -0.704310 1.594280 21.350470 -19.713340 -8.495930
1194 -0.895750 -0.454680 2.961820 31.745820 -21.743740 23.694880
1195 1.536850 1.151500 -2.479010 24.879610 56.363500 -55.341580
1196 -2.605400 -1.039630 -0.720020 -22.486700 31.506900 -19.544710
1197 1.415840 -0.696500 -2.131800 -7.039120 44.948020 3.667710
1198 -2.294030 0.786780 -0.495780 4.268980 33.601470 -65.639200
1199 -2.169260 -0.253770 2.250710 29.943910 -64.246110 -20.875170
1200 -0.729820 0.730090 -0.812440 -11.920250 31.008910 -35.609790
1201 -0.331310 -1.149050 -1.777020 20.612260 12.759710 13.888820
1202 0.463690 -0.467730 0.855130 -1.445470 -15.301290 41.950820
1203 3.062110 -0.649200 -1.664950 1.787140 67.578280 -14.163240
1204 -0.299310 -0.520700 -2.121700 58.865300 25.859620 10.244730
1205 -1.329600 -0.112030 -0.813570 19.767290 67.697600 -12.731100
1206 -1.190450 -0.052750 0.004510 -31.929190 46.603530 -14.410420
1207 1.580770 0.977360 -0.870370 -10.428440 29.135940 -42.791430
1208 -0.356370 0.027800 2.702600 37.888200 -10.897740 -16.813450
1209 -1.998570 0.305000 -0.165690 2.994100 13.224870 -64.260130
1210 1.700720 0.738570 -0.052330 -29.043090 -2.935660 -40.162820
1211 0.643720 -0.193980 0.358690 -0.533590 -18.178020 32.573850
1212 2.521110 0.094680 -0.694600 -14.242850 27.814430 -28.688710
1213 2.272910 0.455260 -1.712600 5.748020 36.442260 -59.392020
1214 1.491900 -0.237300 0.455590 -1.783090 -9.979430 -8.401650
1215 -0.142710 0.143000 -0.005210 -14.452290 36.508220 -4.489370
1216 -2.197900 1.216750 0.683460 28.876870 0.505860 -59.601610
1217 1.780610 0.504190 2.636970 64.908020 1.883030 -10.891750
1218 -1.269100 0.076940 -2.933670 35.958550 -7.998520 -34.687920
1219 -0.222830 -0.530110 0.430580 8.069630 0.609680 32.425110
1220 -1.574590 0.062160 0.910780 -31.135490 -37.851080 -22.938650
1221 -0.624330 0.133030 -3.113060 53.203330 -7.192880 -27.419210
1222 1.770990 0.848810 -1.145630 -35.603810 27.553030 -51.910040
1223 0.615630 1.265140 0.797770 -8.558760 -14.080860 -62.813690
1224 -0.274220 1.159410 0.807920 -5.786600 -19.812260 -19.433650
1225 -1.693080 0.185360 1.987850 15.024300 -29.635350 -58.836820
1226 -0.461160 -0.194980 0.510090 -21.357260 24.484260 12.444620
1227 -0.644910 0.610880 -2.698190 76.065260 -15.308330 -34.155350
1228 2.163320 1.135360 -1.734830 -28.155760 10.397490 -52.819520
1229 1.906870 -0.668270 -2.750890 36.486560 52.079450 -10.507880
1230 -1.016060 0.966910 2.132120 6.221080 -34.133390 -18.434910
1231 -0.631540 1.323280 -1.958530 60.658660 8.194650 -31.881690
1232 0.385860 0.259030 -1.909540 52.046860 34.301510 4.753060
1233 -0.906110 1.174570 0.248000 -0.999190 10.321250 -22.666830
1234 -1.504020 1.086450 -2.795540 45.941060 -19.362770 -27.888260
1235 -2.310140 -0.827090 -3.106960 53.591970 10.597180 6.330950
1236 -2.825020 -0.257830 -1.625620 12.153170 61.284770 -45.828580
1237 1.253510 0.085890 -0.631640 -24.718910 12.591340 -26.324600
1238 2.745070 0.270580 -1.699030 7.227180 33.864800 -66.537130
1239 -2.748620 1.277800 -0.960290 25.098790 12.671950 -54.815560
1240 2.480290 -0.467010 -2.579110 32.308430 61.413770 -17.867040
1241 -0.643740 -0.242720 0.692310 -29.866160 6.186790 -16.735510
1242 -0.475590 -0.282320 2.547760 42.223880 -44.167600 21.982840
1243 2.380840 -0.466300 1.024990 32.200670 -53.750050 -18.991000
1244 2.276830 -0.333770 1.259000 25.663780 -61.795130 -35.434350
1245 -1.960700 -0.470570 1.297560 -3.908520 -52.432090 -39.231110
1246 -1.756710 1.005460 -3.041260 27.068450 -15.106650 -26.805260
1247 1.880140 0.783860 2.471550 45.698710 23.577450 -55.431220
1248 0.721470 0.047640 2.973570 50.375940 10.960950 23.370250
1249 -0.738870 0.308710 2.694400 44.985510 -50.009640 -5.073280
1250 1.322940 1.080960 1.066710 2.031930 -46.877780 -31.353320
1251 -1.226330 0.774360 1.936460 -4.332560 -12.817950 -57.303750
1252 -0.382180 -1.484870 2.823110 -9.832380 5.971740 31.702540
1253 -0.853120 0.698760 -2.366390 32.822610 9.351720 -33.982910
1254 -2.715330 -0.461190 -2.578410 31.123790 23.825550 -18.687490
1255 -1.930390 0.580370 -1.490730 22.907400 36.302480 -37.093890
1256 2.791100 -0.653520 -0.265030 -33.887390 4.928860 -32.934830
1257 -1.681920 1.430040 -2.276880 37.677990 -21.006980 -31.164060
1258 -0.891200 -0.571550 -3.140590 30.651010 -6.842490 -10.166390
1259 -2.265100 0.506940 1.286120 14.702800 7.611580 -43.794790
1260 0.630580 -0.750270 0.860090 10.038590 -39.584170 24.059880
1261 1.548000 -0.266490 -1.643960 -25.664470 28.886350 -16.378730
1262 0.250450 -0.004750 2.535520 31.863490 -33.701270 22.144660
1263 0.382030 -1.047300 -2.069060 32.659760 -9.535450 26.394630
1264 0.546080 0.244590 1.252080 1.012090 -60.755840 9.661910
1265 1.661870 -0.030400 3.110380 61.980730 11.882920 -29.060100
1266 -2.995220 -0.251060 -1.625160 6.779850 7.240900 -27.206040
1267 -2.857980 -0.899050 0.868860 -25.666820 -25.152370 1.079870
1268 0.838580 -0.493700 -0.837660 -10.809400 33.107960 23.030340
1269 -2.706770 0.278440 -1.522530 -6.374340 17.589990 -61.791660
1270 1.856140 1.030950 -1.720010 -26.092830 17.317300 -37.591420
1271 1.190070 0.369490 1.363580 8.996510 -33.183300 -26.984010
1272 -0.432390 -0.340570 1.389980 5.820150 -44.263270 2.178900
1273 0.281690 -0.222810 2.879970 48.231640 -31.704730 -5.839120
1274 0.593120 -1.031910 1.274270 8.312470 -23.956570 19.778850
1275 0.846330 -1.314320 0.512630 19.429300 -0.811420 39.378720
1276 -2.410430 -0.718800 -0.041890 -9.400590 35.200550 -20.321110
1277 -0.777580 1.198520 -1.272880 24.325910 48.943690 -49.042980
1278 1.037950 -0.113610 1.796640 23.299140 -16.272780 -13.530790
1279 1.239680 -0.683840 -1.995090 -15.677950 22.225060 20.931320
1280 2.103810 0.047420 2.842500 36.795860 14.172210 -44.755950
1281 2.635000 0.657340 2.642790 33.019840 27.817210 -40.506570
1282 -1.390480 -0.391160 -3.002400 29.087770 -33.852910 -21.449490
1283 -2.511370 1.184500 0.245590 29.214700 11.864630 -85.315080
1284 -2.988970 -0.728440 0.393740 -18.348230 -21.886480 9.158290
1285 2.924650 -0.302580 -0.715290 -2.522690 26.474580 -12.113560
1286 -1.409850 0.303590 0.184250 -35.252080 6.585710 -24.285330
1287 0.820210 -0.473940 -1.509100 14.306050 5.181470 -7.051610
1288 -1.148430 -0.515220 2.570470 10.254510 -43.241090 -17.636710
1289 -2.461930 0.913350 -2.977430 8.583300 -23.706530 -40.015280
1290 0.887020 0.698970 -2.149070 7.885870 17.834110 -14.859780
1291 -2.456980 0.742810 -1.151480 7.682300 -8.150480 -44.549420
1292 -1.374560 0.356740 -2.219230 31.639990 5.506000 -22.253610
1293 2.499490 0.950780 1.528170 50.174780 -3.596670 -69.975270
1294 -0.721370 1.389420 2.869540 36.203250 -15.626560 -66.022310
