1 2.720100 -0.059430 -0.746150 42.112550 116.441220 -5.057900
2 2.391960 0.706430 0.961680 -43.399700 90.770910 5.356490
3 0.991020 -0.094940 -2.955880 18.806190 52.759240 -54.053780
4 1.437500 0.080960 -0.410430 21.645430 98.449850 -30.905560
5 2.954790 -0.316080 -2.540880 37.434270 15.664100 43.788600
6 1.689810 0.413930 -0.534410 39.300460 106.616990 -28.020180
7 -1.378640 0.175490 -2.826820 9.471640 110.922420 38.766560
8 0.356760 -0.513920 2.388710 68.001460 87.482550 -9.994060
9 2.684800 0.836720 0.000440 -10.294800 121.911830 15.543170
10 0.821090 -0.636750 2.507320 66.959270 62.690370 -12.708000
11 3.030060 0.057230 -1.255390 55.301270 85.574150 46.538880
12 -2.584980 -0.576370 -0.206220 25.685110 69.110330 54.663620
13 0.561740 -0.270550 -1.638560 4.788990 90.121780 -45.411780
14 -1.944840 1.174540 -0.401500 -48.312580 59.684390 14.679640
15 2.432470 0.801920 -0.260350 14.933890 110.857670 5.417050
16 -2.381840 -1.046230 1.346300 25.291630 111.111820 44.555630
17 2.767120 -1.094370 -1.214280 61.625430 65.253680 25.174550
18 2.002430 -0.541510 -2.421170 67.681660 34.348900 -0.643490
19 -1.097070 -0.285070 -2.458390 -20.323850 102.252190 25.000430
20 2.095800 0.399250 -2.748950 21.787750 24.532900 -39.645450
21 2.341770 1.011770 -1.858060 67.054730 50.463660 8.967820
22 -1.152450 -0.704490 -1.614620 -37.268290 65.230320 30.420110
23 1.760840 0.466220 2.205650 -27.844150 43.101220 -20.187570
24 2.717590 0.422460 2.134970 -30.575510 25.083250 -11.568260
25 0.474030 -0.246170 0.955300 16.695380 37.701400 -45.227310
26 -0.951500 0.843980 -1.778970 -24.068990 112.329730 37.494540
27 -1.569760 0.144030 -0.945480 -10.290890 75.484470 73.401570
28 -3.017740 1.512510 0.898240 -49.636600 48.910530 4.442480
29 -0.934390 -0.689480 2.879740 4.954830 113.250800 50.366110
30 0.654270 1.006560 -2.649340 -26.413610 47.889340 -40.412350
31 2.901040 -0.313000 -1.881550 56.197100 42.488070 38.070560
32 -2.338930 -0.074870 2.183350 13.656670 60.055370 80.212030
33 2.112130 -0.065220 -2.147070 52.364930 45.147590 -39.530680
34 -3.120110 0.869180 0.463890 -35.156610 83.564840 33.969710
35 -2.974400 0.145770 2.460470 5.113500 34.834590 52.794650
36 -0.720950 0.353810 0.487810 14.133130 2.815090 33.946550
37 0.635720 -0.110430 -1.504320 -12.239060 79.797310 -63.389300
38 -2.444310 -0.148520 -0.108340 20.141690 66.309160 55.560880
39 0.873070 0.269390 -2.853840 7.608800 53.741310 -53.643440
40 -1.982180 -0.422910 1.484200 38.838080 77.036590 61.275990
41 0.422000 0.938940 0.708160 55.983800 35.065270 -35.585170
42 -2.952040 0.708120 0.592620 -55.217560 83.429310 44.491060
43 -0.411190 0.522970 0.810540 47.824360 7.386700 -23.523410
44 -2.222390 -1.244510 -2.787420 -35.176200 15.579700 29.656010
45 -1.895290 -0.603070 -2.189900 -18.815350 67.750260 57.232700
46 -0.930130 0.298120 1.046260 42.403310 19.340250 48.827280
47 2.949890 0.369590 1.031270 -49.612070 80.254910 2.760740
48 -0.762860 -0.125530 -3.006450 5.114020 118.889230 8.837990
49 -0.221990 0.848620 2.059520 44.465290 104.022870 -12.515950
50 -1.592110 -0.042690 2.462180 42.138730 55.339980 54.002120
51 -1.911490 -1.197920 -1.916570 -25.423420 35.027260 39.421330
52 -2.195110 0.353250 -0.315570 -23.238030 61.104090 49.436520
53 -2.905580 -0.026150 0.544820 -29.043790 103.953900 34.187700
54 2.721950 -0.525940 -1.577210 66.046450 60.265740 33.027190
55 -1.802070 0.137140 -1.449450 3.296400 75.232040 42.943530
56 2.586600 -0.102060 -0.984050 57.576560 101.782040 -15.131320
57 -2.154490 -0.459990 2.938170 -11.005350 39.742410 57.384850
58 2.084820 -0.397190 2.974110 14.335750 9.480580 -0.604750
59 -1.042080 -0.432400 -1.388080 -34.684730 60.064630 24.081390
60 1.219130 -0.734840 -2.868600 52.897400 48.466080 -36.122440
61 1.041310 0.555060 -1.607270 30.007560 38.898700 -41.814560
62 1.775920 -0.694070 0.629890 -43.009230 50.234190 -17.847000
63 0.232710 1.237710 0.359300 57.402980 13.184150 -12.540850
64 3.083190 -0.574840 1.930190 -36.721220 64.294320 51.860440
65 1.467120 -0.223500 1.826660 19.294550 37.968240 -48.810020
66 1.171810 0.049080 -2.888470 8.482430 42.640500 -43.121800
67 1.918470 -1.210820 -2.561260 71.630130 31.223890 9.550670
68 1.963700 -0.848750 -2.143210 66.273220 52.821440 3.137640
69 -1.806790 0.100880 1.124370 37.382210 40.678280 54.209240
70 -0.532350 -0.873250 -0.281610 -15.455530 21.599900 7.557340
71 -1.678340 -0.419460 -2.491380 -25.202850 69.478590 78.883280
72 -3.019030 0.052960 1.418600 -31.263210 63.999230 20.217910
73 0.700310 -0.517840 0.025590 -20.648130 19.278700 -38.733840
74 -2.996250 0.492180 0.041730 -20.992190 105.439350 12.564810
75 -0.139660 -0.743580 -2.248080 -26.598430 106.855000 17.899280
76 -2.496180 -0.289640 0.962110 13.650080 72.057380 69.968830
77 -2.368780 -1.112680 2.362680 -31.463250 61.205690 46.467770
78 2.276040 -0.227330 -1.437940 55.598990 88.765000 -26.957830
79 -2.291430 1.056210 3.055230 66.417590 24.409040 23.178620
80 -3.119040 0.674510 2.588900 23.934700 21.998010 30.468640
81 -2.369210 0.584620 -1.077410 19.230500 96.703020 31.763690
82 0.509810 -0.896210 -1.373560 -35.464270 107.386540 9.948900
83 -2.135760 0.330410 3.061090 28.738940 35.558020 55.022870
84 0.653290 0.320660 -2.796870 -9.101400 64.336380 -43.047690
85 -1.153930 0.615570 3.058350 34.455920 119.080410 23.512180
86 -2.681120 -0.550560 1.849770 -12.065610 76.641980 73.605330
87 0.866500 0.466320 0.944250 20.738750 66.395660 -26.758110
88 -2.141690 -0.625930 -3.068700 -19.331370 36.169920 63.200600
89 -2.530190 1.491920 1.006310 -41.571780 12.509630 -10.672330
90 0.047280 0.189410 -0.938450 -44.971230 30.931380 -9.393330
91 1.128810 -0.261730 0.382730 -20.262950 34.931900 -49.206700
92 3.025650 0.023420 0.225680 -15.320460 118.704180 11.946860
93 2.239100 0.373520 2.555270 -21.743960 25.644530 -33.296380
94 1.769830 -0.872020 0.317620 -34.879320 63.474200 -14.198720
95 1.784720 0.492650 -2.125800 26.546380 46.244300 -46.054410
96 -0.325460 0.436720 1.957610 64.957790 95.111180 -16.287860
97 0.746390 -0.066790 1.617300 37.007680 52.159170 -66.433360
98 0.478240 0.160470 1.275760 30.408680 64.427510 -44.333970
99 2.934190 0.368840 -0.505500 20.976780 111.898740 36.628090
100 1.324390 0.529550 -2.188650 -6.442910 44.795860 -51.083310
101 0.161310 0.340400 0.415900 32.854540 7.733710 -12.768650
102 2.054700 0.941290 1.782140 -39.705600 60.617280 -4.264710
103 0.945100 1.185220 -1.182390 45.913220 16.131260 -24.034810
104 -0.181230 -0.216790 0.467070 18.869880 7.511900 -23.443950
105 -2.689320 0.038390 0.932620 -41.940130 81.097890 51.030120
106 2.559050 -0.229800 -2.704420 43.996500 22.533600 27.313200
107 0.422200 -0.644000 0.788370 3.568190 30.803810 -26.673870
108 1.513630 -0.404540 -0.137890 -3.801860 101.826680 -18.700780
109 2.514380 1.006820 2.045320 -58.680840 49.801550 -5.674200
110 -1.320030 -0.077720 -0.863690 -4.483400 56.996530 62.536200
111 -0.247590 0.232140 -0.131550 -12.946080 10.310630 11.980130
112 -0.770920 -1.047720 -2.146740 -39.516380 73.590370 42.661480
113 1.553620 0.157720 -2.936000 25.285710 23.374800 -30.500690
114 -1.059900 0.607120 2.803390 37.670300 101.285710 16.400020
115 -1.158200 -0.231210 1.944300 47.546840 74.091120 64.708070
116 2.206890 1.174600 3.008130 -27.337540 23.455250 -20.234620
117 2.442180 0.327250 -2.168480 60.070980 43.089840 -25.171180
118 -3.096450 0.843280 3.068730 45.159520 21.269860 38.858030
119 -1.556760 -0.319840 2.268480 25.075680 84.626540 39.670380
120 -2.014560 -0.522460 0.890440 40.803170 64.172160 54.088230
121 0.547340 0.890150 -2.824250 -25.096220 62.225620 -30.833560
122 0.623540 0.689950 0.572040 41.219810 35.760160 -33.353480
123 -0.611310 -0.126930 1.004650 43.620900 23.251710 -0.175530
124 1.637220 0.099670 -0.183680 8.479050 113.682040 -26.990900
125 0.740720 -0.670510 -3.120060 40.136290 65.379360 -32.969320
126 2.942330 -0.055940 -1.391030 50.909130 70.297760 34.548500
127 1.113100 -0.082490 -1.578040 33.347890 72.093700 -38.246760
128 -0.328400 -0.117450 2.520110 61.997310 97.617750 -17.627420
129 0.277360 0.464920 1.144920 42.886390 72.476330 -31.800260
130 0.203540 -1.274320 1.811280 70.475400 51.498210 27.110220
131 -2.046340 1.104640 3.067420 62.686810 39.103470 25.296120
132 2.106390 -0.518510 0.202520 -8.149740 125.376720 -5.220010
133 2.973630 -0.175610 -0.430570 22.060450 124.908040 12.911290
134 0.669070 -1.118060 0.583510 -25.448010 37.061340 -4.935710
135 0.270190 0.269420 1.353660 45.050780 68.333610 -43.529690
136 1.789350 0.275500 2.016940 -33.495100 57.762750 -17.962090
137 -0.308310 0.331530 -0.448800 -24.789510 8.191620 14.362060
138 -2.347870 0.501130 -1.718480 33.864120 101.238610 29.367950
139 -2.702790 -0.258610 2.523760 -10.674080 55.674470 68.191990
140 -1.109040 -1.237230 -1.443400 -49.138020 38.684070 28.357150
141 -1.381440 0.623200 -2.565610 2.487860 117.146500 38.334560
142 2.607650 -1.169200 0.225950 13.910230 123.274450 22.201530
143 -1.436960 1.233420 0.812090 24.704750 12.398070 13.458640
144 3.068110 -1.012270 -2.636160 49.609890 16.923650 28.559170
145 -1.972900 -0.284400 1.852570 33.360030 86.008020 60.708620
146 -0.997000 0.158550 -1.114630 -35.299900 77.007680 46.021800
147 -2.832680 0.615820 1.327330 -47.851610 56.301080 28.968640
148 1.382450 -0.863760 2.178990 6.253560 17.226060 -15.732800
149 -1.140040 -0.583510 -0.886670 -9.423480 45.151180 58.658460
150 -2.604400 -0.695530 -0.376860 46.345300 62.857370 44.377200
151 0.533170 -0.943320 2.438790 67.636720 75.636590 4.322570
152 1.748690 0.082950 -2.293350 30.553710 50.534160 -51.415790
153 3.047410 -0.471550 -2.855520 23.130460 10.158340 53.980890
154 -1.888880 -0.289480 -3.091320 -0.893620 64.086880 43.207920
155 -2.948000 0.085010 -0.453770 13.029110 95.244600 54.872230
156 2.874910 1.330940 0.740030 -33.474210 76.970070 7.602080
157 -1.527380 -0.519000 -2.582030 -13.293160 100.582450 46.000160
158 -1.010480 0.321850 -1.549010 -23.072620 97.390970 44.219370
159 1.893090 0.689500 1.484250 -39.680820 71.284640 -17.943640
160 2.649840 -0.136490 0.626280 -27.747670 115.277300 -9.509740
161 1.770650 0.892930 1.909300 -29.479060 68.869870 -51.453250
162 3.061810 0.657250 2.925290 33.064320 28.185860 27.205960
163 -0.150500 -0.427500 2.079060 74.503230 98.389390 5.440150
164 2.294600 -0.290930 -2.194690 61.402800 37.607170 -30.695500
165 1.228640 -0.199370 -1.884740 9.764530 90.188620 -52.848890
166 1.203500 -0.632740 -1.787110 17.262610 101.114200 -11.046070
167 0.567610 -0.843920 -1.770030 14.015610 111.533540 -20.657080
168 0.689470 -0.216800 -0.732940 -2.365630 80.713520 -46.126000
169 -0.031950 -0.147840 -0.910900 -45.099750 41.812790 4.672140
170 -2.383600 0.732960 -0.025570 -41.125460 63.806760 42.169600
171 -1.289230 0.212820 2.473620 43.311380 67.222850 57.970660
172 2.113170 -0.118390 -3.033020 36.872420 -6.464160 -24.242100
173 -2.795760 0.419530 -1.698610 75.225270 77.512250 35.154590
174 1.520420 -0.405690 -2.546680 30.783830 57.766620 -21.546660
175 -0.580750 0.132680 -2.790060 8.056070 134.706540 -5.668170
176 1.724030 0.103310 0.261270 -2.459260 72.764030 -40.169530
177 0.238530 0.489260 0.181800 29.362550 3.081220 -22.382820
178 -2.919270 0.336270 -0.791760 25.155270 108.807560 62.105750
179 -1.736730 -0.186090 -2.410440 -19.746380 81.022540 58.701220
180 -2.171190 0.204430 3.055680 35.105030 33.213240 58.858310
181 -2.827700 -0.048990 1.953950 -4.821740 46.580070 63.306300
182 -2.445280 0.690420 -2.603210 36.072660 65.130420 36.077110
183 -1.603950 0.831280 0.444580 -25.997800 20.740280 58.338690
184 -1.920870 0.446950 -0.346470 -10.647990 61.229430 37.669890
185 -1.077410 1.126680 2.137750 73.364080 38.902310 1.324230
186 0.558200 -0.002690 0.194150 -1.894020 12.852460 -37.108060
187 0.405300 -0.381810 2.223250 61.595380 62.735370 -48.905140
188 -0.152790 0.374380 -0.146240 17.938320 -2.986790 -23.422410
189 0.050400 -0.061510 2.528040 63.476340 113.345150 -8.326880
190 2.550140 -1.076410 -0.185250 -0.806880 136.295200 8.288400
191 2.613160 1.022830 1.922290 -31.113910 29.174670 14.437710
192 -2.484440 0.707910 -1.449160 54.888660 109.686760 36.670220
193 2.938590 -0.137930 -1.939190 57.391380 58.723810 44.713560
194 -1.834020 0.956600 0.876610 9.959460 11.979460 30.241250
195 -1.234660 -0.036520 2.002520 43.622820 76.769740 68.103490
196 1.443770 0.479510 -0.264730 40.730640 72.244320 -62.916620
197 -3.031400 0.866500 0.627250 -33.146020 71.535050 38.548090
198 2.414540 -0.785540 -0.970440 31.476920 116.921890 -1.063980
199 -0.275690 -0.775600 1.479510 81.925450 61.523520 16.684100
200 -1.636370 0.444520 -1.246360 -3.095710 93.282060 67.659940
201 0.532970 0.369030 -0.797120 14.736340 51.705660 -47.478910
202 -0.393300 -0.368040 0.807850 52.063230 29.939370 -10.775910
203 -2.262890 -0.072180 -0.215600 -7.277370 57.124830 61.236720
204 -1.074230 0.788540 -1.416760 -38.961890 104.971410 39.213570
205 -2.006920 0.780130 0.724110 -38.753870 35.441440 30.431660
206 1.925530 -1.385940 -0.807500 36.858330 116.607090 13.507860
207 -0.754540 -0.796210 -3.024380 -5.240190 117.939820 46.662710
208 0.567460 -0.227880 1.164620 7.959240 30.634080 -44.051600
209 1.792000 -0.036200 2.673670 2.393260 19.633220 -15.916280
210 -2.867500 0.703200 0.929430 -23.460480 51.384700 44.498710
211 -1.677040 0.644110 0.864850 20.212760 20.896670 31.333920
212 1.760090 0.702290 0.819090 18.281410 93.556550 -42.589530
213 2.181540 0.179130 -2.894850 22.327050 15.259630 -38.260220
214 2.569520 -0.529100 1.088220 -38.870380 89.002720 30.588940
215 1.017810 -0.000070 1.449260 -4.721840 58.122120 -44.337980
216 -0.850490 -0.626190 -3.128720 8.465950 93.758790 25.828880
217 -2.023510 1.110630 -1.737840 0.257800 121.624110 29.821560
218 0.820140 -0.217390 1.733580 53.685340 41.695210 -36.847210
219 1.658060 0.800140 -3.110990 -12.632110 9.962810 -42.974210
220 2.043590 0.648040 -1.037850 66.212840 100.324040 -16.497950
221 0.323490 -0.565680 -1.980250 5.331640 102.496920 -30.130790
222 0.465660 0.546500 1.400050 29.625790 83.104640 -35.981820
223 -2.212420 0.462950 2.192860 40.454360 36.366260 69.309710
224 1.668830 -0.627250 3.128250 55.225250 23.283860 -43.156140
225 -0.419280 0.527090 -2.332870 -10.149120 126.666270 9.263670
226 1.524870 -0.107530 -2.149790 19.840410 65.332410 -51.026580
227 1.490780 -1.263800 0.409400 -41.624060 42.260950 -6.981870
228 -3.021420 0.250060 -0.011150 1.133930 101.603990 56.132570
229 1.767120 -0.040690 -2.907730 36.735050 25.055580 -13.810510
230 2.510210 0.382590 1.735080 -53.613510 52.484140 -20.220910
231 -1.871740 -0.734500 -2.199290 -32.608710 42.410040 43.414520
232 0.195760 -1.126710 -0.124800 -34.468510 1.807340 -4.750050
233 2.581820 -0.581690 1.031920 -26.289710 102.547970 16.147590
234 -2.654620 1.314180 1.963650 20.099630 0.607360 23.435110
235 0.794810 0.246930 0.416000 17.141900 28.076340 -59.095020
236 2.442010 0.634690 -1.545550 69.692950 80.484700 -28.185180
237 -1.099400 -0.292160 -0.548060 0.419810 43.148070 53.138960
238 0.520080 0.138280 2.758010 32.882630 106.765980 -23.603770
239 2.223740 1.320840 2.909300 -35.101600 33.199330 -9.153720
240 2.885050 -0.643870 -1.176830 57.482060 71.579070 35.095320
241 2.258990 -1.336220 1.660400 -61.929360 32.942600 11.204400
242 -1.386730 -0.360240 2.668170 8.967220 102.389250 73.045990
243 -1.667310 0.034490 -0.689000 -9.188790 71.646050 78.969270
244 0.613520 0.351580 -1.245550 12.098520 49.424870 -44.968970
245 3.120400 -0.969350 0.295780 30.333960 112.325450 45.976610
246 -2.398340 0.590750 1.506600 12.098840 23.943740 50.920390
247 1.917220 0.763880 2.302790 -29.858960 40.603360 -7.930240
248 2.057370 -0.106620 2.366800 -21.897050 9.570440 -9.767860
249 -0.357160 0.188770 2.075610 67.844350 89.610730 -17.825130
250 0.365400 -0.199890 -0.016440 -12.934890 8.044770 -21.412590
251 -1.640120 -0.559520 -3.073220 -7.511640 68.270410 70.270740
252 -2.119460 -1.193940 -0.381090 62.654010 28.186750 38.211860
253 -1.560650 -1.062850 -0.214980 42.354680 7.996280 46.925200
254 1.445770 1.174020 -3.018090 -36.732640 17.638100 -21.607560
255 -1.014760 -0.509820 1.974300 39.504190 80.105820 51.339820
256 2.209120 -0.675640 2.714690 -4.131890 3.371400 6.372850
257 -2.196550 -1.039860 -3.067120 -34.342960 30.377950 31.779250
258 1.987200 1.204810 -1.871180 57.958380 27.907790 6.152290
259 -2.743980 0.413110 -0.478040 -11.800740 114.415910 62.508540
260 -3.032440 -0.416000 -0.529460 29.592960 84.805770 47.980110
261 0.613460 1.277310 2.035560 37.954780 120.022010 -16.992520
262 -1.792890 -0.564780 -0.750950 -3.430780 23.027870 53.516780
263 -2.130050 -0.140950 0.362350 -13.417810 67.290410 57.480240
264 1.380070 0.117750 -0.628920 33.524920 87.971810 -32.255320
265 -3.102690 0.832170 2.766360 26.252130 23.571060 36.547850
266 2.784410 -0.977250 2.380440 -49.300930 17.972100 27.655910
267 -1.443970 0.573430 -1.184920 -27.385400 97.035320 62.752400
268 -1.371840 0.732550 2.961440 51.943440 114.595490 29.850120
269 -1.929260 0.495770 -1.846950 38.730930 98.308700 57.516990
270 -1.529570 -0.470500 -2.825860 -2.186700 72.581520 74.215940
271 0.351660 -1.053080 0.652270 -13.538860 16.649190 -7.137470
272 -1.235770 0.957830 2.414960 65.262750 48.482700 15.270860
273 2.194980 0.112240 -0.858340 62.865520 117.772090 -9.432210
274 -0.137540 1.326780 2.991600 -16.440250 125.424130 -9.064140
275 0.196330 -1.466760 0.358010 -23.661850 22.252540 21.459150
276 2.743550 -0.727630 0.542220 -23.886330 86.838780 25.384950
277 1.054180 0.380120 0.677740 13.506720 89.507390 -41.245840
278 -0.212410 0.447700 -0.250370 -21.336170 9.018300 1.757580
279 -0.230060 0.415630 -0.595220 -24.290660 16.910270 14.835760
280 -2.216330 -0.220240 -0.119530 15.072620 51.277000 63.358020
281 -1.674090 -1.411300 2.163580 22.456210 112.109150 22.010910
282 0.780480 -0.368300 -0.325770 -12.499570 33.143810 -44.336660
283 -1.882200 -0.071320 -1.978850 27.444530 80.745060 53.693190
284 1.438830 -0.462410 2.089510 32.873370 38.293950 -40.367720
285 2.571720 0.062380 1.527800 -47.169010 64.049640 -16.771320
286 -1.531340 -0.517290 1.442230 43.798960 79.883320 34.329370
287 -0.244680 0.439620 -0.047090 0.010900 4.340740 -31.390990
288 -1.816600 0.310080 -0.139440 -16.337520 33.419980 50.247670
289 -0.295780 0.444230 0.698370 36.906370 23.649590 17.123010
290 -1.348730 -1.260950 2.045390 50.859520 124.970180 31.292440
291 -2.045350 1.007550 -0.643820 -24.813680 85.825200 8.001790
292 0.372770 -0.701820 -0.549600 -42.952270 34.573500 -5.700540
293 2.913700 0.777490 -3.090050 33.915810 21.169490 -7.796510
294 2.986730 -0.639730 0.083150 -1.320210 126.253230 18.178100
295 1.691550 0.543430 2.745560 -20.500620 23.129210 -28.717600
296 -2.282650 0.786470 -1.018390 -3.139840 107.007350 17.352950
297 -2.980000 0.051000 1.319430 -11.492970 63.194900 44.288560
298 2.653020 0.275700 1.219060 -59.795170 71.169790 -12.394780
299 0.208380 -0.468990 -0.673950 -50.999230 51.671470 0.149760
300 -3.071510 -1.362720 -0.943460 71.690030 50.085580 13.307830
301 1.613430 -0.665140 -1.595160 29.833870 118.152510 -28.520290
302 -2.414440 -0.035880 0.321870 -0.914510 84.560170 40.085950
303 1.873520 -0.467000 -1.530060 32.949040 101.798690 -24.736730
304 2.810350 1.104700 -1.780190 46.241570 59.030640 8.676550
305 1.542930 -0.927410 2.237570 44.766140 10.384110 -18.697240
306 2.285050 0.418500 2.867410 -9.179920 24.782270 -29.431210
307 0.026010 0.145020 1.256220 50.923660 34.967010 -42.098510
308 1.825460 -0.544230 -0.012560 0.527920 116.351970 -16.513200
309 -2.456270 0.081610 -0.848760 34.583600 110.643600 52.589290
310 1.083350 -0.472100 0.852820 -23.884170 54.746770 -37.049490
311 -0.172090 -0.463820 0.397030 23.534660 11.396760 -22.411820
312 1.604170 -0.003460 3.047710 16.762710 22.274840 -25.851240
313 -1.528370 0.770290 -2.907840 35.612790 120.508100 36.168640
314 1.216930 -1.017520 -2.506980 52.068810 70.065610 -9.835600
315 -2.464810 0.575300 0.702660 -33.715030 55.338050 23.969360
316 -1.438980 -0.309410 -2.120430 -40.429210 83.788880 57.992400
317 -0.806220 0.413470 0.972750 33.589740 7.807240 33.843160
318 -0.475730 0.195400 -2.156040 -21.303990 129.611790 15.047870
319 2.546130 0.550080 2.588540 -8.505020 7.853810 -23.036190
320 -0.867960 -1.118270 0.178040 37.836060 32.731800 44.670280
321 -2.846120 0.270510 0.472490 -11.264330 79.803570 59.620480
322 1.367830 -0.164110 -1.209910 40.549500 90.877680 -34.723990
323 2.509690 -0.502280 1.150690 -35.286890 98.887760 11.684670
324 3.066510 -1.096190 -0.930910 48.919650 63.341480 26.573070
325 0.767410 0.464860 0.373070 24.326170 30.576320 -49.009250
326 1.961100 -0.900960 -1.015230 17.148990 122.785980 -20.282320
327 -0.015910 0.153840 1.023870 51.883210 53.018900 -26.880650
328 0.200420 1.320720 -2.876060 -29.259520 76.460560 -16.479410
329 0.600930 0.376670 2.860220 23.887450 101.686530 -25.541950
330 2.856510 0.793410 2.242620 -23.139370 27.544030 -7.729350
331 -0.048560 -0.057570 0.602070 13.908600 10.614450 0.479800
332 -0.686260 -0.036110 -0.001540 -7.009780 -16.250630 18.983700
333 -1.656300 -0.509780 -0.449750 26.154770 47.518200 80.095960
334 1.211110 0.994670 -0.565980 48.378810 67.928730 -19.740530
335 -1.393200 0.489900 2.268250 58.130650 48.963080 60.093720
336 -3.025480 0.832380 2.226520 -2.846670 15.347640 1.237360
337 -0.438750 0.220520 -0.178110 -3.520550 -15.224750 0.921420
338 -0.105370 0.783750 1.714530 58.137000 54.378630 -25.002740
339 -1.292050 0.131820 2.886250 34.545800 75.509990 40.294560
340 -2.399650 0.220450 1.375980 9.155030 43.927350 70.028410
341 1.894840 0.771920 -1.000800 66.769830 84.131800 -10.646450
342 -0.328660 -0.502850 -0.125090 13.343240 -2.876900 -10.171760
343 -3.066960 0.082090 -2.149350 75.973200 33.502110 27.619750
344 1.789030 -1.058250 -2.199440 71.656790 67.249770 -28.015260
345 -2.709800 -0.255530 -2.930960 7.825310 49.001160 62.174970
346 0.526650 1.466730 -1.525900 -31.776210 19.551900 -22.254830
347 -2.799350 -0.245080 0.197510 -16.986970 108.092360 46.880370
348 -0.132750 0.284310 -0.018710 -0.162120 -4.044150 1.775440
349 0.951990 0.610210 -2.380420 6.333420 41.437250 -31.860560
350 0.888730 0.274290 -2.280010 -11.758660 87.611140 -46.575610
351 2.099520 0.604240 1.197470 -33.922430 96.380280 -0.532720
352 0.413940 -0.533540 1.408140 66.843730 28.792110 -22.754670
353 1.709210 -0.541470 -1.038530 46.179160 114.971950 -22.743280
354 -2.226380 0.499250 -1.520290 40.695110 115.250240 46.054440
355 -2.964170 -0.398320 0.003570 9.623350 129.583040 37.418470
356 0.755230 -0.211450 -3.133240 50.862430 96.714290 -28.758700
357 3.083360 -1.062280 -0.615400 50.469630 76.034190 17.191260
358 -1.550990 0.032140 -2.524040 -3.895450 113.208200 57.653850
359 -0.531160 -0.158970 1.128210 48.404650 22.640310 30.157140
360 2.149930 -1.299600 -1.470160 35.024150 97.320590 8.185500
361 -0.907400 -0.355480 -2.322390 -8.048880 88.982900 22.699520
362 1.509560 0.600950 3.055230 -2.453250 30.553950 -23.976370
363 1.221120 -0.160690 -2.371930 29.426510 74.074570 -68.733930
364 -2.493510 -0.214050 2.471720 0.191550 21.435970 64.010110
365 -0.935180 -0.380150 3.110900 -5.965430 112.078610 50.075650
366 2.941690 0.788250 -0.111780 -1.899970 96.954620 4.007870
367 0.949580 -0.432020 1.686520 45.819260 39.715780 -51.179520
368 1.270200 0.775670 -1.848030 31.650550 26.517690 -24.531700
369 1.975600 -0.395920 -1.778970 60.032420 97.893500 -33.012020
370 -3.045120 -0.053110 -0.538690 32.590710 96.399540 56.271290
371 -0.213300 -0.210340 -2.146820 -38.425850 107.447700 -22.568160
372 2.691440 -0.698440 -1.136820 74.503990 83.895270 34.496280
373 -1.911610 -0.278460 -0.136160 31.413220 70.805810 80.381380
374 -2.643880 1.032090 -1.081140 41.578610 130.233280 20.425460
375 2.406530 -0.403310 -0.818460 38.768240 127.741120 -14.768180
376 1.693840 -0.343960 -3.032560 47.424140 13.073110 -26.041400
377 0.924900 -0.735710 0.072760 -45.741310 30.381970 -25.273470
378 0.938690 -0.505330 -1.074470 6.616990 106.562120 -36.468430
379 0.183030 -0.658750 -1.584160 -46.279480 83.504360 0.168930
380 1.425460 0.723190 1.171930 31.456090 109.863820 -38.731990
381 1.179570 0.275330 -2.870510 19.780200 37.703260 -58.527200
382 -2.390850 -0.258110 -2.288930 5.528310 57.661330 71.207950
383 0.933430 0.759040 -2.872410 -32.364310 43.377170 -43.504780
384 0.131880 1.067650 2.264160 54.654690 105.785790 -7.078670
385 -1.517730 -0.168660 3.021500 15.255800 80.471180 77.172240
386 0.327990 -0.252040 -0.157350 -9.028540 10.582660 -15.135200
387 0.104590 1.364790 1.532360 37.625930 88.476690 -12.594320
388 -0.849800 0.131410 1.328910 47.509120 42.665180 45.491920
389 1.288560 -0.962780 -1.734020 25.954070 113.924550 11.631240
390 2.581170 0.506640 -1.530780 84.268540 94.274170 8.290630
391 2.667540 -1.037020 -0.213120 16.713210 97.829620 13.999300
392 0.087080 -0.650560 -1.193230 -38.372390 56.317170 -32.325430
393 1.651650 0.923100 2.661100 -14.687520 36.263580 -48.564850
394 0.421430 -1.009600 -1.691520 1.856730 113.287860 -20.058400
395 0.471580 0.148620 -0.904510 -36.265500 45.496440 -30.490450
396 1.147500 0.711450 -0.665340 36.656330 64.471310 -23.035720
397 1.937410 0.153710 -0.355020 31.776870 126.709210 -21.757870
398 -0.498910 0.788590 1.241560 59.677340 22.859890 15.400880
399 1.601710 -0.407340 0.302460 -24.465320 95.464370 -12.511920
400 2.372930 -0.235190 -1.650460 61.239990 83.942540 -19.832560
401 0.180890 0.427090 -1.479090 -14.677390 41.093580 -34.119160
402 -2.043470 -0.784630 -1.789240 26.099700 26.622330 66.756260
403 -2.979640 -0.471850 -0.063540 29.037730 128.702260 60.811130
404 0.922880 -1.426410 0.111680 -52.325350 27.945490 12.664700
405 -2.254580 0.123710 -2.630330 36.028530 68.459430 39.889310
406 0.344880 0.087570 -0.257370 9.397120 49.012320 -42.549680
407 -2.123000 -0.681720 -0.512920 60.621200 58.741420 70.994800
408 1.865510 0.438820 -1.639420 39.389350 71.337550 -40.831280
409 -1.024230 0.565340 2.726770 60.525020 118.181660 46.042450
410 2.957950 -0.197020 -0.496450 21.820700 116.246190 9.672940
411 -2.466060 -0.900450 1.405330 -26.942400 104.349940 53.208480
412 -1.316780 -1.170710 -1.239450 -25.577930 19.793000 18.888380
413 2.757910 0.254670 2.008770 -14.560150 41.156920 19.849600
414 0.522540 0.024610 -2.721920 31.095390 108.353630 -28.207930
415 -1.848940 0.501580 1.949040 51.877380 55.919490 48.773730
416 1.707360 -0.873030 0.139410 -17.663750 94.963370 3.718550
417 -1.598260 -0.424740 -1.733300 -11.752670 72.638020 43.331630
418 1.093080 0.560040 -1.141190 41.452770 55.382520 -60.240720
419 -2.636400 -0.129370 -1.752120 44.098290 57.881870 34.928810
420 -2.462120 -0.436420 -2.243940 -2.841770 34.312240 53.708170
421 -2.013390 0.510440 1.511600 33.096270 40.166620 51.912190
422 -1.549320 -0.391100 2.059660 47.899430 67.031850 46.814510
423 -1.062780 1.235830 2.947850 39.436610 119.157680 12.561010
424 2.833540 0.773520 -0.164820 -12.793150 118.715100 17.773290
425 -1.374990 -0.953410 -1.753970 -32.276930 61.121640 36.942590
426 -3.122970 -0.493230 -2.786570 43.678690 2.495390 28.552720
427 -2.076890 0.457860 0.515090 -30.795260 67.408490 61.283080
428 1.671020 0.130180 1.442540 0.053360 58.033350 -51.016020
429 2.885680 -0.786330 -0.628140 20.834870 109.947460 34.394590
430 -1.226730 0.965460 -2.258370 26.329640 130.155320 9.026090
431 1.842830 -1.361050 0.057920 -9.215340 100.969700 7.970110
432 3.125610 -0.356520 -1.416060 65.980420 60.254460 12.417180
433 -1.777720 -0.997600 -1.384880 26.673960 26.971500 52.221150
434 -0.084800 -0.699500 0.141950 -3.237060 32.377620 -8.447800
435 -0.453920 0.772580 -2.560090 -11.993440 132.088930 19.770140
436 -2.706590 0.411270 -2.554010 44.231280 24.501770 47.118650
437 -0.015360 0.148350 0.207200 19.618310 1.849880 1.590810
438 -0.895530 -1.016180 0.740200 68.899060 45.040210 49.181870
439 -0.613070 -0.492130 -2.029700 -44.377140 94.539610 41.518150
440 0.170330 -0.670500 -0.475720 -47.409800 18.825230 -3.486370
441 -1.950480 0.377570 2.146150 56.032040 42.744870 70.572920
442 0.600430 -1.047430 0.428860 -40.520850 18.866530 -17.358340
443 1.694320 0.256930 -1.517050 68.627530 70.772290 -36.861280
444 -2.363920 0.258950 -0.074530 -8.155730 67.028730 73.430020
445 2.535330 -0.570190 1.350880 -44.517310 89.374860 15.989710
446 2.364060 -1.364820 -0.022320 15.361380 128.467040 -3.173240
447 -0.307890 -0.838640 -1.726010 -59.777340 96.248060 2.652320
448 -1.756310 1.484630 -0.652430 -58.496820 64.847850 3.606830
449 0.158750 0.677160 1.615160 38.996420 76.991310 -39.402110
450 -0.263190 -0.891710 -2.940320 33.270010 110.901100 0.279550
451 1.989320 0.138220 -3.036630 19.786710 12.904540 -50.040730
452 2.715410 -0.865240 -0.327380 9.216450 132.757640 18.249940
453 0.786320 0.111680 1.277880 9.609810 65.844960 -37.446330
454 -1.138830 -0.509670 2.444620 30.004060 104.474490 66.500240
455 0.611550 -0.413060 2.646530 63.116040 63.555370 -50.526860
456 -0.647160 0.058550 2.641400 54.856570 110.956150 -1.468790
457 -2.797480 -0.865980 -1.184710 73.917040 76.580960 36.080420
458 -3.108390 0.407410 -1.367320 46.573850 105.620950 48.367660
459 0.832310 -0.691950 1.264920 34.173330 9.695370 -19.699540
460 -3.112600 0.522080 1.191910 -47.738980 74.497870 13.367290
461 3.099170 -0.936920 2.622370 -29.393790 48.216450 37.106910
462 -2.226470 -1.337490 2.516170 -22.957490 108.659460 27.858260
463 2.777050 -0.117110 1.391090 -42.433200 80.493050 -4.080730
464 -0.145440 -1.445860 0.390930 35.895660 4.584620 29.458850
465 0.119170 0.479530 2.008030 74.472310 96.455600 -18.009410
466 -1.606900 -0.805620 -1.302450 5.313700 17.906080 26.628280
467 0.978720 0.205220 2.350280 14.045040 78.348060 -69.467050
468 -0.455350 -0.537060 1.761240 93.274960 78.166940 2.063800
469 1.440950 -0.112230 -2.335170 48.897050 48.906500 -28.771390
470 0.364420 0.183150 1.828300 37.218090 66.607060 -16.960710
471 1.266210 -0.613350 0.917860 -47.079840 33.071460 -36.278490
472 2.009020 -0.237210 2.409310 22.045010 18.681670 -24.097910
473 -0.224940 0.030320 1.387210 61.637860 50.023480 -22.463260
474 -2.994610 -1.103970 -3.135480 -24.765510 34.989410 44.047460
475 -2.817890 1.141980 -0.247370 -3.493840 99.498840 1.233560
476 1.197580 0.373420 -0.195830 29.028920 44.379620 -45.202340
477 -2.980660 0.082590 0.364810 -16.977800 125.975410 33.353180
478 -1.457040 1.122870 -2.386080 47.178440 118.313130 29.571560
479 -2.362570 0.454460 1.465610 -5.715360 30.041200 30.893180
480 -0.163450 -0.534450 -1.370190 -51.715650 62.904240 16.274220
481 -1.788200 1.088160 0.530470 -31.719140 26.422050 52.741650
482 2.719490 -0.395650 2.777620 -0.331960 4.083770 40.693290
483 -0.142450 -0.867960 -0.945360 -36.317180 36.429280 22.489070
484 1.840680 0.270210 2.232440 -18.903080 36.370720 -12.558880
485 -2.017020 0.687690 2.938900 64.618970 35.807400 41.457510
486 -0.276560 -0.662290 1.714320 89.332790 69.092560 16.777730
487 -0.559770 -0.679210 -0.772340 -36.573140 15.119450 -4.529780
488 -0.130230 0.853360 1.688940 58.685890 98.425640 -15.427790
489 0.414760 -0.059030 2.769800 34.624860 111.812670 -18.236320
490 -1.404080 -0.961240 -0.814600 5.462520 39.183550 62.682570
491 0.157990 -0.061520 -1.132420 -12.038020 68.298790 -27.111100
492 0.129130 0.421060 0.104230 29.046950 1.741120 -8.709260
493 -0.812920 1.510690 -0.292370 -0.737430 11.748420 3.268340
494 2.168410 0.670160 -2.541930 39.833590 23.701480 -41.430170
495 -3.067320 -0.091320 0.758710 -34.074640 111.249660 28.473730
496 -1.763520 0.814150 -0.639420 -29.226510 57.212120 42.177510
497 0.018570 -0.062790 1.208160 29.739980 36.184660 -18.828530
498 1.253450 -0.001500 -0.624200 9.350710 76.449500 -70.091430
499 -2.187030 -0.837900 -1.982750 28.307150 22.593540 55.932170
500 -1.194910 0.152240 2.506810 55.762750 81.314000 66.636170
501 -2.763280 -0.247880 -2.217010 62.302990 35.678860 45.063650
502 2.974840 0.882950 -2.766000 49.943160 35.686920 30.052520
503 -2.827070 -1.082290 -1.574520 56.539240 50.022630 60.782120
504 2.075320 -0.196290 2.730730 -4.973750 20.329890 -2.746610
505 -2.486360 -0.801880 -2.406200 -19.499620 18.674700 50.972220
506 -0.701680 -1.546130 -0.298150 7.105480 -16.362770 18.720100
507 1.946140 -0.470020 2.676020 12.894340 12.970260 -43.675110
508 0.904250 0.351170 -2.412920 -26.879390 64.330540 -52.561530
509 -2.104210 -0.877940 2.225610 0.031680 67.818470 49.175830
510 0.985760 0.720070 3.126660 -30.297320 51.334890 -36.255800
511 -0.695200 -0.102440 -2.420300 -33.747860 107.152470 4.704400
512 -2.384830 0.266230 -1.621120 11.984360 93.370330 64.317020
513 -1.663710 0.104680 -2.216150 -11.153320 99.880170 55.624370
514 1.285510 0.062940 2.447900 28.958620 69.171300 -56.041420
515 1.641950 -0.509610 0.989580 -59.240960 45.917050 -23.416490
516 -1.432830 0.303740 -3.134290 31.524550 102.739760 30.712480
517 -1.942680 0.354710 0.690760 -33.010510 35.856670 56.876470
518 -2.088220 1.042520 -2.628820 49.688120 108.113880 35.764130
519 1.648500 -0.954750 1.132740 -43.634350 55.759370 -4.241980
520 -0.503420 1.474430 1.678510 63.611220 90.008320 3.418180
521 -0.557530 0.228970 3.128640 22.222140 133.836180 -5.223890
522 1.365540 -0.345710 -0.368640 13.172430 92.731890 -28.706750
523 -2.682690 -0.361540 -1.613040 69.330720 59.157100 52.017510
524 0.529430 -0.528950 2.907930 39.739380 82.739750 -8.366040
525 0.896830 -1.056160 1.691990 51.715690 24.279830 -24.431700
526 -2.070700 0.120480 -2.019280 41.340640 70.688380 74.973310
527 -0.778250 -0.566240 -0.111700 6.743870 22.811870 11.092250
528 -0.279010 0.561730 1.179230 69.742360 26.442420 10.405160
529 -2.137220 -0.381030 2.360950 15.068500 90.225020 60.965200
530 0.906400 0.778730 -1.226800 -8.619260 34.911910 -39.544540
531 0.072250 -0.008470 -2.068930 -23.535310 107.812670 -42.335410
532 1.007910 0.573070 -2.956340 -18.076350 43.193620 -58.514960
533 0.258060 -1.231340 1.737390 38.920370 36.949860 2.780180
534 -1.397470 0.055570 2.663670 41.823120 70.770460 64.952580
535 -2.517710 1.208020 2.833560 71.534310 27.047210 34.815250
536 -2.328830 0.561510 3.106810 66.605320 62.106390 62.351490
537 -0.441100 1.278230 0.417440 52.632310 28.825890 -4.254990
538 2.247320 0.886690 -1.075440 64.667200 104.596980 -7.131990
539 2.891530 0.026180 -0.004590 -1.035900 96.615100 13.347060
540 3.063800 -1.240860 -2.184600 67.293380 24.302280 15.175010
541 -0.463070 -0.164880 1.563210 67.813470 68.976730 -7.313520
542 -0.303890 -1.236150 -2.371210 -19.694390 105.762080 -10.742720
543 -2.278400 0.977570 -0.347860 -25.339560 72.528900 21.281550
544 -1.390090 -0.527850 1.348840 43.846180 63.148330 77.392760
545 -0.466830 -0.731600 1.050660 69.237540 51.764510 23.649080
546 2.719610 0.969670 2.026780 -43.381390 47.763980 -8.065130
547 2.115400 -0.120860 -2.035380 44.058140 46.333860 -6.111040
548 -1.514220 -0.276030 -2.359920 -14.418490 95.185210 44.702420
549 -2.443940 -0.819870 0.936510 35.119480 98.469210 58.138890
550 -1.157920 -0.542040 0.952690 36.364120 31.191440 60.688790
551 -0.692420 -0.169530 2.986990 18.623000 129.691850 6.304210
552 0.064340 -1.211660 1.427370 74.189470 29.435150 25.611400
553 1.228030 -0.108480 1.057000 -13.868980 26.445300 -50.007650
554 -1.325630 -1.259940 2.490910 22.395360 128.906540 54.079480
555 -0.035620 0.666560 0.528960 50.868010 48.489410 -21.094910
556 0.737540 0.506890 0.902750 38.669470 57.315710 -69.777190
557 -1.230320 -0.148560 -1.654110 -43.944350 65.257890 66.353100
558 1.323470 -1.301950 0.379720 -55.971440 59.863080 31.992510
559 -0.735890 1.171570 2.043500 61.383580 53.822570 10.711350
560 1.536500 -0.840260 -2.247290 57.147540 61.081120 -34.040320
561 1.726950 -1.372910 0.821250 -59.150120 30.800350 1.412450
562 0.437400 0.097160 -2.913530 14.183500 77.429340 -35.734630
563 3.014810 0.954850 1.529430 -62.932370 48.123860 3.966150
564 -2.369530 0.242530 0.063390 10.156490 73.497280 46.253330
565 2.605280 1.221270 -2.667030 53.048180 33.215500 1.724490
566 -2.501260 -0.487430 1.125750 15.905260 87.065690 72.339410
567 -3.121250 -0.873560 -0.273240 20.070290 108.509120 22.578860
568 0.252240 0.201440 -0.633800 -0.464510 44.805870 -14.839870
569 2.942770 1.297900 -0.412440 19.361170 98.317090 9.808370
570 2.254030 -0.518440 -2.111750 73.436740 45.944980 15.998120
571 -1.223240 0.564000 -0.002780 -23.316150 -2.413010 25.812560
572 1.060220 -0.201700 0.301910 -13.724760 49.740280 -68.383010
573 -2.143360 0.529020 -1.822600 48.835660 100.879780 65.902600
574 1.368550 0.552750 2.237730 11.463310 69.614060 -54.270260
575 0.626260 0.232570 1.990940 56.158320 78.097640 -31.588460
576 -2.128060 0.242790 -0.011190 -25.384480 48.654420 68.828040
577 2.429450 0.588170 3.100750 11.040580 12.244720 -27.382130
578 -2.514740 -0.122750 -1.764530 61.214290 76.091190 58.557790
579 1.363840 0.484050 1.714370 17.173140 82.693470 -49.223040
580 2.650330 -0.295730 -0.063430 8.511970 124.746080 -9.023290
581 1.491450 0.514570 0.288980 25.410240 92.289940 -16.578240
582 -2.617710 -0.509790 -1.391370 43.647520 65.332870 35.729480
583 0.593580 0.757090 -2.164580 -36.276410 32.789710 -32.158570
584 -0.242350 0.473050 1.224080 66.116610 15.779000 -20.371770
585 1.748510 0.047070 -3.028830 23.273830 37.916650 -13.088800
586 -1.015140 -0.945430 -0.900920 -13.739910 -6.377020 23.491620
587 -0.542940 -0.548350 -1.629470 -46.216850 68.153550 -4.402120
588 1.852420 -0.128980 2.492350 6.728140 10.456860 -51.348050
589 -1.146260 1.378120 0.754400 -5.837640 10.277580 3.478960
590 -2.374370 -1.067030 0.530000 23.150310 116.246260 53.087150
591 -2.891560 -0.270080 -0.075800 27.925190 91.679300 59.874640
592 2.608040 1.075550 -1.870280 71.986580 54.810890 -26.936520
593 0.944590 -0.219880 1.302540 -3.498640 48.297420 -48.536200
594 3.057830 -0.144190 -0.536650 49.804390 126.388760 45.795080
595 0.745510 0.256250 -1.224060 16.835580 66.120570 -40.478030
596 0.229060 -1.295130 0.996620 50.797740 7.502860 11.736620
597 -0.603770 0.909540 -0.371990 1.933500 6.505760 1.196680
598 -1.824010 0.097430 1.620690 6.148140 50.948170 73.401900
599 -1.326470 0.339120 1.493240 73.142700 34.361660 54.755910
600 1.653740 -0.548320 -2.690370 44.355130 54.215550 -8.525290
601 -2.301410 0.547340 0.688200 -36.148120 44.708980 27.694520
602 -1.414530 0.743960 1.509240 33.907240 30.921760 60.699200
603 2.040790 -0.608210 -0.441410 14.355380 120.711360 -37.255620
604 0.044840 0.297260 -0.044090 9.196170 4.999250 -41.759980
605 2.774140 -0.868190 -2.500490 28.047910 25.360210 30.230670
606 -2.952320 -0.541550 1.107300 -0.497050 101.401600 47.180640
607 -0.700240 1.165040 0.731910 60.360820 15.885820 -9.871490
608 -0.120330 -0.031120 -0.639500 -36.036540 35.216820 -31.356750
609 -1.984220 0.652870 0.167630 -51.292600 54.887460 33.403140
610 2.154190 0.071050 2.202600 -9.900890 46.369360 -7.380240
611 -2.944010 0.279550 -2.917920 37.103490 0.987830 39.774980
612 -2.617260 0.530530 3.096030 44.335150 30.718530 21.877930
613 -2.428730 -1.239100 0.058830 52.169040 111.389800 40.893780
614 0.404190 0.839080 2.199320 14.120020 116.388640 -41.102490
615 1.046010 -1.127160 -0.565390 -25.894940 117.303190 -8.101010
616 1.940860 -0.813250 2.609580 23.893330 -17.096760 -10.538030
617 3.019170 -0.570570 -1.374950 70.780440 61.235170 50.806980
618 -2.825290 -0.976900 0.356140 40.195750 121.706300 59.723660
619 -2.787730 0.191830 -0.474050 19.272400 129.812680 61.412580
620 -1.267140 1.128750 -0.747660 -19.104810 69.985080 18.146950
621 0.367600 -1.153160 -1.404200 -31.959500 73.862340 -12.655160
622 -2.988070 -0.354920 -0.932240 65.838670 74.553960 25.207500
623 -3.046390 0.667470 0.270480 -19.212670 85.248420 37.933040
624 -0.526980 -0.978240 1.723250 68.841110 93.414510 27.605240
625 -0.646400 -0.790280 -0.683630 -20.472090 44.929620 37.414490
626 -2.792410 0.350140 -0.756100 11.710230 119.726290 67.101800
627 -0.422740 -1.303600 -1.527410 -49.867170 49.508290 26.737960
628 0.827490 0.965640 -2.616700 -51.363960 58.098470 -39.214830
629 1.083330 -0.663090 -1.304260 22.972970 101.912170 -26.845390
630 1.436010 -1.020820 -0.602640 2.442290 107.975030 1.405130
631 -2.264450 -0.597830 2.294560 -2.906430 87.288320 80.926040
632 -1.712860 0.146640 -3.042300 1.594670 86.550220 56.641090
633 2.951190 -0.240070 -1.059800 35.367860 107.098500 22.945300
634 0.724920 -0.149790 -2.926490 35.365360 105.733290 -28.119000
635 -0.077790 -0.787610 -0.585030 -47.095700 50.361800 -7.881390
636 -0.717390 -0.690220 0.509080 30.808330 30.652240 14.023890
637 0.169890 1.028080 1.701530 47.920170 71.765180 -19.574600
638 0.159280 0.205200 -0.456020 -2.233100 12.587570 -42.287960
639 -1.454100 -0.064510 2.102720 45.678630 64.576850 35.758350
640 0.326540 -1.107210 2.552790 51.537940 55.556520 -10.398270
641 0.576600 -0.254570 1.847640 67.313030 60.076310 -31.399480
642 2.827320 0.185390 1.803050 -48.446350 33.660800 36.152840
643 1.759640 0.834990 -3.051080 -14.193090 47.793630 -37.902070
644 -2.962010 0.132400 -1.289080 43.796360 105.563200 25.610120
645 0.046190 1.175570 -1.760190 -65.017380 48.965420 -11.614670
646 -2.919930 -0.689410 -1.192860 65.987300 39.700450 29.142390
647 0.061530 -0.656240 1.998740 50.425270 47.593240 -23.545370
648 -2.698260 0.222230 -2.629990 74.477230 61.813740 43.055620
649 3.000720 0.454100 -0.253010 -2.380870 126.444850 2.258170
650 0.750580 0.417440 1.721900 52.216710 72.884000 -44.362440
651 -2.430930 -0.357490 1.776270 7.351830 84.468370 48.267940
652 -1.026610 -0.623220 -2.961600 -11.837310 117.978720 62.250180
653 -0.655560 1.394860 -2.369650 4.812110 116.235340 -9.190240
654 -1.941380 -0.129570 3.060970 9.198690 51.845980 78.404130
655 -2.078600 -1.099330 0.269680 68.247150 59.900760 33.201420
656 2.029220 -0.072060 0.774220 -40.372890 62.656800 -19.581370
657 2.940650 0.582990 0.226800 -22.805480 121.798110 38.228950
658 0.533620 0.038550 2.167090 37.306100 74.691110 -15.345270
659 -0.416300 -0.982870 0.424070 35.971120 16.324900 -9.952490
660 -1.947530 0.360040 -3.071240 25.327690 71.520760 41.486600
661 0.576450 -1.046530 0.505170 -38.938850 21.118320 -5.603860
662 1.138150 0.333270 1.390120 30.860490 75.051710 -63.328870
663 -0.880430 -0.490610 0.166530 5.973070 9.446950 16.481660
664 1.831830 -0.090940 2.362490 -12.341890 38.099200 -10.673450
665 -0.795300 0.300910 -1.650760 -18.605170 100.105430 7.310790
666 0.598300 -0.000440 1.016260 27.377030 39.696550 -64.287920
667 -1.832990 0.286880 -3.125030 46.452400 98.469800 73.726700
668 -0.845800 0.345960 -1.944230 -48.937740 87.981170 9.158840
669 1.359310 0.438640 -0.286030 21.284190 98.399610 -34.790250
670 0.822270 -0.593500 2.446740 70.988240 56.183070 -15.961880
671 -2.838660 -0.770800 1.009010 11.375540 94.043330 44.420460
672 1.143500 0.798960 2.628760 -5.260520 102.369740 -41.902580
673 1.625420 -0.711430 -3.027120 68.760260 61.129740 -31.602510
674 0.146070 0.415540 2.516300 12.833620 90.295550 -34.212970
675 -2.145830 -0.294320 1.575720 14.193390 59.504660 47.664290
676 1.153650 -0.159730 -2.768110 46.373900 59.959580 -62.274660
677 2.998860 0.520620 2.826600 5.036180 -13.643140 31.253850
678 1.247790 0.860010 -2.047760 22.743930 15.286510 -31.495090
679 -0.552460 0.781660 1.210050 69.895740 19.710470 -18.785920
680 -0.452070 1.008970 -2.619730 0.551260 122.622910 20.310020
681 1.054020 -0.338590 0.300040 -7.772630 62.237540 -65.187740
682 2.862340 -0.328440 2.718230 -12.388560 1.306790 42.508940
683 2.128610 0.066690 -1.869050 46.875610 50.958020 -39.625160
684 2.031000 0.446740 2.133500 -43.155220 27.194560 -18.372470
685 1.495090 0.391820 -2.551510 -1.641220 37.589720 -22.150660
686 -1.111220 -0.940620 0.571040 73.788860 49.056950 48.746200
687 -2.350200 0.143540 0.272170 -24.719090 78.016660 44.525630
688 -2.537910 0.441360 -1.974280 68.183840 80.704590 36.597060
689 -1.498720 0.722260 -1.089350 -48.870480 67.123350 30.054960
690 -2.907410 0.416020 -2.214690 48.301090 46.602750 58.764370
691 -2.901160 -0.055940 -2.511500 38.028340 34.577660 25.150350
692 2.831610 -0.167270 -1.885870 61.264140 52.735040 39.119180
693 2.600290 -0.673360 0.953480 -41.930030 103.089100 31.956670
694 0.475080 -0.176070 -2.928500 35.610680 79.025240 -35.787810
695 -1.593770 -0.770400 3.128380 -8.372080 113.157120 45.872920
696 -1.930410 1.046950 -0.479800 -41.029680 62.766400 10.624550
697 -2.684740 -0.234000 0.748780 -25.234360 106.026580 55.639020
698 2.809570 -0.064030 2.500610 -9.650520 34.684310 27.011600
699 -1.577060 -1.076190 -1.457700 8.796490 10.734440 56.064540
700 -2.376690 -0.459520 1.951650 -2.143750 43.660300 63.430830
701 -2.518260 -1.063230 2.112910 -25.175060 65.808880 61.694100
702 -0.620030 -0.477080 -1.522300 -59.103100 67.602660 4.750960
703 2.637110 0.744910 1.633430 -45.692040 78.583440 -7.835430
704 -2.297570 0.407280 1.109310 -28.488060 36.122920 73.874210
705 1.970230 -1.282220 1.876790 -20.244190 40.421810 9.293160
706 -2.527780 -0.575430 -3.028480 -2.207360 12.650790 47.784480
707 -2.849080 -0.503610 -2.126430 55.734520 53.784680 68.512720
708 1.413650 0.690090 -2.685320 -24.491450 46.332760 -39.852390
709 -1.959280 -0.524830 -0.051200 15.875620 56.349040 87.320960
710 -2.531150 -0.926980 0.674850 9.694860 126.232250 49.066350
711 -0.949500 0.436080 2.561610 48.569640 93.207260 9.279640
712 2.519730 1.072030 -0.441260 58.010040 108.054440 -15.419560
713 2.410800 0.545680 -0.956570 77.067890 104.940750 5.861150
714 -1.129000 0.433230 2.218570 67.612020 47.053320 20.444260
715 0.734260 0.396760 1.474200 7.106970 63.659820 -49.051330
716 -1.751410 -0.990410 0.851210 26.736060 79.273790 51.855620
717 -0.954960 -0.316310 0.896560 32.514930 24.565320 19.494130
718 -0.021380 -1.046310 0.591690 27.336220 25.835120 17.701810
719 2.147550 0.240390 -1.017280 74.686330 108.532480 -34.423630
720 1.249120 0.425760 -3.047630 -10.662290 37.662810 -33.621810
721 0.712050 0.596770 0.433120 50.146290 32.372690 -50.215270
722 -0.020740 1.097930 -2.002940 -42.345550 79.342540 -39.072060
723 -0.815840 0.314100 2.719790 27.863570 98.823900 8.611550
724 -1.767100 0.630790 -1.908600 33.422110 113.584620 52.034600
725 -2.015760 0.476310 -0.477100 -18.107850 56.118190 62.702670
726 -2.720750 -0.841560 -2.791090 -3.672200 -0.993140 54.957220
727 2.660160 -0.561560 -2.949260 23.001480 -14.618400 6.778230
728 -1.688630 0.786670 -2.497270 56.574220 97.565690 47.041560
729 -2.734880 0.467830 2.288160 26.128790 24.380400 51.855100
730 -0.658980 -0.868770 -1.930510 -59.775210 97.369710 24.925760
731 1.062700 -1.161010 -1.305560 18.154550 128.996080 -2.599760
732 2.606990 -0.503370 -0.254110 16.373470 144.133210 28.962250
733 -1.819940 0.630610 1.001250 -3.028520 -6.137920 41.157830
734 -0.055500 0.960140 -2.531950 -30.876080 77.598600 -6.816630
735 -0.791050 0.653180 -1.153130 -48.163820 82.945850 25.398010
736 -0.867360 0.853730 2.871160 56.261040 103.404770 -13.910400
737 -0.997290 0.908050 1.807130 47.837150 63.135680 23.184250
738 0.300900 0.106260 -2.194370 -1.400510 116.509150 -23.384380
739 1.840550 -0.358170 -1.671620 44.176140 75.075020 -50.348570
740 1.075500 -0.178650 -2.536090 12.457180 66.839100 -69.260900
741 2.251410 0.543540 1.466930 -54.115890 76.624470 -0.760550
742 -2.402650 -1.264000 1.788520 2.323710 122.745090 30.840740
743 2.453390 -0.530800 -0.149290 9.732510 133.473830 -16.768340
744 2.226800 0.175590 1.356470 -56.514820 86.698270 -20.684840
745 1.947140 -0.547440 0.277090 -16.093220 104.340520 3.633130
746 -2.673730 -0.435860 0.601510 -17.678090 107.560190 56.922800
747 -0.009000 -0.285070 -0.167220 -4.350930 5.820270 7.569670
748 0.216410 -0.111430 0.663420 14.912900 23.048690 -43.711030
749 -0.030910 0.162920 2.884160 40.282220 134.538150 -8.607680
750 0.345960 0.256620 0.474100 36.729720 51.192390 -46.901320
751 1.176700 -1.068030 -2.036090 28.091740 129.628050 -2.827040
752 0.963040 -0.290280 0.625270 -27.156430 40.890730 -55.449310
753 -2.134450 0.557520 -0.504620 -7.437190 99.923260 72.834950
754 0.796030 0.943400 -1.974420 -32.987240 52.355580 -26.288420
755 -0.460170 0.608850 0.914040 58.164870 14.882850 24.661230
756 -2.876580 1.016080 2.851880 16.806710 -4.695130 9.764530
757 -2.697310 -0.494210 0.467110 17.477690 124.808510 65.485320
758 -1.627150 0.883220 -3.139610 73.584520 72.399610 47.446560
759 -2.414940 1.307450 -0.576420 -5.431460 131.979160 8.988270
760 1.734210 0.029290 -2.394050 36.297790 62.959120 -47.870410
761 -2.890460 0.223880 -0.146620 -19.059800 102.232740 24.113480
762 -1.159240 -0.801400 -2.892490 -32.611090 84.080280 48.669150
763 -1.739630 0.398590 2.624960 60.273580 77.374860 72.932450
764 2.460240 -0.978650 -1.758560 58.862080 51.205360 17.037100
765 -2.402930 -1.137210 -0.052280 49.123130 59.160390 48.439580
766 -1.992540 1.083970 0.502260 -53.010080 47.879780 34.100930
767 -1.419910 -0.655670 2.969160 -1.727700 90.830070 31.324130
768 -2.764770 -0.088260 -1.296920 70.351260 78.069530 42.793410
769 -3.096810 -0.072970 -1.603840 61.943120 69.411660 61.185580
770 -3.126080 -0.681960 0.580530 10.674470 97.169760 40.665000
771 -1.969220 -0.821860 2.912030 -3.933310 66.935500 40.889410
772 0.264840 0.833120 -2.063650 -61.267210 58.809430 -17.606460
773 1.951470 -0.281470 -2.288510 63.923560 75.180690 -33.881100
774 2.384070 -0.132220 -1.189640 40.176600 114.184090 -5.708300
775 -2.407580 -0.533270 -0.235620 13.148660 75.846690 80.914770
776 1.953460 -0.658840 -1.525130 33.948810 96.439360 -26.700200
777 1.393420 -1.052410 -0.207420 -17.818060 110.267940 -8.891100
778 -1.249570 -0.422750 -1.609050 -8.617740 68.049870 58.248600
779 0.581760 -0.205060 2.746900 21.818200 64.267910 -44.401990
780 0.814160 1.084140 1.527390 9.536700 111.640790 -18.030810
781 -1.536830 -0.023180 -0.097430 23.509130 50.508300 70.204130
782 0.432790 0.541260 -1.641470 -13.934120 72.009740 -21.348260
783 0.128530 -0.427590 -0.514920 -31.569620 26.612390 4.006450
784 2.896150 -0.670680 0.713250 -43.417280 113.144070 17.346080
785 -1.101260 -0.620140 -2.357600 -21.566850 80.529400 64.156440
786 1.160990 -0.569280 1.002130 -21.272470 52.372850 -20.143560
787 -0.705010 0.137920 -2.052810 -42.811700 93.090210 42.743180
788 -0.614790 0.175170 1.310510 88.216580 38.449440 6.414670
789 0.645340 0.557230 -2.949010 8.813180 91.747710 -24.709940
790 -2.409400 0.218370 1.572060 3.228600 62.349600 75.756340
791 -2.781510 -1.414950 -2.329240 34.773120 -2.141990 26.891860
792 1.852460 0.380150 -2.860280 30.026400 16.918050 -14.756280
793 2.747140 -0.159870 0.443600 -22.309360 109.583130 -7.379520
794 1.488110 -0.066230 -1.063110 11.423330 85.879150 -23.796450
795 -0.514390 1.109130 1.148830 61.862090 20.031680 19.851630
796 -1.826530 0.223870 -1.209670 -2.638390 52.648230 61.255550
797 -2.003000 -0.766640 0.328760 17.762710 70.042880 54.478000
798 1.773730 -0.822730 0.211100 -47.123250 104.178920 -27.195580
799 0.120250 -0.258160 -0.940490 -30.238500 21.708910 -30.061170
800 1.110460 -0.526160 -1.445120 -12.663500 109.391950 -28.670770
801 0.995600 1.379150 0.775040 40.368880 112.134650 0.981290
802 -1.148830 -0.239060 -2.382110 -21.202800 118.142940 37.411190
803 0.777420 -0.523160 -1.104040 -24.524770 100.662290 -52.019540
804 -1.787630 -0.476240 -2.259270 5.755240 50.124090 79.740040
805 -2.707520 0.279870 -0.773490 22.988510 96.802750 29.747770
806 1.187540 0.186860 2.109460 31.063030 51.619050 -42.175440
807 -1.153450 0.366860 -3.112120 10.021950 119.485470 38.667410
808 -2.523270 1.152830 -0.010330 -27.435160 113.308650 8.917370
809 1.173260 0.601910 -0.329240 20.877900 40.514870 -53.485080
810 -1.063840 1.383680 0.682850 30.948220 -17.193320 6.724930
811 2.234920 -0.921270 0.641980 -61.432800 74.693950 -7.389230
812 0.502450 0.593900 2.630640 38.210230 97.991380 -34.330400
813 2.574100 -0.387150 1.812860 -15.107510 47.251470 1.434240
814 0.294440 0.623380 2.620250 28.841390 103.741320 -56.494290
815 0.524250 0.849960 -3.116760 -31.919100 109.144870 -41.646980
816 -2.585320 -0.052200 -2.745440 18.674560 33.506690 35.220430
817 -2.968200 -0.289320 -2.467640 41.927690 30.513790 70.557280
818 1.364260 0.204800 -2.528460 1.511630 50.492660 -62.603200
819 -0.919140 -1.407620 0.190470 22.180400 -0.038720 16.364590
820 0.981080 0.049390 1.214670 40.766240 74.280080 -55.550960
821 -0.556560 -0.482030 0.151950 8.892130 13.711740 0.387590
822 -2.205690 0.060700 -2.772550 23.553070 84.514380 73.054650
823 -2.616890 -0.905200 -2.703360 -12.769670 42.606720 49.327840
824 3.014320 1.013180 3.070980 42.487550 -11.750530 23.724930
825 1.427660 1.323190 -1.226320 47.404310 -0.270370 -6.847090
826 -0.649740 1.377210 1.628900 55.384990 34.447000 -1.573440
827 1.346000 0.689570 2.785940 -7.582010 48.051060 -63.724270
828 -3.015530 0.420030 1.493250 -50.964580 66.615550 33.286990
829 3.016630 0.016130 -0.791030 45.506910 102.665890 48.612940
830 -0.230510 1.377420 2.654170 50.396460 112.093920 -5.958670
831 1.429270 -0.441020 -1.264700 26.144150 94.119540 -59.668510
832 1.394100 0.420190 3.065420 0.068580 69.719860 -29.274750
833 1.101800 -0.618430 -1.930850 24.579670 100.430820 -57.841350
834 1.821320 1.254450 2.475730 -17.934890 65.262440 -4.396480
835 0.558270 -0.303930 0.820680 33.523280 13.323940 -21.904110
836 -1.204610 1.052550 -2.367370 -3.581300 137.069520 4.977560
837 -2.900370 -0.317300 2.237970 -17.412900 32.630320 25.987290
838 0.879900 -0.748460 1.730480 52.807770 21.467420 -14.453700
839 -2.374300 0.181060 2.493770 1.363310 17.301890 50.626070
840 -1.945410 -0.191950 2.522930 25.465660 90.602250 55.443360
841 2.396200 -0.884690 -2.421400 73.145520 60.673060 3.688830
842 -0.661890 0.796760 -0.001770 -9.046880 -17.611840 4.059870
843 -0.743800 -0.178040 -1.443210 -34.152270 91.120630 34.792160
844 0.661740 -0.302340 -2.378170 4.224690 121.044940 -31.701450
845 2.152340 -0.256430 -0.187500 15.609620 94.314350 -6.248820
846 -2.971070 -0.946690 0.277900 7.431420 118.184230 19.793420
847 -1.071780 -0.048140 -2.978480 25.127690 120.841790 20.329580
848 1.927980 -0.131190 3.021710 32.704510 -1.239750 -15.394970
849 1.381650 0.658940 -2.226300 -4.266700 48.219620 -46.682510
850 0.133460 -1.230990 -0.306380 -22.602150 14.202050 21.235600
851 0.722110 1.100150 1.921530 38.237280 119.411100 -39.929150
852 -1.170830 -0.560850 -1.974110 -6.681570 76.003810 50.861660
853 0.502370 -0.929550 -2.457790 -2.154570 112.324870 -18.958890
854 1.475660 -0.290250 -1.039060 21.990060 102.957220 -60.695450
855 1.977040 -0.839420 1.856160 -34.951770 31.268790 5.555500
856 -1.412650 -0.117180 2.425000 42.184880 107.616500 70.631500
857 -0.025400 0.732820 1.287960 81.270450 44.630710 -2.864380
858 2.545660 -0.871750 -0.837590 41.465000 130.741670 4.300330
859 -1.199940 0.699170 1.858110 79.481200 62.887230 19.062530
860 2.971620 -1.382790 1.668580 -56.789010 74.135050 47.049490
861 2.727090 1.078120 -2.693170 49.136550 41.070110 7.262310
862 -2.831120 -1.318260 1.314740 -39.965030 113.779270 25.353900
863 -0.290720 0.543440 0.604890 25.487220 17.416100 8.500890
864 0.116010 0.968450 -0.386010 32.173220 24.426780 -31.288790
865 2.003800 1.067740 -0.787570 88.619610 83.868990 -20.214640
866 1.747080 -0.590390 -0.284280 -37.292100 112.343200 -13.091480
867 2.279500 -1.245530 2.779420 -5.401620 7.368300 24.058310
868 0.517740 1.017310 -0.951160 -14.463880 22.097380 -35.923080
869 -1.173740 1.400820 1.228910 28.884390 28.496460 -10.906270
870 2.393080 -0.390000 1.765510 -17.844970 47.973500 11.624340
871 0.767000 1.168810 1.350070 27.809570 124.254790 -17.893000
872 1.322480 0.228550 -0.881630 6.267730 93.606390 -52.482710
873 -0.183090 0.006340 2.424510 54.798290 124.541720 4.966010
874 -2.561020 0.654000 -1.249160 9.828850 105.710630 51.930150
875 -2.790110 0.306980 1.366420 -7.353640 36.716720 47.700400
876 -2.344870 -0.577000 1.994320 9.296850 78.409290 80.087680
877 1.160080 0.449960 1.377760 -5.573730 89.683850 -57.454950
878 0.394160 1.149520 -0.862790 -13.431350 13.563780 -13.677120
879 0.550040 -0.036660 -2.666020 -0.285620 92.955430 -62.961430
880 -1.478080 0.085180 -2.131690 -20.425870 76.358270 37.167840
881 3.042540 -1.033800 -2.161690 32.347360 39.833760 24.791020
882 -1.776590 1.361250 -2.738840 49.690350 97.973770 39.342270
883 -1.024530 0.114030 -1.034480 -13.527520 63.559370 25.701400
884 0.869680 -0.305350 1.835140 45.192210 61.366860 -27.748920
885 0.914260 -1.080850 2.722580 68.341600 26.470220 1.216100
886 -2.735410 0.925690 0.602840 -24.044490 53.971460 30.722960
887 0.086280 -0.286760 -1.154210 -14.782600 55.323910 -9.662110
888 0.344320 -0.040040 -0.537620 -28.269300 45.092060 -11.078210
889 1.162970 -0.726630 -1.943050 6.498960 100.665860 -26.840130
890 -2.265930 1.216800 0.591420 -51.137940 64.206470 17.664550
891 -0.575310 0.843410 -3.112080 6.539140 128.705410 -6.530260
892 0.697800 -0.226950 1.318560 15.031980 23.847750 -61.920370
893 -1.806240 -0.027900 -0.330250 0.677630 51.210750 41.771370
894 0.803050 -1.020020 -0.353950 -66.054580 72.560730 -16.340610
895 -2.818610 0.807070 -2.727480 54.345450 67.602350 30.211020
896 -2.430560 -0.101820 3.138250 -2.532380 20.378150 55.777030
897 2.294640 0.728290 2.542630 -34.168890 22.286530 -32.836190
898 -2.205400 -0.787730 -1.246760 55.396420 39.727620 39.737230
899 0.040640 0.541730 -0.829660 -20.357990 39.347090 -48.067130
900 -1.264460 0.706260 2.053050 54.929870 40.825160 49.841770
901 -0.370960 -0.465880 -1.772440 -55.550270 90.927090 25.297400
902 -0.431010 -0.657690 0.785150 26.239600 4.441120 -1.815980
903 1.569580 -0.381340 -2.638050 37.969050 33.114000 -34.059940
904 -3.067440 1.300950 2.464830 4.842250 -19.201480 0.113710
905 -1.346110 0.355570 0.655170 31.775100 10.254730 36.735530
906 -2.786940 0.996320 -1.384360 44.144620 84.416800 22.554270
907 -2.111230 0.512790 0.981990 -31.163670 44.544050 57.649990
908 -1.815180 0.350180 -2.999730 32.084920 99.891340 47.250560
909 0.888890 -0.325840 -1.570380 19.933980 98.165600 -57.111340
910 0.229620 -0.001220 -0.070840 -5.366080 29.017360 -4.248680
911 -2.482080 0.602550 -2.194600 40.666910 96.976940 57.690440
912 0.169010 -0.118760 -0.356880 -18.953320 12.269090 -8.506520
913 2.665040 -0.528850 -1.456970 93.894810 76.758930 19.810420
914 1.469510 0.901470 -0.728930 48.808550 73.683060 -56.350700
915 0.268070 1.200620 1.944400 60.977170 108.287220 1.704770
916 -2.904060 -1.028000 -1.655730 75.207650 49.140190 35.029110
917 -3.039500 0.469360 -1.995000 61.135840 56.367740 57.566600
918 1.454950 -0.699840 1.644330 4.035950 37.753250 -6.363140
919 -1.476680 0.515830 0.283460 -18.469520 1.435640 53.563470
920 2.755650 0.050680 -2.039750 65.852940 57.635150 35.697160
921 0.813820 -0.390860 -2.244420 0.840050 112.009990 -31.773030
922 0.949510 0.341040 -1.036130 27.679990 53.468950 -28.451530
923 0.541320 1.391820 0.520650 81.731630 40.432220 -19.962740
924 0.324330 -1.091980 -2.021980 14.183250 104.728340 -3.793700
925 0.551880 -1.042930 0.416020 -1.366250 3.160330 1.607310
926 0.214390 0.742850 3.139650 0.980070 120.305040 -4.070230
927 2.314870 -0.658660 -2.928290 55.525550 3.188800 -14.657440
928 0.704150 -0.444860 -1.303270 -18.819160 90.552250 -9.835460
929 -1.664530 0.003510 2.030890 40.354670 38.045230 67.108970
930 0.916790 0.780340 1.291260 17.584400 65.761800 -45.872640
931 -2.096820 -0.433370 -2.336940 -3.576010 23.692210 53.449920
932 -1.398840 -0.242440 2.399100 29.163440 99.291050 80.382680
933 0.193160 0.614790 -1.462290 -12.087670 59.886750 -11.125530
934 0.704710 0.587720 -2.558990 -6.571140 87.198070 -24.907010
935 1.115100 -0.662540 -2.950280 65.318250 85.625810 -8.476530
936 -2.081670 -0.614590 -1.532060 4.775400 37.683140 40.764680
937 -0.506520 -0.859330 0.845790 33.422700 30.647010 9.226080
938 1.622810 -0.555550 -1.020390 37.788770 114.059450 -11.732350
939 -2.652720 -0.123370 3.130730 8.343030 36.597230 34.592020
940 2.696770 -0.389850 -1.604220 79.401670 68.868100 40.209090
941 -1.574700 0.290370 2.701960 52.420560 62.360140 71.614500
942 0.170440 0.282530 2.828180 43.946130 125.096540 -21.153750
943 -0.133740 -0.401430 1.214320 65.467830 36.931800 -27.289410
944 -0.854840 0.883640 2.748060 71.102810 115.276730 31.294560
945 1.785860 1.111160 2.378640 -54.005430 67.436420 4.607730
946 2.127160 -0.028550 -0.225010 -15.622340 121.856810 -22.533090
947 1.602440 -0.074870 0.743800 -12.439360 53.870960 -26.230460
948 2.076190 0.562550 -1.452410 67.366290 63.678020 -46.709720
949 1.630270 0.315390 1.362400 -15.278070 73.237430 -17.299380
950 1.811200 -0.365180 -1.803940 73.760820 71.826940 -12.605400
951 -0.486970 -0.871820 -0.810680 -52.720660 26.547620 2.400150
952 -2.371450 -0.897850 2.432150 -27.466630 51.563510 46.702690
953 0.696190 -0.293490 1.626690 58.781620 27.476220 -35.306850
954 0.120720 -0.469320 -0.554630 -29.664480 13.459140 -7.874940
955 -2.167260 1.179980 2.640700 82.846610 34.618890 29.789370
956 -1.779600 -0.176790 2.036400 40.697170 88.679370 78.640380
957 -0.032340 0.521360 -0.393420 23.691910 16.397430 -18.197100
958 -0.516790 -0.640160 2.575700 79.553040 101.701870 26.360730
959 0.531530 0.895010 -0.355150 44.661300 46.624960 -32.660190
960 -0.008980 -0.802190 -1.438480 -41.871320 75.934740 19.827000
961 2.439390 -0.828640 -0.506340 44.575610 132.672780 19.334780
962 2.366040 0.820250 -2.806750 20.148350 6.215040 -33.873050
963 -0.011370 -0.916900 -0.509900 -34.081660 33.151660 -22.530750
964 0.241990 -0.121760 -0.270820 -3.231400 45.239720 -13.118640
965 1.237300 0.032860 -2.805610 22.366040 37.518890 -61.639820
966 1.268710 1.152920 -0.451060 66.224020 65.550410 -0.081210
967 1.396770 0.178960 1.787830 -13.601650 46.065480 -29.174250
968 -1.565200 -0.811000 -0.207810 48.883030 37.468660 73.583270
969 -1.974450 0.705470 0.197950 -41.035050 26.925030 30.091470
970 1.473900 -0.088590 0.766540 -28.564980 87.664070 -36.428540
971 -0.587620 0.756690 2.762590 67.732320 123.044110 12.423660
972 1.229430 -1.130050 1.504700 -12.807330 22.461760 -20.424660
973 1.143670 0.802850 0.554950 33.491490 83.675400 -14.628220
974 0.520560 0.569990 -1.626530 -2.129670 48.141440 -58.195370
975 0.536250 -1.008630 -0.778810 -29.420870 96.111560 -21.706670
976 -2.916250 1.005220 -2.461430 90.067910 67.119340 27.902460
977 2.631500 0.538570 -2.938040 41.741080 6.652730 -19.788120
978 1.536590 -0.894970 -1.515760 58.124890 126.466040 -20.273750
979 2.381900 0.182010 -2.976800 49.421790 -1.876910 -23.180400
980 -2.209710 -0.783370 -0.547890 26.519490 34.992160 57.696910
981 -3.106410 -1.040660 -1.686770 42.091930 47.863190 18.688580
982 1.313400 0.246240 -0.398720 14.201860 75.344510 -24.375460
983 -0.601520 0.285730 -0.933670 -66.499260 48.235460 0.896100
984 -1.149240 -0.074590 3.106210 32.773040 98.278800 64.907450
985 -0.128270 0.295300 -1.630940 -16.248990 76.345440 -4.359330
986 2.667040 0.291670 -2.336400 29.670140 25.463790 3.777250
987 1.214010 0.042720 2.916520 49.676090 54.385310 -53.820730
988 2.826320 0.782850 -1.940270 80.154750 83.505570 13.564600
989 1.200120 0.324860 -1.972410 -4.399420 64.583790 -45.211480
990 -1.400610 -0.872150 2.480070 10.901400 111.547810 73.903370
991 -2.701900 -0.375610 -0.207170 -6.622230 92.444470 61.166770
992 -0.207720 0.475240 -2.620460 -33.734220 105.365460 -26.583370
993 -0.882850 0.315460 1.941190 81.120340 86.306690 42.711880
994 -1.985470 -0.321620 -0.315710 25.244190 37.127670 66.755920
995 0.365370 0.582260 -2.990760 -13.905740 80.567900 -55.343120
996 0.909810 -1.270420 0.838250 0.911180 26.663140 16.547670
997 3.083780 0.428490 1.112660 -19.136760 72.501500 13.920250
998 -0.700170 -0.203870 0.169060 -1.636570 -1.068120 40.526060
999 2.054090 0.387290 1.125740 -57.127170 84.300110 -29.082920
1000 -0.125320 0.047970 1.358950 88.097130 56.807750 -20.382210
1001 1.275840 0.940030 2.729820 -13.900860 91.921360 -44.798070
1002 -0.567750 0.967270 2.607670 37.866210 112.957550 -15.588870
1003 -2.891190 -0.043710 -0.624180 15.604940 90.648090 58.201210
1004 -1.735080 0.184530 0.140200 -30.241930 40.983960 42.240750
1005 0.620920 0.478650 1.041020 34.505380 43.291070 -29.375440
1006 0.594860 1.045190 -1.541600 -20.505030 22.385590 -55.380120
1007 3.027810 -0.101120 -0.355520 33.631920 107.252540 8.319200
1008 -0.811610 0.469950 1.626670 55.966820 32.869040 31.067280
1009 2.964250 0.666580 -0.591010 56.248110 122.364560 14.623100
1010 1.231020 -0.709360 -2.961600 78.874380 71.576040 -4.696250
1011 -2.015700 1.434980 0.381880 -55.685830 59.081130 20.105330
1012 -0.133780 0.333990 2.815060 61.472940 114.796280 -29.546640
1013 -2.943120 0.226140 1.747430 -25.573970 64.267000 55.504490
1014 1.683170 -1.381170 1.811260 15.700910 16.533330 19.158620
1015 -0.770900 -0.158660 1.179030 39.688890 46.664700 22.634990
1016 0.254010 0.257720 2.196740 28.909910 109.950620 -32.214480
1017 3.061730 0.047560 0.118560 6.680620 109.537370 51.972180
1018 1.669050 -0.751100 0.137690 -38.325150 73.344800 -1.727430
1019 1.146640 -0.220700 2.608300 39.619290 21.944680 -45.989380
1020 -2.288970 0.506940 -3.098250 33.937660 62.835720 40.521810
1021 0.563450 0.943810 1.567110 28.162170 86.490630 -57.754130
1022 2.514800 -1.411630 0.001350 -19.904630 128.170230 21.799820
1023 -2.337230 -1.028100 2.112860 -18.305740 68.271540 35.710970
1024 -1.706760 0.191950 2.226480 34.517460 70.808590 41.883400
1025 -0.434930 -1.335210 -0.530640 -20.387250 43.670240 13.048930
1026 -2.936500 0.987840 0.542150 -46.324280 65.994090 31.071420
1027 -2.751230 -0.825670 2.322050 -44.786460 35.076980 39.002990
1028 2.604310 -0.844850 1.784750 -48.557030 17.496940 19.094380
1029 -0.542160 0.430110 -2.686290 -11.396400 95.002030 7.754690
1030 -1.433600 0.167800 -0.682340 -27.205340 71.227270 67.758970
1031 1.586000 0.118410 -0.679530 7.064760 72.276600 -56.591820
1032 1.913160 0.013000 -1.908900 43.768960 84.344990 -19.217130
1033 -2.216230 -1.220400 0.240680 43.063010 97.483840 24.189720
1034 -2.089050 0.049120 2.625710 14.718570 33.145040 53.050270
1035 -2.714860 0.674570 -1.738830 63.380170 118.638020 49.063370
1036 -0.665590 0.548820 1.994010 59.437860 89.937550 3.453150
1037 -2.669990 1.009090 -1.298140 37.723650 135.091580 45.141490
1038 1.181310 1.307530 -2.645560 -37.443160 58.661640 -18.631680
1039 -1.724000 -0.114590 -1.557280 4.953510 85.870100 81.668250
1040 -1.851930 1.362940 1.000490 11.468230 -2.871930 9.883510
1041 -0.010750 0.911280 0.345320 58.721040 34.111610 7.231990
1042 0.631120 -0.581480 2.640670 46.668320 50.055520 -45.278040
1043 1.269810 0.164960 -2.049490 31.108070 35.896000 -39.353010
1044 -2.938300 1.159920 -2.981570 49.215360 46.036050 32.336970
1045 1.622600 0.581300 0.747020 10.676750 72.685780 -44.938760
1046 2.673530 0.583370 0.973610 -31.455450 85.782520 27.316190
1047 -2.948140 0.644140 0.238350 -38.324590 103.367120 50.346210
1048 2.843050 0.310580 -0.952090 77.962130 114.451420 9.228630
1049 -0.328040 0.819480 -2.687090 -32.042010 97.367600 -11.744240
1050 3.064420 -0.759180 -0.129010 26.658970 137.166530 20.414010
1051 -0.068010 1.081260 -1.232120 -15.669980 40.979640 12.166060
1052 1.014300 -0.786010 -0.378900 -28.820330 107.349920 -23.827490
1053 -1.521710 1.353340 0.458660 -45.072510 12.327630 2.641640
1054 0.955930 0.113010 -0.342880 13.043890 85.843620 -54.148380
1055 2.192540 -0.459460 -3.013130 42.315690 19.175470 17.321310
1056 -1.656980 -1.021490 -1.294210 15.715240 32.015150 65.097460
1057 2.176680 -0.413130 1.790730 -35.047970 5.064040 -0.795620
1058 -0.072590 -0.746460 1.554360 72.282970 55.881160 -26.332780
1059 0.123260 1.049700 -1.243050 -15.846060 40.792220 6.210180
1060 1.292090 -1.148270 -2.314970 50.170780 120.191540 -1.899000
1061 2.037880 -0.398560 1.161640 -51.124580 60.566770 -41.827530
1062 2.602500 0.988310 2.069850 -31.684960 5.815930 -12.965140
1063 2.852670 0.707520 1.593030 -57.898330 36.300400 -11.824300
1064 -2.648120 -0.832150 0.064200 52.461190 84.434200 64.906150
1065 2.113610 0.309800 1.615460 -38.971600 61.112810 -44.120680
1066 0.173110 0.778340 0.633660 36.307890 17.616140 -18.967890
1067 1.924280 0.196040 3.067370 -2.686520 27.413490 -46.439310
1068 0.828950 0.759770 -0.521330 33.890640 30.848240 -63.918080
1069 0.298160 -0.406190 2.924950 45.801320 95.345080 -46.063900
1070 2.549090 -0.521240 -1.126550 57.556380 71.793120 -5.120510
1071 -0.329370 0.618270 1.619950 51.057730 68.374470 -14.446230
1072 -2.292160 -0.174470 2.527030 22.913780 63.084400 83.011920
1073 2.205580 0.083050 2.510810 13.180150 31.667400 -24.541730
1074 0.596040 0.317830 2.826500 20.118220 94.888290 -66.788760
1075 -0.594550 1.116250 1.931090 47.091840 71.901460 -9.575290
1076 -1.309990 -0.080630 2.345540 25.247780 89.966740 67.304820
1077 -2.166940 -0.337710 -0.509920 34.062010 66.072250 41.647960
1078 0.015240 0.683760 2.829030 13.733510 137.115450 1.094530
1079 -2.574040 0.246410 -0.917940 35.523360 116.683490 69.218520
1080 1.097470 -0.151670 1.456550 10.716340 57.175580 -67.942500
1081 -1.640800 -0.110930 1.371810 21.202180 57.087490 41.253770
1082 -2.623650 0.048990 2.337940 10.611770 38.879360 79.230210
1083 2.001190 0.038480 -2.888790 10.031760 14.086010 -46.295450
1084 -2.570780 0.724710 0.496290 -35.050940 89.806560 26.166910
1085 -2.249030 -0.505330 1.629010 -22.149100 88.908070 62.827220
1086 2.385220 1.051050 -2.684920 25.430910 -14.504720 -8.090550
1087 -1.726080 0.701060 -1.718150 -22.446090 118.194500 39.111870
1088 -1.691210 0.056160 -2.151750 -24.164380 82.115780 64.361240
1089 -1.291210 0.179420 1.578350 51.468760 43.452620 70.817540
1090 0.063960 0.794080 -1.873260 -28.817400 39.684780 -14.339200
1091 -1.685970 0.819710 1.571540 14.238820 31.546770 33.103330
1092 0.189780 -0.178480 3.055520 15.082950 107.588260 -5.650310
1093 -1.267300 -1.045290 0.135050 32.627140 34.766090 22.196580
1094 0.071410 0.183000 1.141380 43.737960 13.769120 -18.426710
1095 -1.664860 0.612680 -2.380440 8.344790 118.543660 51.268810
1096 -1.797630 -0.273640 0.546900 6.144420 68.431170 75.137970
1097 -1.284000 -0.308010 1.044490 29.830350 29.621720 32.946500
1098 -1.806010 -1.188410 2.778970 -9.410360 74.013950 46.135390
1099 1.756210 0.686030 3.120400 -28.435230 36.628040 -39.902780
1100 2.828100 -0.585810 2.198300 -37.435400 41.878750 -2.081600
1101 0.976680 -1.453200 -0.038050 -63.495340 38.663440 15.465440
1102 -1.847970 0.126680 -0.948790 16.627770 73.552890 76.850560
1103 -3.113840 0.650150 -2.111970 52.145150 54.104600 3.445990
1104 -2.356730 -0.183510 -2.446600 7.928320 63.895450 78.650510
1105 0.630380 0.721800 -0.899040 34.143820 22.184780 -23.995550
1106 2.723170 0.604380 0.876020 -15.391520 108.220240 20.484500
1107 2.333580 0.135830 -0.981950 56.203370 127.269870 2.112630
1108 2.102240 0.645940 0.180980 7.234480 88.734460 -21.026930
1109 -2.767800 -0.356600 1.943160 -41.877060 37.247350 40.118220
1110 -0.710430 0.440580 -2.192670 -3.388460 122.367770 22.237160
1111 2.279800 -0.736090 2.541710 20.127530 -3.967590 -8.775240
1112 -2.879360 -0.308130 -0.990240 39.879120 75.564550 64.403340
1113 3.028820 -1.052680 -0.744920 60.211690 96.890380 -0.260150
1114 2.791530 -0.151670 2.772920 -3.873480 31.441350 25.493460
1115 -0.810660 0.174300 0.895100 59.119000 3.294920 12.814640
1116 1.392530 -1.290430 0.087250 -34.889360 67.020260 -20.945290
1117 2.892190 -1.257250 -2.140360 70.950170 5.068340 26.650410
1118 -1.668420 -0.103720 -2.793610 11.955550 114.146820 59.840960
1119 1.748070 -0.743170 1.405390 -33.939650 4.077210 -22.858790
1120 -1.328310 -0.753080 1.595620 66.300830 97.337340 67.652270
1121 -2.326290 -0.938400 1.937390 0.390440 115.210310 53.912300
1122 0.616180 -0.339600 0.887460 7.010440 50.302060 -31.044310
1123 -1.690960 0.239740 -2.654420 39.928490 79.736890 71.230720
1124 2.101500 -0.728500 2.752430 40.270540 26.366930 -14.607660
1125 -2.850070 0.887730 1.167780 -35.439900 37.542590 0.171200
1126 1.922820 1.020260 0.306330 29.234420 93.642880 -3.051320
1127 -1.403770 1.329510 2.794270 53.123990 97.818830 4.181720
1128 -1.096770 -0.401850 1.117800 40.306210 59.865880 29.819860
1129 0.753780 0.273730 -1.981820 -20.771980 84.398560 -34.089680
1130 2.427890 -1.015470 1.541260 -36.691180 24.526450 12.965930
1131 0.507130 0.653470 1.353470 22.069760 71.186340 -31.609860
1132 -2.875830 -0.244570 0.291900 -14.547180 91.385990 27.013530
1133 -1.918880 -1.363880 -0.634840 68.095690 47.195880 32.559520
1134 0.820240 0.900410 1.196030 35.024020 94.486820 -60.949440
1135 0.086540 -0.656940 0.264090 22.480580 -3.567060 -4.400600
1136 1.541380 0.554430 2.861440 12.714280 48.564500 -28.858040
1137 -2.926970 0.981160 1.307880 -62.276210 37.523700 8.801100
1138 -0.512740 0.582000 2.446960 69.865270 81.618910 13.724880
1139 -0.800990 -0.374480 1.987470 89.611150 87.672970 23.949520
1140 -2.101680 -0.999960 -2.390910 7.667600 42.819970 39.063940
1141 -2.035260 -0.990600 -2.321620 6.566930 40.007200 64.242110
1142 2.242300 0.147960 2.558950 -27.633730 18.231330 -35.036380
1143 2.108080 -0.209860 -2.261400 74.794780 36.890880 0.890000
1144 -2.491150 0.220120 -0.112530 -34.863410 91.827420 46.667910
1145 -0.065220 1.059530 0.613230 68.318320 51.410600 -23.245990
1146 -0.545160 -0.635300 1.780990 58.632720 74.885900 -5.492140
1147 0.748180 -0.317450 0.193790 -8.874710 18.599780 -54.603310
1148 -0.936200 0.855720 0.346040 6.829860 -13.276080 32.280430
1149 0.221760 0.239570 -2.859760 7.725270 86.342250 -13.895540
1150 -1.050520 -0.973840 -1.938380 -43.957550 39.176400 38.500340
1151 1.908810 0.049940 0.242290 10.886810 121.269390 -19.093000
1152 -3.112230 1.162940 1.817550 -29.405110 41.184060 -5.465040
1153 -2.024910 0.505700 2.053480 17.986300 26.746280 30.058930
1154 1.165040 1.121730 -1.096010 57.772960 39.424540 -45.922990
1155 0.388310 -0.967170 -1.885530 -10.510290 123.823410 20.625540
1156 1.821390 0.048810 0.210460 -28.615320 111.554810 -41.230990
1157 -0.601060 0.243720 -2.260420 -6.723880 87.458510 10.732650
1158 0.117380 -1.019070 -1.908650 -8.841640 86.650180 3.802540
1159 1.881450 0.937100 -1.294240 40.678470 34.195790 -38.511130
1160 -2.614400 0.549010 -0.484110 4.761000 135.709980 41.874610
1161 -2.043380 -1.160770 -0.795630 62.350070 10.162050 55.408760
1162 -0.624260 0.823550 -2.518560 -36.527920 119.629240 5.998530
1163 1.545900 0.484080 2.222990 1.211600 72.703460 -27.024310
1164 -1.108310 -0.291550 2.198700 66.881570 103.637210 59.471690
1165 1.215080 -1.199200 2.962340 61.598650 68.417140 13.878000
1166 1.385900 0.516160 1.117340 6.975480 95.272200 -16.890050
1167 -0.825430 -0.298910 3.081930 48.467680 126.841190 42.057570
1168 -2.344840 0.058820 -0.507150 -0.344880 64.269470 47.284440
1169 -2.186860 -0.273080 3.135420 5.345960 34.420100 51.756740
1170 -0.964460 -0.537820 -1.692150 -14.877130 64.723910 26.307860
1171 -0.022490 -0.096270 -1.531120 -21.770020 98.312090 -6.120330
1172 3.090000 0.057270 2.398870 -30.835400 18.927670 50.360350
1173 -2.225650 -0.414040 -2.262850 -7.729460 57.441220 62.438400
1174 -1.981720 0.360860 0.363790 -26.817500 70.151780 56.577050
1175 -1.775250 0.564760 -3.074750 43.633340 96.194480 32.971080
1176 0.700490 -0.511080 -0.708450 -30.592230 75.101970 -53.536610
1177 -0.071470 -1.345930 -2.285540 -29.742140 129.482730 2.103390
1178 -1.222730 0.583580 2.254460 80.113780 43.908310 22.618110
1179 2.447380 -0.790990 1.283420 -31.210620 67.306350 33.034330
1180 -0.216760 0.630450 -2.648210 -7.260870 90.222510 -14.960210
1181 1.893460 0.591730 2.533970 -22.431820 21.995430 -16.542840
1182 1.989690 0.878610 -1.887060 45.151630 36.421030 -45.789910
1183 -2.387310 -0.800660 -1.765760 9.452960 51.086620 54.133380
1184 -1.693840 -0.714960 -0.244390 25.888760 15.146000 42.575820
1185 -2.944630 -0.835170 0.754950 1.816720 126.767010 59.536480
1186 -3.040950 1.239650 -1.700300 55.938950 110.061490 22.367090
1187 1.491680 -1.151200 0.941470 -23.405450 15.446570 -15.217530
1188 -2.268370 0.852840 2.614710 38.519380 8.555180 18.348880
1189 0.046470 -0.274160 1.207980 32.030110 19.650170 -2.546560
1190 0.074790 -0.449360 0.059520 7.847470 29.396640 1.323820
1191 2.451470 0.171500 -1.740850 48.529690 76.156540 -8.482280
1192 -0.995180 -0.219220 -2.163590 -19.254130 109.818370 19.331420
1193 0.337190 0.857140 -2.235960 -40.545310 93.496860 -20.734760
1194 -1.762010 -0.742750 0.222730 33.860840 77.082720 64.336870
1195 0.264520 1.328270 -2.777090 -31.107670 68.467490 -31.966670
1196 2.411930 -0.178270 0.711630 -54.289790 89.611520 -21.283570
1197 -0.287950 -0.483840 0.231970 -7.209970 9.061520 25.151130
1198 -2.920110 -0.875450 -2.165890 38.262300 2.826370 57.093970
1199 -0.683410 0.525660 1.678090 73.754690 36.663660 27.008040
1200 2.366140 -0.971170 -0.447040 42.777350 110.063710 4.852910
1201 0.428430 -1.184840 1.792600 56.321980 0.696620 4.261200
1202 -0.841620 0.869090 -2.792600 12.120080 96.493110 9.962800
1203 0.467820 0.608090 2.004160 46.000410 113.073010 -15.459400
1204 -2.018580 -0.892310 -1.226870 49.072470 13.507300 48.881170
1205 -0.905760 0.837490 2.415730 85.828090 70.134770 22.757580
1206 1.478700 -0.680460 -2.694790 71.378620 42.812940 -29.548660
1207 2.890410 -0.374120 0.239050 25.406290 117.318660 23.030470
1208 1.962110 -0.192890 -1.070970 53.624570 118.788560 -7.897950
1209 0.967160 0.310660 0.985940 -3.929020 61.647170 -61.332540
1210 -2.743830 0.506700 -0.394940 18.452200 119.382280 60.744240
1211 -2.040320 -0.750650 -1.156650 -0.138210 25.195390 48.917020
1212 -0.967280 0.648080 2.946220 48.295670 136.282180 17.003250
1213 3.085030 -0.428430 1.042950 -56.947590 92.168390 33.026580
1214 0.820450 0.113790 -1.629950 -24.899280 75.072630 -51.655330
1215 1.941570 1.320740 1.920460 -30.603580 107.284800 -16.810390
1216 -0.594340 -0.966040 -1.632840 -39.538110 48.659040 33.282210
1217 1.678160 -0.093170 -1.434130 63.957350 96.703790 -28.668900
1218 1.986250 0.222220 -1.650640 56.749640 90.679350 -39.370750
1219 -2.087960 0.492480 -0.289780 -48.485760 89.556720 52.890060
1220 0.993630 -1.162080 -1.494120 -0.483870 95.760910 -0.239560
1221 0.589720 -0.348350 0.185760 -28.325480 24.524410 -54.798310
1222 -1.024340 0.223060 -2.007520 -39.223240 113.467100 21.374210
1223 -0.199120 -0.547570 -0.568150 -9.849310 36.484390 11.931710
1224 0.772120 -0.888700 -1.869410 8.073880 95.194720 -3.817730
1225 -0.520640 0.167540 2.178680 59.744510 114.713040 1.018920
1226 -1.668430 -0.966080 -0.738200 53.215600 22.432690 47.397980
1227 -0.518380 1.307970 0.809520 32.351550 39.201400 12.569020
1228 -3.000390 -0.052610 -0.000580 -7.178100 124.123550 30.558950
1229 0.285800 0.395780 0.247440 55.739840 32.120890 -13.850020
1230 -0.671080 0.848790 0.120140 -13.904480 24.626170 7.322650
1231 1.358170 -1.472990 0.826440 -12.019070 42.226280 -4.848300
1232 -2.593250 -0.676490 -1.111390 59.382590 84.070790 50.244330
1233 -0.889990 0.720900 0.176870 18.063190 -6.455810 14.149360
1234 1.942820 0.603740 2.577900 -12.765440 50.943040 -9.264690
1235 -2.802620 0.474170 0.848030 -19.902580 60.506870 25.999090
1236 2.668920 -0.652880 -2.858430 30.962700 11.885940 -11.379600
1237 1.378450 0.186110 -3.037030 30.050440 59.042300 -27.895200
1238 -1.946300 -0.999110 0.659650 73.210620 85.577060 62.837940
1239 -2.465340 -0.342320 -1.034870 56.296040 88.977660 59.319390
1240 -2.434110 -1.144910 -2.915200 -44.684230 46.028660 52.368670
1241 2.091420 -0.144830 0.445670 1.660840 85.200410 -12.228680
1242 -1.252810 0.328620 -2.782780 10.035990 97.067260 20.805130
1243 1.867770 -1.315130 -1.668690 30.457470 98.408920 13.264280
1244 -1.669150 0.091350 0.315530 35.272900 52.529420 57.824120
1245 -0.545250 -0.771030 -2.465850 -8.219030 137.128970 35.797760
1246 -1.459240 -0.494980 -0.166740 -5.206840 22.670290 39.139110
1247 -2.309910 -0.246850 2.950250 24.580230 29.685290 63.714040
1248 -3.116660 -0.855810 -0.303620 35.200730 132.539610 33.114300
1249 -1.268550 -0.812080 2.810120 -3.690520 115.129080 19.657100
1250 1.391270 -0.765680 1.348640 -34.089060 31.736120 -15.237370
1251 1.701490 -1.107480 -2.360730 76.858520 95.162890 -18.738680
1252 0.240400 -0.239290 0.182090 -14.273430 26.820720 -40.029970
1253 1.862250 -0.213800 2.507510 2.361060 45.059940 -15.528220
1254 0.201490 -0.077890 -1.913680 -14.188710 74.631180 -38.420430
1255 -1.683330 0.291600 -1.953470 25.043250 107.241500 66.946400
1256 -2.463690 0.474680 2.508110 22.578450 44.398980 71.601520
1257 -2.417080 -0.230260 -1.519480 21.976880 46.529990 39.427720
1258 2.261810 -0.352880 1.919100 -35.997960 19.256650 16.837260
1259 1.331290 0.056320 -2.152710 17.436750 33.894490 -56.202200
1260 -0.730300 -0.024670 -0.706260 -35.781910 55.566330 32.794040
1261 2.724700 1.101350 0.646690 -35.574210 101.332280 -25.373390
1262 2.325370 0.321110 0.009360 2.412530 143.082340 -2.519040
1263 2.689370 0.656430 -1.612030 52.560940 78.615550 18.399010
1264 -2.830850 -0.674550 -0.614230 67.746160 64.717360 36.673050
1265 -1.903700 -0.165990 -1.834320 27.941150 56.809090 68.511640
1266 1.907480 1.472170 1.922310 -23.108550 62.612810 -10.371660
1267 1.092180 -0.265380 -0.062640 -18.993370 43.911060 -60.220880
1268 -2.482180 -0.072920 -2.944190 33.014650 19.604250 56.445520
1269 2.339870 -1.089350 2.058080 -46.935520 23.593050 -10.619830
1270 1.663940 0.189230 -1.686890 68.418610 78.044860 -52.411300
1271 1.874420 0.688410 -2.443020 26.073130 41.067820 -46.200500
1272 2.627210 0.357720 1.070580 -25.614160 107.046870 16.444900
1273 0.332540 0.029510 -2.427910 0.326210 99.996250 -55.252940
1274 0.054630 -0.755600 -0.763330 -64.053570 62.350190 -6.380550
1275 1.512470 -0.091310 -0.102450 -19.669340 68.524760 -48.659090
1276 -2.812490 0.587250 -2.682790 62.114790 16.374240 39.209370
1277 0.929060 0.533380 -1.987520 -18.316950 55.610280 -63.533420
1278 -1.379940 -0.020390 0.083870 23.519000 49.053130 64.335490
1279 1.459880 -0.781980 1.793000 3.249700 37.499980 -2.967140
1280 -0.793940 1.234670 -1.889080 -46.823390 78.229570 -1.340850
1281 1.730070 1.115260 -3.042040 -5.168460 16.517110 -4.225010
1282 1.912690 -0.389390 0.371100 -34.706000 111.576420 -3.515300
1283 -1.768540 0.065130 -2.467160 -7.887610 80.223060 48.554820
1284 -0.686100 0.565220 -0.079240 -3.035120 12.610440 42.229620
1285 2.348530 0.912470 1.999830 -36.198950 29.345710 0.582020
1286 -2.182790 -0.432620 -2.334910 -0.385970 50.201060 87.448390
1287 -2.407460 -1.400680 -2.479230 -40.485050 11.613060 18.653090
1288 -0.848970 0.267000 1.889380 74.270810 54.025010 45.600660
1289 -0.137020 0.836360 -2.600840 -26.867380 128.289640 2.663350
1290 0.363130 0.347280 -2.759970 -37.980320 95.368640 -36.218700
1291 0.415000 -1.303670 2.745630 82.598880 61.286280 -2.194540
1292 1.467540 -0.868650 -2.614370 39.467350 50.875030 -15.364350
1293 -1.014720 0.161020 1.898620 84.042020 38.538190 36.340660
1294 1.153940 -0.148650 -0.851140 6.061790 50.959380 -45.631360
1295 -0.428860 1.262580 2.155640 58.526520 121.226440 -1.790250
1296 0.025950 -0.826080 0.754120 -2.022770 8.610570 0.033190
1297 -0.377210 0.794960 2.820890 6.933300 121.443430 6.067690
1298 -1.484360 -0.705670 0.843600 69.298840 45.118010 49.657140
1299 2.437520 -0.126320 1.706580 -19.241070 63.636810 -15.019660
1300 -2.403050 0.211380 3.117440 0.801020 41.176000 61.818870
1301 2.469390 0.427870 1.948920 -56.510190 31.523230 -24.172870
1302 2.504860 0.672550 0.805680 -46.626710 121.161640 2.671160
1303 1.234400 -0.270320 -2.160130 7.123070 75.781800 -54.819900
1304 1.621020 0.708210 -2.363510 29.869410 4.764910 -44.298920
1305 -2.124890 1.262370 -0.241920 -43.244160 69.955830 -14.491740
1306 -0.047790 -0.251920 1.442220 53.160870 10.050850 -14.640640
1307 2.744330 0.785870 -2.447180 78.457020 47.767750 8.593760
1308 -0.726850 -1.249900 2.462370 26.807610 131.025860 37.026570
1309 3.099070 -0.091480 1.035840 -53.379960 95.483410 24.570410
1310 -2.345550 -0.142030 -1.264830 53.043140 59.565230 72.097240
1311 2.542140 -0.717730 0.391940 -11.171480 112.799000 -16.418120
1312 -0.992760 -0.389570 0.221880 33.133180 41.086770 48.281990
1313 0.194160 0.696010 2.380900 16.055250 108.384900 -0.615650
1314 0.583020 -0.715160 -2.498610 6.182410 124.530460 -22.801720
1315 2.238760 -1.177850 0.946340 -45.054140 59.305710 34.552540
1316 -3.140410 -0.363960 -1.439310 46.853910 82.827060 60.808840
1317 1.508970 0.326850 -1.100970 32.721300 60.602660 -18.819890
1318 -1.814710 1.193610 0.810610 -29.289850 16.549350 -1.684730
1319 1.446990 0.384900 -2.427050 15.288940 67.864740 -49.917230
1320 1.947250 1.495970 0.642920 31.806740 98.782490 3.782030
1321 -0.756410 -0.164520 2.906650 45.442870 94.044110 35.690960
1322 0.265340 -0.742300 -0.663300 -26.585910 68.071750 4.683910
1323 -1.159060 -0.330980 0.697810 45.741510 1.067640 46.237900
1324 0.515300 0.661560 -2.107670 -45.519650 73.639020 -21.989210
1325 0.295430 1.013340 0.858530 88.587280 70.622490 -22.714880
1326 -0.416110 -0.476200 -1.023750 -58.136950 50.607540 -5.657480
1327 -1.483490 -1.002790 1.348050 48.025810 80.463070 71.587380
1328 0.544260 -0.686860 -2.755700 67.845180 117.273700 -25.912400
1329 0.981750 -0.219890 0.208740 10.333100 31.558390 -48.776700
1330 -3.083880 0.169170 2.391130 0.451180 8.004940 16.577600
1331 -1.531470 0.164070 -2.268080 27.991810 111.994450 45.961890
1332 -1.598860 -0.048510 -0.929040 -28.811570 38.420870 48.534330
1333 -1.992220 -0.318930 -0.768690 3.770730 52.889480 43.045110
1334 -0.697080 0.366890 1.528880 68.051640 29.935760 -10.830880
1335 3.098640 -0.919020 2.808520 -34.732640 13.104990 3.260460
1336 0.407370 0.597250 -1.495740 2.031640 60.138370 -33.486790
1337 2.205680 0.731930 0.308890 -29.028620 110.606640 -24.475470
1338 -0.359270 -0.666080 -2.834190 -5.333660 96.137340 4.122490
1339 -2.048170 0.481320 -1.712690 39.968460 81.611450 64.039790
1340 -0.518910 -0.165980 1.197860 89.233220 41.837880 20.726640
1341 2.876380 0.859730 1.007750 -43.617640 72.531180 28.943250
1342 -1.526660 -0.013790 1.107080 31.027840 10.096670 47.187680
1343 2.044420 -0.067360 -1.652810 34.861530 75.210720 -22.645270
1344 2.316610 -0.424790 1.154910 -16.320160 65.343370 -4.758820
1345 1.427400 -0.066000 2.765250 26.449040 69.465050 -49.756320
1346 -3.064560 -1.040260 1.062660 -31.808790 121.915860 17.743430
1347 -2.751490 1.380730 -0.662740 16.921310 127.589310 33.896800
1348 -2.946840 0.946160 -2.176360 70.323650 97.382090 23.727690
1349 1.955370 -1.532260 -2.559730 66.827250 66.294030 38.726920
1350 2.858320 0.426130 -2.761510 20.535150 19.965510 7.698190
1351 -0.070650 0.221630 -2.104160 -29.079160 123.319860 -8.330940
1352 -1.776900 0.041680 0.302290 -11.285830 18.396370 61.150010
1353 -1.911780 -0.412760 1.039390 30.336480 86.665940 40.524830
1354 0.677300 0.644730 -1.040770 -11.776610 47.012270 -55.664300
1355 0.242100 0.370790 1.930800 77.767850 83.551330 -31.454020
1356 -1.376110 -0.503400 1.572530 29.559980 66.411000 33.475360
1357 -1.613600 0.736700 2.801410 91.463320 80.771330 29.061180
1358 1.882750 1.190040 1.861250 -11.267240 92.525730 -22.742640
1359 -1.358070 0.262480 -0.927430 -9.421780 47.161870 38.333370
1360 -1.908090 0.995490 -1.713800 34.425940 114.423290 47.508520
1361 -2.168490 0.280460 -2.582250 24.572360 91.040890 66.896900
1362 2.027360 -0.945710 2.850270 44.729510 20.810720 23.975590
1363 -2.496340 0.139250 2.365030 -16.758640 52.548610 55.357350
1364 2.106830 -0.555920 -2.705270 30.131110 33.437050 -27.913750
1365 0.883390 -0.187560 2.621500 28.533110 77.259930 -65.005410
1366 -1.955600 -0.045450 1.164730 33.481960 36.772860 78.094580
1367 -2.169640 0.709290 0.195040 -40.946870 78.327240 28.259490
1368 1.132960 0.096860 -1.908100 33.578990 53.949380 -41.421630
1369 2.286620 -0.504670 2.140340 -21.061700 -4.993770 14.696280
1370 1.709840 -0.210270 -2.725540 70.178850 26.554940 -23.703540
1371 1.262730 -0.505160 -1.520970 40.696850 89.154010 -31.499180
1372 3.002230 -0.615890 -1.241020 39.886920 81.939770 22.064920
1373 1.186290 0.823950 -2.914420 -20.774490 27.765260 -57.400480
1374 1.371400 -0.104480 -2.968930 50.591760 29.593600 -47.202940
1375 -2.213580 0.800970 -0.472200 -49.962510 75.507260 40.040000
1376 2.326590 1.107120 2.949410 9.036680 -6.874270 -6.137370
1377 0.500360 -0.054330 2.172100 44.065800 72.275160 -61.421170
1378 -0.144640 -0.071920 0.542590 42.098140 0.582610 10.680790
1379 -2.548830 -0.309210 -3.134610 -0.204560 55.196020 74.445050
1380 -0.967330 0.247860 2.538240 77.215010 105.242170 47.502530
1381 -3.058000 0.698180 0.978010 -51.732110 87.769340 16.753960
1382 0.320170 -0.205510 0.700450 20.171380 38.354870 -42.461370
1383 -2.654790 0.197250 0.895430 -35.469050 95.044180 57.854730
1384 0.439670 1.143100 0.675240 36.434320 53.438550 -12.128330
1385 -0.423190 -1.311300 -3.075130 42.084550 125.259080 22.102820
1386 -0.773710 0.130150 3.050870 49.829170 98.793150 29.897020
1387 -2.149350 -1.265390 2.417770 -21.138870 121.596530 37.242060
1388 0.083590 -0.239860 -2.667070 -18.564790 118.351540 -32.291720
1389 0.530220 0.638740 0.546680 61.642290 28.281350 -38.386700
1390 2.578140 -0.683270 1.102030 -20.335630 77.992940 21.018610
1391 0.390550 1.201200 -1.522920 1.748430 19.142100 -21.675360
1392 0.174060 0.345610 0.316830 21.536420 43.327940 -10.772580
1393 -1.601080 -0.570020 0.495680 51.147310 51.244640 34.196060
1394 -0.521100 -0.163080 -1.537500 -63.084600 56.093330 -6.571690
1395 3.115240 -1.022590 -2.077740 68.590270 32.998310 54.014020
1396 2.893730 0.726130 -0.012350 -23.233620 121.119900 -10.335930
1397 -2.001600 -0.151240 2.647700 22.425980 92.506210 62.182610
1398 1.339420 0.251420 1.548790 20.613370 55.985310 -51.797420
1399 -1.385950 -0.389470 2.386890 42.894070 76.942950 73.856480
1400 0.771350 -0.549650 1.632940 17.991720 40.752900 -48.468910
1401 1.691010 0.903490 2.778720 -46.657380 22.438150 -28.577010
1402 2.169780 -0.556410 -1.510990 69.423590 112.452510 16.366210
1403 -2.124560 0.325350 1.607150 26.917270 46.640890 41.495020
1404 -1.419020 -0.128320 0.843630 25.785740 9.155570 62.766490
1405 -1.783340 -0.837160 2.229890 19.433430 119.515890 42.608970
1406 -1.718430 0.727300 -1.894540 29.423130 115.194160 28.807460
1407 1.058510 -0.297080 -1.618360 34.371580 83.605950 -46.147880
1408 0.577150 -0.724040 1.067970 12.669530 12.190240 -49.667380
1409 -3.058780 0.351360 -0.394580 -2.348980 137.406310 22.463880
1410 2.114190 -0.011190 -2.438540 60.072010 30.556300 2.183340
1411 1.388460 0.520610 -0.904670 55.311780 82.544610 -46.850000
1412 2.065980 -1.055090 -0.545250 27.972370 113.893680 10.700940
1413 1.656360 -0.371510 -3.084660 14.784110 48.171680 -38.546050
1414 -0.448060 -0.377490 2.982730 54.567050 106.760760 -1.507240
1415 3.022780 0.538510 0.231770 -31.584380 85.216160 13.475220
1416 2.767160 -0.719120 -0.200260 14.034840 112.648050 -7.921980
1417 -3.132720 -1.042140 0.625710 -5.003450 136.774700 52.269520
1418 0.212640 0.222880 1.334770 65.728380 27.705690 -21.729850
1419 -2.557590 -0.207830 -1.829710 43.620840 84.598560 77.972820
1420 -1.347720 0.258770 -2.994320 21.086410 126.303320 64.288510
1421 -1.974470 0.610610 -1.088380 6.576990 121.287390 53.557430
1422 1.209010 -0.616130 -1.826700 14.544920 85.197200 -58.375310
1423 0.229900 0.185250 -0.165580 3.965590 43.095650 -13.532880
1424 -2.065400 -0.348980 -1.215920 21.316650 57.205170 43.253810
1425 -2.322840 1.245830 2.226170 43.834970 37.509460 17.130330
1426 0.252950 -1.064170 -1.710840 -44.131330 109.757510 -19.310080
1427 -0.849560 1.061740 -0.796010 -34.688630 24.757120 -3.593620
1428 -1.928180 -0.491780 1.983720 33.780420 98.808750 65.390340
1429 0.661380 1.302280 -2.043930 -28.971950 51.514020 10.186660
1430 1.397740 -0.328280 1.572430 -16.181150 51.144290 -21.265550
1431 -1.698770 0.122700 -0.793320 16.881260 62.406820 51.221630
